1654618298.5877512 -0.14209747314453125 0.7486038208007812 0.0 0.0 0.0 0.007062883581966162 0.9999750852584839
1654618298.6880045 -0.11975860595703125 0.7369880676269531 0.0 0.0 0.0 0.005759235937148333 0.9999834299087524
1654618298.7882204 -0.14513778686523438 0.7430419921875 0.0 0.0 0.0 0.009989747777581215 0.999950110912323
1654618298.8883514 -0.14406204223632812 0.748443603515625 0.0 0.0 0.0 0.008513817563652992 0.9999637603759766
1654618298.9883835 -0.14931488037109375 0.7403450012207031 0.0 0.0 0.0 0.00867296289652586 0.9999623894691467
1654618299.0883381 -0.13474273681640625 0.74859619140625 0.0 0.0 0.0 0.01005781814455986 0.9999493956565857
1654618299.1882117 -0.11444473266601562 0.7418899536132812 0.0 0.0 0.0 0.010374666191637516 0.9999461770057678
1654618299.288021 -0.09633255004882812 0.72857666015625 0.0 0.0 0.0 0.012292832136154175 0.9999244213104248
1654618299.3878155 -0.061588287353515625 0.7462692260742188 0.0 0.0 0.0 0.011692801490426064 0.9999316334724426
1654618299.487634 -0.053951263427734375 0.7758903503417969 0.0 0.0 0.0 0.013003752566874027 0.9999154210090637
1654618299.5873795 -0.00431060791015625 0.7601242065429688 0.0 0.0 0.0 0.01645026169717312 0.9998646974563599
1654618299.687088 0.057140350341796875 0.7326126098632812 0.0 0.0 0.0 0.022135721519589424 0.9997549653053284
1654618299.7869911 0.11053466796875 0.7203178405761719 0.0 0.0 0.0 0.025571158155798912 0.9996730089187622
1654618299.886966 0.14008331298828125 0.7198715209960938 0.0 0.0 0.0 0.03038031794130802 0.9995384216308594
1654618299.9869196 0.18202972412109375 0.7224922180175781 0.0 0.0 0.0 0.04179034009575844 0.9991263747215271
1654618300.0869977 0.22259521484375 0.7387199401855469 0.0 0.0 0.0 0.05337488278746605 0.9985745549201965
1654618300.1871521 0.25366973876953125 0.7332839965820312 0.0 0.0 0.0 0.06215870380401611 0.9980663061141968
1654618300.2875602 0.29996490478515625 0.7288894653320312 0.0 0.0 0.0 0.06426481157541275 0.9979328513145447
1654618300.3881207 0.338775634765625 0.735443115234375 0.0 0.0 0.0 0.05742805078625679 0.998349666595459
1654618300.488729 0.378753662109375 0.7403755187988281 0.0 0.0 0.0 0.043783120810985565 0.9990410804748535
1654618300.5892174 0.41266632080078125 0.7441177368164062 0.0 0.0 0.0 0.030845824629068375 0.9995241761207581
1654618300.689238 0.4847412109375 0.7455558776855469 0.0 0.0 0.0 0.022149821743369102 0.9997546672821045
1654618300.7890131 0.5353775024414062 0.738525390625 0.0 0.0 0.0 0.015360779128968716 0.9998820424079895
1654618300.8887875 0.5823783874511719 0.7441329956054688 0.0 0.0 0.0 0.009046834893524647 0.9999590516090393
1654618300.9883966 0.6465682983398438 0.7491073608398438 0.0 0.0 0.0 0.00021701064542867243 1.0
1654618301.0879273 0.7077865600585938 0.7483406066894531 0.0 0.0 0.0 -0.0021108691580593586 0.9999977946281433
1654618301.1875014 0.7622566223144531 0.7540512084960938 0.0 0.0 0.0 -0.009376777336001396 0.9999560117721558
1654618301.2871754 0.8168449401855469 0.74493408203125 0.0 0.0 0.0 -0.00978350080549717 0.9999521374702454
1654618301.3868794 0.8834228515625 0.7382888793945312 0.0 0.0 0.0 -0.009547954425215721 0.9999544024467468
1654618301.4866648 0.9419670104980469 0.7364578247070312 0.0 0.0 0.0 -0.010039311833679676 0.9999496340751648
1654618301.5865421 1.0073127746582031 0.7349853515625 0.0 0.0 0.0 -0.005328542552888393 0.9999858140945435
1654618301.6864822 1.0799331665039062 0.7297897338867188 0.0 0.0 0.0 0.0006741483812220395 0.9999997615814209
1654618301.7865553 1.1476020812988281 0.72332763671875 0.0 0.0 0.0 0.0062263053841888905 0.999980628490448
1654618301.8867095 1.2099533081054688 0.7154159545898438 0.0 0.0 0.0 0.010332155972719193 0.9999465942382812
1654618301.9869094 1.2897567749023438 0.7227363586425781 0.0 0.0 0.0 0.02128620445728302 0.9997734427452087
1654618302.087156 1.3525810241699219 0.7237663269042969 0.0 0.0 0.0 0.027312926948070526 0.9996269345283508
1654618302.1874325 1.4234542846679688 0.7150764465332031 0.0 0.0 0.0 0.030500100925564766 0.9995347857475281
1654618302.287714 1.4895515441894531 0.7208786010742188 0.0 0.0 0.0 0.034676484763622284 0.9993985891342163
1654618302.38794 1.5669059753417969 0.7170219421386719 0.0 0.0 0.0 0.03780883178114891 0.9992849826812744
1654618302.488136 1.6459541320800781 0.7122573852539062 0.0 0.0 0.0 0.03866833820939064 0.9992520809173584
1654618302.588307 1.7328605651855469 0.7273635864257812 0.0 0.0 0.0 0.03915046155452728 0.9992333054542542
1654618302.6884198 1.8353080749511719 0.7290573120117188 0.0 0.0 0.0 0.03643433377146721 0.9993360638618469
1654618302.7884648 1.8860855102539062 0.7318801879882812 0.0 0.0 0.0 0.03374283388257027 0.9994305372238159
1654618302.888421 1.9820938110351562 0.73114013671875 0.0 0.0 0.0 0.0338643416762352 0.9994264245033264
1654618302.9883301 2.064617156982422 0.7347183227539062 0.0 0.0 0.0 0.034658871591091156 0.9993991851806641
1654618303.0881839 2.1516189575195312 0.7365188598632812 0.0 0.0 0.0 0.03381289541721344 0.9994281530380249
1654618303.1879973 2.225391387939453 0.7349357604980469 0.0 0.0 0.0 0.03612872585654259 0.9993471503257751
1654618303.2877996 2.2991104125976562 0.7380867004394531 0.0 0.0 0.0 0.03743662312626839 0.9992989897727966
1654618303.3876128 2.374114990234375 0.7327690124511719 0.0 0.0 0.0 0.04064761474728584 0.9991735219955444
1654618303.4874246 2.445068359375 0.74053955078125 0.0 0.0 0.0 0.04551496356725693 0.9989636540412903
1654618303.587269 2.521350860595703 0.7443733215332031 0.0 0.0 0.0 0.05183728039264679 0.9986555576324463
1654618303.6871605 2.5939712524414062 0.7448806762695312 0.0 0.0 0.0 0.057606734335422516 0.9983393549919128
1654618303.7871344 2.672222137451172 0.7543754577636719 0.0 0.0 0.0 0.06363248080015182 0.9979733824729919
1654618303.887179 2.7465744018554688 0.757598876953125 0.0 0.0 0.0 0.06966172903776169 0.9975706934928894
1654618303.9873033 2.81927490234375 0.7588081359863281 0.0 0.0 0.0 0.07534685730934143 0.9971573948860168
1654618304.0873926 2.893951416015625 0.7613334655761719 0.0 0.0 0.0 0.08099836111068726 0.9967142343521118
1654618304.1875226 2.954792022705078 0.765625 0.0 0.0 0.0 0.0850067287683487 0.9963803887367249
1654618304.287652 3.024120330810547 0.7725639343261719 0.0 0.0 0.0 0.08891838788986206 0.9960389137268066
1654618304.3876925 3.08978271484375 0.7881965637207031 0.0 0.0 0.0 0.09559054672718048 0.9954207539558411
1654618304.4876106 3.1547775268554688 0.7853164672851562 0.0 0.0 0.0 0.10408835858106613 0.9945680499076843
1654618304.5875103 3.213001251220703 0.790496826171875 0.0 0.0 0.0 0.11524955928325653 0.99333655834198
1654618304.6873047 3.263103485107422 0.8066024780273438 0.0 0.0 0.0 0.12965567409992218 0.9915590882301331
1654618304.7870293 3.311176300048828 0.8145866394042969 0.0 0.0 0.0 0.1477932184934616 0.9890182614326477
1654618304.8867934 3.3572998046875 0.8267593383789062 0.0 0.0 0.0 0.1682273894548416 0.9857482314109802
1654618304.986594 3.399993896484375 0.845489501953125 0.0 0.0 0.0 0.1897062212228775 0.9818409085273743
1654618305.0864706 3.4388046264648438 0.8466682434082031 0.0 0.0 0.0 0.2136411964893341 0.9769122004508972
1654618305.1864243 3.4728317260742188 0.8528823852539062 0.0 0.0 0.0 0.23994240164756775 0.9707871079444885
1654618305.286427 3.502399444580078 0.8505058288574219 0.0 0.0 0.0 0.2666827142238617 0.963784396648407
1654618305.386498 3.5279617309570312 0.8473892211914062 0.0 0.0 0.0 0.29461702704429626 0.9556154012680054
1654618305.486667 3.553131103515625 0.8532180786132812 0.0 0.0 0.0 0.3215406537055969 0.9468957781791687
1654618305.5867937 3.583057403564453 0.8641357421875 0.0 0.0 0.0 0.35242265462875366 0.9358409643173218
1654618305.6868818 3.5986557006835938 0.86932373046875 0.0 0.0 0.0 0.3820376992225647 0.9241467118263245
1654618305.7869983 3.6241683959960938 0.8701248168945312 0.0 0.0 0.0 0.4161887466907501 0.9092782735824585
1654618305.8870525 3.641918182373047 0.8746528625488281 0.0 0.0 0.0 0.4485427141189575 0.893761396408081
1654618305.9871542 3.658710479736328 0.8917007446289062 0.0 0.0 0.0 0.4795359671115875 0.8775222301483154
1654618306.0873203 3.666149139404297 0.9038276672363281 0.0 0.0 0.0 0.5082497596740723 0.8612096905708313
1654618306.187526 3.688343048095703 0.9108200073242188 0.0 0.0 0.0 0.5343925952911377 0.8452364206314087
1654618306.2877338 3.714527130126953 0.9238967895507812 0.0 0.0 0.0 0.560174822807312 0.8283743858337402
1654618306.387938 3.734882354736328 0.9379043579101562 0.0 0.0 0.0 0.5832845568656921 0.8122678995132446
1654618306.4880402 3.756011962890625 0.9535942077636719 0.0 0.0 0.0 0.6053899526596069 0.7959290146827698
1654618306.5881574 3.767070770263672 0.9681205749511719 0.0 0.0 0.0 0.623981773853302 0.7814388871192932
1654618306.6882277 3.7500686645507812 1.0031013488769531 0.0 0.0 0.0 0.6386073231697083 0.7695327401161194
1654618306.788371 3.763111114501953 1.0286636352539062 0.0 0.0 0.0 0.6523681282997131 0.757902204990387
1654618306.8885424 3.7741165161132812 1.0617599487304688 0.0 0.0 0.0 0.6631121039390564 0.7485200762748718
1654618306.9885967 3.797954559326172 1.0984878540039062 0.0 0.0 0.0 0.6741961240768433 0.7385523319244385
1654618307.088601 3.8068618774414062 1.146636962890625 0.0 0.0 0.0 0.6814318299293518 0.7318815588951111
1654618307.1885712 3.806396484375 1.2119941711425781 0.0 0.0 0.0 0.6861367225646973 0.7274726033210754
1654618307.2885008 3.8245468139648438 1.2547187805175781 0.0 0.0 0.0 0.6897075176239014 0.7240880727767944
1654618307.388427 3.829345703125 1.309967041015625 0.0 0.0 0.0 0.6927939653396606 0.7211355566978455
1654618307.4883766 3.8393325805664062 1.3845138549804688 0.0 0.0 0.0 0.6948825716972351 0.7191232442855835
1654618307.5883083 3.8389892578125 1.4585647583007812 0.0 0.0 0.0 0.6921080350875854 0.7217938899993896
1654618307.6882246 3.84454345703125 1.5355300903320312 0.0 0.0 0.0 0.6911227703094482 0.7227373719215393
1654618307.7880852 3.85107421875 1.5858535766601562 0.0 0.0 0.0 0.6899883151054382 0.7238205075263977
1654618307.8879328 3.8677902221679688 1.66729736328125 0.0 0.0 0.0 0.6920900344848633 0.7218111753463745
1654618307.9877615 3.8739700317382812 1.7374343872070312 0.0 0.0 0.0 0.6911817193031311 0.7226809859275818
1654618308.0875506 3.878284454345703 1.7913131713867188 0.0 0.0 0.0 0.6936668753623962 0.7202959656715393
1654618308.1873853 3.8823318481445312 1.856781005859375 0.0 0.0 0.0 0.6955514550209045 0.7184762954711914
1654618308.2871957 3.879283905029297 1.9194412231445312 0.0 0.0 0.0 0.700663685798645 0.713491678237915
1654618308.3870516 3.8916854858398438 1.9755859375 0.0 0.0 0.0 0.7061039209365845 0.7081082463264465
1654618308.4869258 3.895111083984375 2.0334701538085938 0.0 0.0 0.0 0.7142497897148132 0.6998908519744873
1654618308.5868309 3.910999298095703 2.087005615234375 0.0 0.0 0.0 0.7246624231338501 0.6891040205955505
1654618308.6867151 3.9176559448242188 2.140064239501953 0.0 0.0 0.0 0.7367070317268372 0.6762120723724365
1654618308.7866287 3.9256668090820312 2.19482421875 0.0 0.0 0.0 0.7501429915428162 0.6612756848335266
1654618308.8866262 3.927082061767578 2.238872528076172 0.0 0.0 0.0 0.7644321322441101 0.6447042226791382
1654618308.9867241 3.930675506591797 2.2904281616210938 0.0 0.0 0.0 0.7768949866294861 0.6296301484107971
1654618309.0868459 3.9227066040039062 2.336883544921875 0.0 0.0 0.0 0.7924162745475769 0.6099807024002075
1654618309.186937 3.9288711547851562 2.370494842529297 0.0 0.0 0.0 0.8055905103683472 0.5924727320671082
1654618309.2869937 3.923877716064453 2.4192886352539062 0.0 0.0 0.0 0.8226890563964844 0.5684915781021118
1654618309.387078 3.9203414916992188 2.453563690185547 0.0 0.0 0.0 0.8376345634460449 0.5462310910224915
1654618309.4871964 3.9251022338867188 2.488170623779297 0.0 0.0 0.0 0.8513350486755371 0.5246223211288452
1654618309.587292 3.920166015625 2.5159072875976562 0.0 0.0 0.0 0.8656232953071594 0.5006958246231079
1654618309.6873379 3.907459259033203 2.536853790283203 0.0 0.0 0.0 0.8789550065994263 0.4769046902656555
1654618309.7873614 3.895702362060547 2.577301025390625 0.0 0.0 0.0 0.893243134021759 0.44957393407821655
1654618309.8872957 3.8993453979492188 2.6070175170898438 0.0 0.0 0.0 0.9078758358955383 0.4192391633987427
1654618309.98724 3.8823928833007812 2.6182785034179688 0.0 0.0 0.0 0.9199430346488953 0.3920520842075348
1654618310.0872223 3.8855361938476562 2.645885467529297 0.0 0.0 0.0 0.9322774410247803 0.36174410581588745
1654618310.1872075 3.8752059936523438 2.6596298217773438 0.0 0.0 0.0 0.9426199197769165 0.3338678181171417
1654618310.2872317 3.8697509765625 2.6969528198242188 0.0 0.0 0.0 0.9536539316177368 0.30090567469596863
1654618310.387289 3.856273651123047 2.705902099609375 0.0 0.0 0.0 0.9616142511367798 0.27440497279167175
1654618310.4874349 3.836650848388672 2.738567352294922 0.0 0.0 0.0 0.9690287709236145 0.2469477653503418
1654618310.5876307 3.8336563110351562 2.7622299194335938 0.0 0.0 0.0 0.9745238423347473 0.22428402304649353
1654618310.6878235 3.7852706909179688 2.784893035888672 0.0 0.0 0.0 0.979530394077301 0.20129619538784027
1654618310.7880182 3.7530136108398438 2.8024063110351562 0.0 0.0 0.0 0.9832300543785095 0.18236960470676422
1654618310.8882914 3.718151092529297 2.826873779296875 0.0 0.0 0.0 0.9860554337501526 0.16641727089881897
1654618310.988525 3.6679916381835938 2.843353271484375 0.0 0.0 0.0 0.9881824254989624 0.15328258275985718
1654618311.088723 3.627532958984375 2.865264892578125 0.0 0.0 0.0 0.9902576208114624 0.1392475962638855
1654618311.1888244 3.580059051513672 2.882152557373047 0.0 0.0 0.0 0.9922938942909241 0.12390654534101486
1654618311.2889109 3.534881591796875 2.899341583251953 0.0 0.0 0.0 0.9937933087348938 0.11124231666326523
1654618311.3889756 3.4918212890625 2.920360565185547 0.0 0.0 0.0 0.9951316714286804 0.09855430573225021
1654618311.4889975 3.436534881591797 2.936840057373047 0.0 0.0 0.0 0.9963670969009399 0.08516243100166321
1654618311.5889878 3.380340576171875 2.9513778686523438 0.0 0.0 0.0 0.9974275231361389 0.07168203592300415
1654618311.6889205 3.312408447265625 2.965496063232422 0.0 0.0 0.0 0.9982978701591492 0.05832110345363617
1654618311.7888606 3.2416000366210938 2.982227325439453 0.0 0.0 0.0 0.9988139271736145 0.048690684139728546
1654618311.888827 3.1696243286132812 2.9990768432617188 0.0 0.0 0.0 0.9992535710334778 0.03863083943724632
1654618311.9887493 3.096691131591797 3.0044174194335938 0.0 0.0 0.0 0.9995337724685669 0.030533410608768463
1654618312.0886722 3.029216766357422 3.005931854248047 0.0 0.0 0.0 0.999759316444397 0.02193973772227764
1654618312.1885424 2.9640884399414062 3.020732879638672 0.0 0.0 0.0 0.9998920559883118 0.014691615477204323
1654618312.288435 2.897693634033203 3.0314559936523438 0.0 0.0 0.0 0.9999709129333496 0.0076247467659413815
1654618312.3883107 2.8194503784179688 3.036304473876953 0.0 0.0 0.0 0.9999980926513672 0.00196607387624681
1654618312.4881227 2.747455596923828 3.047710418701172 0.0 0.0 0.0 -0.9999940991401672 0.003438779851421714
1654618312.5879736 2.670360565185547 3.048297882080078 0.0 0.0 0.0 -0.9999305009841919 0.011788170784711838
1654618312.687854 2.5801773071289062 3.053821563720703 0.0 0.0 0.0 -0.9998072981834412 0.019630081951618195
1654618312.7877421 2.5056991577148438 3.0548324584960938 0.0 0.0 0.0 -0.9996584057807922 0.026134690269827843
1654618312.8876398 2.4301528930664062 3.053272247314453 0.0 0.0 0.0 -0.9994920492172241 0.031868383288383484
1654618312.9875512 2.3604736328125 3.0508804321289062 0.0 0.0 0.0 -0.9992733597755432 0.038115400820970535
1654618313.0875392 2.280925750732422 3.046314239501953 0.0 0.0 0.0 -0.9990525841712952 0.04351893812417984
1654618313.1876218 2.205944061279297 3.046802520751953 0.0 0.0 0.0 -0.9989394545555115 0.046042922884225845
1654618313.2878444 2.118915557861328 3.045848846435547 0.0 0.0 0.0 -0.998961329460144 0.04556587338447571
1654618313.3881266 2.034870147705078 3.043010711669922 0.0 0.0 0.0 -0.999121367931366 0.04191012680530548
1654618313.4884455 1.934722900390625 3.030834197998047 0.0 0.0 0.0 -0.9992676973342896 0.03826287388801575
1654618313.588765 1.8434524536132812 3.0218505859375 0.0 0.0 0.0 -0.9994916319847107 0.03188291937112808
1654618313.6889703 1.7660636901855469 3.017913818359375 0.0 0.0 0.0 -0.9996524453163147 0.026361705735325813
1654618313.7890213 1.6657333374023438 3.015209197998047 0.0 0.0 0.0 -0.9997891783714294 0.020532432943582535
1654618313.8889363 1.5725021362304688 3.003131866455078 0.0 0.0 0.0 -0.9998583793640137 0.01683008298277855
1654618313.988699 1.4858016967773438 3.017303466796875 0.0 0.0 0.0 -0.99993896484375 0.011049360036849976
1654618314.0884116 1.3936386108398438 3.016826629638672 0.0 0.0 0.0 -0.9999825358390808 0.005914967507123947
1654618314.188072 1.31561279296875 3.0148696899414062 0.0 0.0 0.0 -0.9999841451644897 0.005630777217447758
1654618314.287704 1.2304000854492188 3.012115478515625 0.0 0.0 0.0 -0.9999868869781494 0.005125814117491245
1654618314.3873706 1.1565437316894531 3.024394989013672 0.0 0.0 0.0 -0.9999846816062927 0.005537556950002909
1654618314.4870903 1.0750312805175781 3.02587890625 0.0 0.0 0.0 -0.9999677538871765 0.008032191544771194
1654618314.5869048 0.9944381713867188 3.0219192504882812 0.0 0.0 0.0 -0.9999114274978638 0.013309161178767681
1654618314.6868103 0.916595458984375 3.0241622924804688 0.0 0.0 0.0 -0.9998827576637268 0.01531167235225439
1654618314.786858 0.82421875 3.032939910888672 0.0 0.0 0.0 -0.9998583793640137 0.016827460378408432
1654618314.8868845 0.7546005249023438 3.0397415161132812 0.0 0.0 0.0 -0.9997529983520508 0.02222505584359169
1654618314.9869413 0.6730766296386719 3.0365676879882812 0.0 0.0 0.0 -0.9995777606964111 0.029057301580905914
1654618315.0870414 0.6144027709960938 3.034221649169922 0.0 0.0 0.0 -0.9993882179260254 0.034973833709955215
1654618315.1870906 0.554931640625 3.039623260498047 0.0 0.0 0.0 -0.9990765452384949 0.042965251952409744
1654618315.2871268 0.5052261352539062 3.039562225341797 0.0 0.0 0.0 -0.9984701871871948 0.055292364209890366
1654618315.3871396 0.44716644287109375 3.0396804809570312 0.0 0.0 0.0 -0.9976149797439575 0.06902407109737396
1654618315.4871185 0.3854866027832031 3.047962188720703 0.0 0.0 0.0 -0.995789110660553 0.09167330712080002
1654618315.5870383 0.32965850830078125 3.043926239013672 0.0 0.0 0.0 -0.9936315417289734 0.1126781702041626
1654618315.687062 0.27696990966796875 3.0443801879882812 0.0 0.0 0.0 -0.9905773401260376 0.13695436716079712
1654618315.7870018 0.24031829833984375 3.049571990966797 0.0 0.0 0.0 -0.9866530299186707 0.16283676028251648
1654618315.8870003 0.20757293701171875 3.044269561767578 0.0 0.0 0.0 -0.9825513362884521 0.1859915554523468
1654618315.987064 0.16697311401367188 3.0545578002929688 0.0 0.0 0.0 -0.9764952659606934 0.21553874015808105
1654618316.0871062 0.13275909423828125 3.033843994140625 0.0 0.0 0.0 -0.9706220626831055 0.2406093031167984
1654618316.187202 0.11973953247070312 3.014667510986328 0.0 0.0 0.0 -0.9645059108734131 0.2640613317489624
1654618316.2872617 0.08447265625 3.016815185546875 0.0 0.0 0.0 -0.9540210366249084 0.29973962903022766
1654618316.3874116 0.056049346923828125 3.0230484008789062 0.0 0.0 0.0 -0.9424620866775513 0.3343130946159363
1654618316.4875162 0.02564239501953125 3.059162139892578 0.0 0.0 0.0 -0.9261600971221924 0.3771305978298187
1654618316.587662 0.00096893310546875 3.063121795654297 0.0 0.0 0.0 -0.9120436906814575 0.4100930690765381
1654618316.687739 -0.01169586181640625 3.0699386596679688 0.0 0.0 0.0 -0.896721363067627 0.442595511674881
1654618316.7877872 -0.0276031494140625 3.0519180297851562 0.0 0.0 0.0 -0.8798521161079407 0.4752475917339325
1654618316.8879457 -0.05519866943359375 3.052276611328125 0.0 0.0 0.0 -0.8631016612052917 0.5050302147865295
1654618316.988136 -0.0574951171875 3.055217742919922 0.0 0.0 0.0 -0.8492184281349182 0.5280417799949646
1654618317.088226 -0.06392669677734375 3.051555633544922 0.0 0.0 0.0 -0.8325614929199219 0.5539326071739197
1654618317.1882863 -0.07415390014648438 3.034313201904297 0.0 0.0 0.0 -0.8172836303710938 0.5762355327606201
1654618317.2883441 -0.088775634765625 3.030620574951172 0.0 0.0 0.0 -0.8018254041671753 0.597558319568634
1654618317.388324 -0.09394454956054688 3.023609161376953 0.0 0.0 0.0 -0.7910221219062805 0.6117875576019287
1654618317.4883351 -0.1152496337890625 2.9960403442382812 0.0 0.0 0.0 -0.7746599912643433 0.6323779821395874
1654618317.5883453 -0.12024688720703125 2.980121612548828 0.0 0.0 0.0 -0.7619179487228394 0.6476735472679138
1654618317.6883543 -0.1145782470703125 2.9542922973632812 0.0 0.0 0.0 -0.7518383264541626 0.6593475341796875
1654618317.788344 -0.12976837158203125 2.9121932983398438 0.0 0.0 0.0 -0.744005024433136 0.6681740283966064
1654618317.8883767 -0.13336181640625 2.881969451904297 0.0 0.0 0.0 -0.7363027334213257 0.6766522526741028
1654618317.9884286 -0.14625930786132812 2.846649169921875 0.0 0.0 0.0 -0.7305099368095398 0.6829020977020264
1654618318.0884118 -0.14710617065429688 2.7939987182617188 0.0 0.0 0.0 -0.7246406078338623 0.6891269683837891
1654618318.1883428 -0.1465606689453125 2.7336807250976562 0.0 0.0 0.0 -0.7162958979606628 0.697796642780304
1654618318.288261 -0.15035629272460938 2.68292236328125 0.0 0.0 0.0 -0.7090667486190796 0.7051413655281067
1654618318.3881981 -0.15896224975585938 2.631427764892578 0.0 0.0 0.0 -0.703400731086731 0.7107935547828674
1654618318.4881444 -0.17619705200195312 2.559326171875 0.0 0.0 0.0 -0.6977983713150024 0.7162942290306091
1654618318.5881188 -0.17217254638671875 2.498149871826172 0.0 0.0 0.0 -0.6905146241188049 0.7233183979988098
1654618318.688211 -0.16547775268554688 2.431133270263672 0.0 0.0 0.0 -0.6887884736061096 0.7249623537063599
1654618318.7883763 -0.15862274169921875 2.348522186279297 0.0 0.0 0.0 -0.6865588426589966 0.7270742654800415
1654618318.8885431 -0.18361663818359375 2.281414031982422 0.0 0.0 0.0 -0.6881869435310364 0.7255334258079529
1654618318.9886465 -0.17718887329101562 2.191009521484375 0.0 0.0 0.0 -0.690686047077179 0.7231547832489014
1654618319.088656 -0.17314910888671875 2.115833282470703 0.0 0.0 0.0 -0.6903200745582581 0.7235041260719299
1654618319.1885653 -0.18232345581054688 2.033374786376953 0.0 0.0 0.0 -0.6934877038002014 0.7204684615135193
1654618319.2884047 -0.19422531127929688 1.9610099792480469 0.0 0.0 0.0 -0.6940464377403259 0.7199302315711975
1654618319.388202 -0.19052886962890625 1.8979377746582031 0.0 0.0 0.0 -0.6927172541618347 0.7212092876434326
1654618319.4879808 -0.17919158935546875 1.8322944641113281 0.0 0.0 0.0 -0.6896401643753052 0.7241522669792175
1654618319.5878055 -0.1720123291015625 1.7562026977539062 0.0 0.0 0.0 -0.6878156065940857 0.7258854508399963
1654618319.6876552 -0.17340850830078125 1.6844902038574219 0.0 0.0 0.0 -0.6869373321533203 0.7267166376113892
1654618319.7875578 -0.17667007446289062 1.6205940246582031 0.0 0.0 0.0 -0.6842058897018433 0.7292889356613159
1654618319.8875117 -0.18733596801757812 1.549896240234375 0.0 0.0 0.0 -0.6805581450462341 0.7326940894126892
1654618319.987546 -0.17949676513671875 1.4832954406738281 0.0 0.0 0.0 -0.6775022149085999 0.7355207204818726
1654618320.087624 -0.1840362548828125 1.4109878540039062 0.0 0.0 0.0 -0.6745285391807556 0.7382487654685974
1654618320.1877255 -0.18587875366210938 1.3549118041992188 0.0 0.0 0.0 -0.6702113151550293 0.7421703338623047
1654618320.287767 -0.18154525756835938 1.2960014343261719 0.0 0.0 0.0 -0.6625426411628723 0.7490242123603821
1654618320.3877451 -0.18529891967773438 1.235992431640625 0.0 0.0 0.0 -0.6569651961326599 0.7539209127426147
1654618320.4876733 -0.17543792724609375 1.2033615112304688 0.0 0.0 0.0 -0.6481105089187622 0.76154625415802
1654618320.5875847 -0.18328475952148438 1.1618232727050781 0.0 0.0 0.0 -0.6380513310432434 0.7699938416481018
1654618320.6874995 -0.18513870239257812 1.1335258483886719 0.0 0.0 0.0 -0.6240650415420532 0.7813724279403687
1654618320.7874024 -0.18924713134765625 1.1042556762695312 0.0 0.0 0.0 -0.6088605523109436 0.7932772636413574
1654618320.8873513 -0.18387222290039062 1.065460205078125 0.0 0.0 0.0 -0.5940613746643066 0.8044196963310242
1654618320.9873345 -0.1817779541015625 1.0315971374511719 0.0 0.0 0.0 -0.5779704451560974 0.8160576820373535
1654618321.0873628 -0.18408584594726562 1.0011978149414062 0.0 0.0 0.0 -0.5617214441299438 0.8273264169692993
1654618321.1874726 -0.17242050170898438 0.9791336059570312 0.0 0.0 0.0 -0.5443758964538574 0.8388413786888123
1654618321.2875807 -0.16875839233398438 0.9459304809570312 0.0 0.0 0.0 -0.5286455750465393 0.8488426804542542
1654618321.387714 -0.17066192626953125 0.9182548522949219 0.0 0.0 0.0 -0.5116087794303894 0.8592184782028198
1654618321.4878206 -0.1556243896484375 0.8872451782226562 0.0 0.0 0.0 -0.4924788475036621 0.870324432849884
1654618321.5879 -0.14729690551757812 0.8700065612792969 0.0 0.0 0.0 -0.4724675714969635 0.8813480734825134
1654618321.6878846 -0.13588333129882812 0.8399543762207031 0.0 0.0 0.0 -0.4556739330291748 0.8901467323303223
1654618321.7878695 -0.13103485107421875 0.8247756958007812 0.0 0.0 0.0 -0.43340152502059937 0.9012009501457214
1654618321.8878393 -0.11687850952148438 0.8071975708007812 0.0 0.0 0.0 -0.4103487432003021 0.911928653717041
1654618321.987832 -0.10470199584960938 0.7792434692382812 0.0 0.0 0.0 -0.3866221606731415 0.9222381711006165
1654618322.0878313 -0.10576629638671875 0.7695426940917969 0.0 0.0 0.0 -0.35862454771995544 0.9334818720817566
1654618322.1877635 -0.1022491455078125 0.7514266967773438 0.0 0.0 0.0 -0.3328374922275543 0.9429842233657837
1654618322.2876287 -0.09496688842773438 0.7323379516601562 0.0 0.0 0.0 -0.2992354929447174 0.9541792869567871
1654618322.387508 -0.07326507568359375 0.728607177734375 0.0 0.0 0.0 -0.26812559366226196 0.9633839726448059
1654618322.487521 -0.11409759521484375 0.7084846496582031 0.0 0.0 0.0 -0.22892029583454132 0.9734451770782471
1654618322.587643 -0.10522079467773438 0.69256591796875 0.0 0.0 0.0 -0.20247793197631836 0.9792868494987488
1654618322.6879208 -0.11713027954101562 0.6865043640136719 0.0 0.0 0.0 -0.17566271126270294 0.9844503998756409
1654618322.7882378 -0.11381149291992188 0.674407958984375 0.0 0.0 0.0 -0.15451331436634064 0.9879907369613647
1654618322.8884912 -0.12490081787109375 0.662506103515625 0.0 0.0 0.0 -0.12834350764751434 0.9917297959327698
1654618322.988551 -0.12485885620117188 0.6481552124023438 0.0 0.0 0.0 -0.1032375693321228 0.9946567416191101
1654618323.0884726 -0.11166763305664062 0.6415786743164062 0.0 0.0 0.0 -0.07939215004444122 0.9968434572219849
1654618323.1883833 -0.09618377685546875 0.6342544555664062 0.0 0.0 0.0 -0.05616036430001259 0.9984217882156372
1654618323.2883081 -0.08278656005859375 0.6248550415039062 0.0 0.0 0.0 -0.03367779776453972 0.9994327425956726
1654618323.3882225 -0.06174468994140625 0.6153144836425781 0.0 0.0 0.0 -0.014909819699823856 0.9998888373374939
1654618323.4882007 -0.035167694091796875 0.60919189453125 0.0 0.0 0.0 0.0034789254423230886 0.9999939203262329
1654618323.5882149 0.003429412841796875 0.6113357543945312 0.0 0.0 0.0 0.017266592010855675 0.9998509287834167
1654618323.688323 0.046642303466796875 0.6320114135742188 0.0 0.0 0.0 0.027104225009679794 0.9996325969696045
1654618323.7884266 0.09849929809570312 0.6279678344726562 0.0 0.0 0.0 0.03447750583291054 0.9994055032730103
1654618323.88864 0.14073944091796875 0.6254806518554688 0.0 0.0 0.0 0.03860831633210182 0.9992544054985046
1654618323.9887488 0.20499801635742188 0.6115608215332031 0.0 0.0 0.0 0.04124409332871437 0.9991490840911865
1654618324.0888095 0.27613067626953125 0.6154975891113281 0.0 0.0 0.0 0.041265904903411865 0.9991481900215149
1654618324.1888216 0.35260772705078125 0.6228523254394531 0.0 0.0 0.0 0.04038262739777565 0.9991843104362488
1654618324.2886784 0.436370849609375 0.6396408081054688 0.0 0.0 0.0 0.03947131335735321 0.9992207288742065
1654618324.388507 0.5090255737304688 0.6200485229492188 0.0 0.0 0.0 0.035532452166080475 0.9993685483932495
1654618324.4883027 0.6010017395019531 0.6215133666992188 0.0 0.0 0.0 0.032725151628255844 0.9994643926620483
1654618324.5880814 0.6761589050292969 0.6201057434082031 0.0 0.0 0.0 0.035825636237859726 0.999358057975769
1654618324.6878545 0.7565536499023438 0.6441154479980469 0.0 0.0 0.0 0.03909771889448166 0.9992353916168213
1654618324.7876742 0.8308181762695312 0.6396255493164062 0.0 0.0 0.0 0.04137939587235451 0.9991434812545776
1654618324.8875265 0.904754638671875 0.6260147094726562 0.0 0.0 0.0 0.039077457040548325 0.9992361664772034
1654618324.9874704 0.9946174621582031 0.6353988647460938 0.0 0.0 0.0 0.0390276201069355 0.999238133430481
1654618325.0873992 1.0765914916992188 0.63677978515625 0.0 0.0 0.0 0.04340054839849472 0.9990577697753906
1654618325.187394 1.1302375793457031 0.6361160278320312 0.0 0.0 0.0 0.0499274879693985 0.9987528324127197
1654618325.287459 1.210693359375 0.6464958190917969 0.0 0.0 0.0 0.0533871203660965 0.998573899269104
1654618325.3875592 1.3061294555664062 0.64605712890625 0.0 0.0 0.0 0.05641192942857742 0.9984076023101807
1654618325.4876688 1.3931884765625 0.6434516906738281 0.0 0.0 0.0 0.06147904321551323 0.9981083869934082
1654618325.587824 1.4789657592773438 0.6556510925292969 0.0 0.0 0.0 0.059140462428331375 0.9982496500015259
1654618325.6879869 1.5509414672851562 0.6605415344238281 0.0 0.0 0.0 0.06033625826239586 0.9981781244277954
1654618325.7881103 1.6327438354492188 0.6703720092773438 0.0 0.0 0.0 0.05566916614770889 0.9984492659568787
1654618325.8882003 1.74395751953125 0.6796798706054688 0.0 0.0 0.0 0.0537060908973217 0.9985567927360535
1654618325.9882185 1.8059463500976562 0.6801948547363281 0.0 0.0 0.0 0.05330260097980499 0.9985784292221069
1654618326.088222 1.8906326293945312 0.6869087219238281 0.0 0.0 0.0 0.05163193494081497 0.9986661672592163
1654618326.188158 1.976898193359375 0.6985282897949219 0.0 0.0 0.0 0.04935595393180847 0.9987812638282776
1654618326.28806 2.075275421142578 0.708282470703125 0.0 0.0 0.0 0.048479557037353516 0.9988241791725159
1654618326.3879383 2.164966583251953 0.7078437805175781 0.0 0.0 0.0 0.047688767313957214 0.9988622665405273
1654618326.4878135 2.249095916748047 0.7093391418457031 0.0 0.0 0.0 0.047564007341861725 0.9988681674003601
1654618326.587678 2.3358535766601562 0.7058181762695312 0.0 0.0 0.0 0.04780663549900055 0.9988566040992737
1654618326.6875374 2.424488067626953 0.7126579284667969 0.0 0.0 0.0 0.050320349633693695 0.9987331032752991
1654618326.7873776 2.50494384765625 0.71820068359375 0.0 0.0 0.0 0.05301794409751892 0.9985935688018799
1654618326.8873127 2.583515167236328 0.7214126586914062 0.0 0.0 0.0 0.055683355778455734 0.9984484910964966
1654618326.987281 2.6708297729492188 0.7305793762207031 0.0 0.0 0.0 0.05859905481338501 0.9982815980911255
1654618327.0873387 2.7607955932617188 0.7400093078613281 0.0 0.0 0.0 0.06298242509365082 0.9980146288871765
1654618327.1873662 2.8480453491210938 0.7370414733886719 0.0 0.0 0.0 0.06674765050411224 0.9977698922157288
1654618327.2873836 2.915882110595703 0.7455520629882812 0.0 0.0 0.0 0.06985365599393845 0.9975572228431702
1654618327.387378 2.9917831420898438 0.7474899291992188 0.0 0.0 0.0 0.07895778119564056 0.9968779683113098
1654618327.4873414 3.0752487182617188 0.7580986022949219 0.0 0.0 0.0 0.08596442639827728 0.9962981939315796
1654618327.587325 3.1454391479492188 0.75958251953125 0.0 0.0 0.0 0.09623779356479645 0.9953583478927612
1654618327.6873293 3.2050552368164062 0.7728500366210938 0.0 0.0 0.0 0.10883363336324692 0.9940599799156189
1654618327.7872646 3.268939971923828 0.7869377136230469 0.0 0.0 0.0 0.12368521094322205 0.9923214912414551
1654618327.887156 3.3267822265625 0.792572021484375 0.0 0.0 0.0 0.14532138407230377 0.9893845319747925
1654618327.9870546 3.382923126220703 0.7968063354492188 0.0 0.0 0.0 0.1719888150691986 0.9850988984107971
1654618328.086936 3.417102813720703 0.8119087219238281 0.0 0.0 0.0 0.1945178359746933 0.9808989763259888
1654618328.1868885 3.457996368408203 0.8198127746582031 0.0 0.0 0.0 0.2227894365787506 0.9748665690422058
1654618328.2869852 3.488849639892578 0.7951431274414062 0.0 0.0 0.0 0.25322359800338745 0.967407763004303
1654618328.3870864 3.533855438232422 0.8079605102539062 0.0 0.0 0.0 0.2833802402019501 0.9590076208114624
1654618328.4872487 3.548450469970703 0.8235588073730469 0.0 0.0 0.0 0.31195610761642456 0.9500965476036072
1654618328.5873876 3.5840225219726562 0.8299446105957031 0.0 0.0 0.0 0.34590452909469604 0.9382697343826294
1654618328.6876156 3.605785369873047 0.838226318359375 0.0 0.0 0.0 0.37526634335517883 0.9269170165061951
1654618328.7879033 3.6426010131835938 0.850372314453125 0.0 0.0 0.0 0.40259870886802673 0.915376603603363
1654618328.8881748 3.663860321044922 0.8732070922851562 0.0 0.0 0.0 0.42547836899757385 0.9049685597419739
1654618328.9884262 3.6960067749023438 0.8734207153320312 0.0 0.0 0.0 0.44951558113098145 0.8932724595069885
1654618329.0886407 3.7280807495117188 0.9070358276367188 0.0 0.0 0.0 0.4682818055152893 0.8835791945457458
1654618329.1887677 3.7649307250976562 0.9260978698730469 0.0 0.0 0.0 0.48520925641059875 0.8743980526924133
1654618329.2887352 3.785858154296875 0.9654731750488281 0.0 0.0 0.0 0.5003421306610107 0.8658277988433838
1654618329.3885558 3.8218002319335938 1.0081291198730469 0.0 0.0 0.0 0.5187955498695374 0.8548983335494995
1654618329.488288 3.853363037109375 1.0477294921875 0.0 0.0 0.0 0.53377366065979 0.8456273674964905
1654618329.5880485 3.8764572143554688 1.0921096801757812 0.0 0.0 0.0 0.5476625561714172 0.8366993069648743
1654618329.6877677 3.906993865966797 1.1482772827148438 0.0 0.0 0.0 0.5631210207939148 0.8263744711875916
1654618329.7874706 3.930957794189453 1.2037162780761719 0.0 0.0 0.0 0.5792625546455383 0.8151410222053528
1654618329.887247 3.954875946044922 1.26531982421875 0.0 0.0 0.0 0.5956044793128967 0.803277850151062
1654618329.9870872 3.997814178466797 1.3039360046386719 0.0 0.0 0.0 0.6123223900794983 0.7906081676483154
1654618330.086905 4.017108917236328 1.376312255859375 0.0 0.0 0.0 0.6300740838050842 0.7765350341796875
1654618330.1867993 4.049415588378906 1.4345588684082031 0.0 0.0 0.0 0.6484698057174683 0.7612403631210327
1654618330.2867596 4.051715850830078 1.49456787109375 0.0 0.0 0.0 0.6665529012680054 0.7454577088356018
1654618330.3868868 4.073028564453125 1.5604133605957031 0.0 0.0 0.0 0.6824538111686707 0.7309287190437317
1654618330.4870906 4.09014892578125 1.6252021789550781 0.0 0.0 0.0 0.6984084248542786 0.7156994342803955
1654618330.5873566 4.103340148925781 1.6966361999511719 0.0 0.0 0.0 0.7111210823059082 0.7030695676803589
1654618330.6876397 4.113594055175781 1.78387451171875 0.0 0.0 0.0 0.7246633172035217 0.6891031265258789
1654618330.7879596 4.125469207763672 1.8684921264648438 0.0 0.0 0.0 0.7346721887588501 0.6784222722053528
1654618330.888237 4.117210388183594 1.9475288391113281 0.0 0.0 0.0 0.7418311238288879 0.6705867648124695
1654618330.988434 4.115161895751953 2.025890350341797 0.0 0.0 0.0 0.7483778595924377 0.6632726788520813
1654618331.0885413 4.115581512451172 2.114917755126953 0.0 0.0 0.0 0.7544457912445068 0.6563623547554016
1654618331.1885107 4.103984832763672 2.197124481201172 0.0 0.0 0.0 0.7598707675933838 0.6500741839408875
1654618331.288337 4.106689453125 2.272815704345703 0.0 0.0 0.0 0.7668553590774536 0.641819953918457
1654618331.3880029 4.104255676269531 2.352001190185547 0.0 0.0 0.0 0.7757235765457153 0.6310728788375854
1654618331.4875581 4.099540710449219 2.423603057861328 0.0 0.0 0.0 0.7869700193405151 0.6169912219047546
1654618331.5870392 4.086799621582031 2.489898681640625 0.0 0.0 0.0 0.7994918823242188 0.6006768941879272
1654618331.6865683 4.076530456542969 2.5470657348632812 0.0 0.0 0.0 0.8132590055465698 0.5819018483161926
1654618331.7862356 4.081916809082031 2.60272216796875 0.0 0.0 0.0 0.8289759159088135 0.5592843294143677
1654618331.8860278 4.090400695800781 2.6334762573242188 0.0 0.0 0.0 0.8438025116920471 0.5366538763046265
1654618331.9859219 4.08599853515625 2.668201446533203 0.0 0.0 0.0 0.8584880828857422 0.5128335356712341
1654618332.0860121 4.079627990722656 2.6844711303710938 0.0 0.0 0.0 0.872672975063324 0.48830506205558777
1654618332.186216 4.073719024658203 2.704273223876953 0.0 0.0 0.0 0.8869233131408691 0.4619167149066925
1654618332.2864082 4.068634033203125 2.7157669067382812 0.0 0.0 0.0 0.9024036526679993 0.4308916926383972
1654618332.386571 4.080913543701172 2.7236099243164062 0.0 0.0 0.0 0.918954610824585 0.3943633735179901
1654618332.4867496 4.076072692871094 2.7304611206054688 0.0 0.0 0.0 0.9336416125297546 0.35820847749710083
1654618332.586919 4.089439392089844 2.733226776123047 0.0 0.0 0.0 0.9476834535598755 0.3192116320133209
1654618332.687093 4.091876983642578 2.731689453125 0.0 0.0 0.0 0.9595977663993835 0.2813754081726074
1654618332.787348 4.100749969482422 2.737651824951172 0.0 0.0 0.0 0.9691130518913269 0.2466169148683548
1654618332.8876643 4.240577697753906 2.749652862548828 0.0 0.0 0.0 0.9777335524559021 0.2098502516746521
1654618332.9879673 4.220703125 2.758342742919922 0.0 0.0 0.0 0.9837955832481384 0.17929358780384064
1654618333.0882812 4.230384826660156 2.7696914672851562 0.0 0.0 0.0 0.9886568188667297 0.15019215643405914
1654618333.1884978 4.218147277832031 2.7807083129882812 0.0 0.0 0.0 0.9921101927757263 0.12536883354187012
1654618333.2886426 4.201141357421875 2.7942276000976562 0.0 0.0 0.0 0.9947062730789185 0.10275892168283463
1654618333.3887284 4.170829772949219 2.804126739501953 0.0 0.0 0.0 0.9963163733482361 0.08575332909822464
1654618333.4887848 4.152637481689453 2.811573028564453 0.0 0.0 0.0 0.9972409605979919 0.07423273473978043
1654618333.588728 4.150409698486328 2.813220977783203 0.0 0.0 0.0 0.9981135129928589 0.06139582768082619
1654618333.6884487 4.122058868408203 2.822643280029297 0.0 0.0 0.0 0.9988457560539246 0.04803246632218361
1654618333.7881238 4.080005645751953 2.8347396850585938 0.0 0.0 0.0 0.9993554949760437 0.03589629381895065
1654618333.8878312 4.035957336425781 2.845722198486328 0.0 0.0 0.0 0.9996919631958008 0.024818211793899536
1654618333.9876297 3.964813232421875 2.8548812866210938 0.0 0.0 0.0 0.9998589158058167 0.01679861545562744
1654618334.0874898 3.909770965576172 2.8611221313476562 0.0 0.0 0.0 0.9999144077301025 0.013083279132843018
1654618334.187555 3.8270797729492188 2.870391845703125 0.0 0.0 0.0 0.9999382495880127 0.011114324443042278
1654618334.2877126 3.748016357421875 2.8715744018554688 0.0 0.0 0.0 0.9997962713241577 0.020185843110084534
1654618334.3878493 3.6398239135742188 2.876556396484375 0.0 0.0 0.0 0.9997351765632629 0.023011278361082077
1654618334.487861 3.5517578125 2.877796173095703 0.0 0.0 0.0 0.9995847940444946 0.028813263401389122
1654618334.5878453 3.439697265625 2.886005401611328 0.0 0.0 0.0 0.9994282722473145 0.03381020575761795
1654618334.6876626 3.358562469482422 2.8903579711914062 0.0 0.0 0.0 0.999397873878479 0.034697793424129486
1654618334.7874541 3.253143310546875 2.902545928955078 0.0 0.0 0.0 0.999340832233429 0.03630265220999718
1654618334.8871636 3.166759490966797 2.9104080200195312 0.0 0.0 0.0 0.9994171261787415 0.034138794988393784
1654618334.9868662 3.0740890502929688 2.9184036254882812 0.0 0.0 0.0 0.9995225071907043 0.03089861571788788
1654618335.0865753 2.9850387573242188 2.9271469116210938 0.0 0.0 0.0 0.9997109770774841 0.024039888754487038
1654618335.1863687 2.9076766967773438 2.941577911376953 0.0 0.0 0.0 0.9998559951782227 0.01697084866464138
1654618335.286287 2.8281631469726562 2.94879150390625 0.0 0.0 0.0 0.9999703168869019 0.007706045173108578
1654618335.3863652 2.7414169311523438 2.960735321044922 0.0 0.0 0.0 0.9999999403953552 0.0003553191781975329
1654618335.486557 2.6489181518554688 2.9688034057617188 0.0 0.0 0.0 -0.9999817609786987 0.006042280700057745
1654618335.5868237 2.564952850341797 2.9696044921875 0.0 0.0 0.0 -0.9999080300331116 0.013560551218688488
1654618335.687155 2.468822479248047 2.97332763671875 0.0 0.0 0.0 -0.9998233318328857 0.018795888870954514
1654618335.7874794 2.371532440185547 2.9730224609375 0.0 0.0 0.0 -0.9997766017913818 0.021135620772838593
1654618335.8877676 2.274871826171875 2.9768600463867188 0.0 0.0 0.0 -0.9997279047966003 0.023327335715293884
1654618335.9879367 2.1714706420898438 2.967853546142578 0.0 0.0 0.0 -0.9996693730354309 0.02571306936442852
1654618336.088011 2.09002685546875 2.967517852783203 0.0 0.0 0.0 -0.9996855854988098 0.025074314326047897
1654618336.1879911 1.9822578430175781 2.9669418334960938 0.0 0.0 0.0 -0.9996894598007202 0.02492070011794567
1654618336.287889 1.884796142578125 2.9683303833007812 0.0 0.0 0.0 -0.9996655583381653 0.025860244408249855
1654618336.3877466 1.7952651977539062 2.9597091674804688 0.0 0.0 0.0 -0.9995971918106079 0.02838154509663582
1654618336.487568 1.6863784790039062 2.960926055908203 0.0 0.0 0.0 -0.9995340704917908 0.030523164197802544
1654618336.587393 1.600738525390625 2.958446502685547 0.0 0.0 0.0 -0.9994406700134277 0.0334424152970314
1654618336.6872058 1.5171089172363281 2.947711944580078 0.0 0.0 0.0 -0.9991655349731445 0.04084412008523941
1654618336.7870579 1.4271774291992188 2.949554443359375 0.0 0.0 0.0 -0.998939573764801 0.04604054242372513
1654618336.8869615 1.3198928833007812 2.9436416625976562 0.0 0.0 0.0 -0.9986507296562195 0.0519304983317852
1654618336.9869611 1.23382568359375 2.9530258178710938 0.0 0.0 0.0 -0.9983991980552673 0.056559838354587555
1654618337.0869863 1.1498947143554688 2.9481887817382812 0.0 0.0 0.0 -0.9980675578117371 0.06213803589344025
1654618337.1870122 1.0480575561523438 2.94573974609375 0.0 0.0 0.0 -0.9976109862327576 0.0690818652510643
1654618337.2870488 0.9746627807617188 2.928852081298828 0.0 0.0 0.0 -0.9969322681427002 0.07826917618513107
1654618337.3870842 0.8820610046386719 2.9254989624023438 0.0 0.0 0.0 -0.9963870644569397 0.08492855727672577
1654618337.4871264 0.8008193969726562 2.903949737548828 0.0 0.0 0.0 -0.9953204393386841 0.09662960469722748
1654618337.5871072 0.7244071960449219 2.9046401977539062 0.0 0.0 0.0 -0.9941596984863281 0.10791899263858795
1654618337.6870322 0.6538505554199219 2.9024276733398438 0.0 0.0 0.0 -0.9922773838043213 0.12403867393732071
1654618337.7869432 0.5830802917480469 2.922229766845703 0.0 0.0 0.0 -0.9886112809181213 0.15049150586128235
1654618337.8868117 0.5310859680175781 2.9118118286132812 0.0 0.0 0.0 -0.9844868183135986 0.17545866966247559
1654618337.9867218 0.4814949035644531 2.8922119140625 0.0 0.0 0.0 -0.9793555736541748 0.20214514434337616
1654618338.0866997 0.41998291015625 2.887256622314453 0.0 0.0 0.0 -0.9721023440361023 0.2345571219921112
1654618338.1867597 0.38440704345703125 2.8817367553710938 0.0 0.0 0.0 -0.9644144773483276 0.26439499855041504
1654618338.28679 0.346221923828125 2.851879119873047 0.0 0.0 0.0 -0.955441415309906 0.2951807379722595
1654618338.3868637 0.29679107666015625 2.861591339111328 0.0 0.0 0.0 -0.9420421719551086 0.3354945480823517
1654618338.4869678 0.27428436279296875 2.8467025756835938 0.0 0.0 0.0 -0.9288889169692993 0.370358407497406
1654618338.5870016 0.23451995849609375 2.8381881713867188 0.0 0.0 0.0 -0.9117681384086609 0.4107053279876709
1654618338.6870756 0.21158981323242188 2.807373046875 0.0 0.0 0.0 -0.892495334148407 0.4510565996170044
1654618338.7871203 0.158477783203125 2.8444290161132812 0.0 0.0 0.0 -0.865696370601654 0.5005694031715393
1654618338.887389 0.13430023193359375 2.824462890625 0.0 0.0 0.0 -0.8448808193206787 0.5349546074867249
1654618338.9878078 0.11329269409179688 2.7954177856445312 0.0 0.0 0.0 -0.8226030468940735 0.5686160922050476
1654618339.0882947 0.09474563598632812 2.758392333984375 0.0 0.0 0.0 -0.8035783171653748 0.5951990485191345
1654618339.1888387 0.07206344604492188 2.722545623779297 0.0 0.0 0.0 -0.7881352305412292 0.615502119064331
1654618339.289309 0.05493927001953125 2.6805801391601562 0.0 0.0 0.0 -0.7735692262649536 0.6337118148803711
1654618339.3896043 0.041728973388671875 2.61328125 0.0 0.0 0.0 -0.7597429156303406 0.6502236127853394
1654618339.4897525 0.022380828857421875 2.556560516357422 0.0 0.0 0.0 -0.7495813965797424 0.6619121432304382
1654618339.589726 -0.00042724609375 2.5025634765625 0.0 0.0 0.0 -0.7361593246459961 0.6768082976341248
1654618339.689575 -0.004901885986328125 2.4178466796875 0.0 0.0 0.0 -0.7280867099761963 0.6854850053787231
1654618339.7892675 0.004375457763671875 2.345081329345703 0.0 0.0 0.0 -0.7179495692253113 0.6960951089859009
1654618339.8889284 0.00617218017578125 2.2755355834960938 0.0 0.0 0.0 -0.7110665440559387 0.7031247019767761
1654618339.9885545 -0.019374847412109375 2.205982208251953 0.0 0.0 0.0 -0.703857421875 0.7103412747383118
1654618340.0881581 -0.04604339599609375 2.123149871826172 0.0 0.0 0.0 -0.6981419324874878 0.7159594297409058
1654618340.1877005 -0.054229736328125 2.048053741455078 0.0 0.0 0.0 -0.6879765391349792 0.7257329225540161
1654618340.2872088 -0.058574676513671875 1.9778861999511719 0.0 0.0 0.0 -0.6783292889595032 0.7347580194473267
1654618340.3868082 -0.06509780883789062 1.9080886840820312 0.0 0.0 0.0 -0.6668800711631775 0.7451650500297546
1654618340.486561 -0.052257537841796875 1.821075439453125 0.0 0.0 0.0 -0.6560248136520386 0.7547393441200256
1654618340.5864666 -0.06095123291015625 1.7614326477050781 0.0 0.0 0.0 -0.641639232635498 0.7670065760612488
1654618340.6865282 -0.0493316650390625 1.6720161437988281 0.0 0.0 0.0 -0.6322411298751831 0.7747716903686523
1654618340.7867398 -0.045215606689453125 1.5998725891113281 0.0 0.0 0.0 -0.6235334277153015 0.7817966938018799
1654618340.886996 -0.02935028076171875 1.5372695922851562 0.0 0.0 0.0 -0.613858699798584 0.7894158959388733
1654618340.9872742 -0.03664398193359375 1.471405029296875 0.0 0.0 0.0 -0.6017653942108154 0.7986729145050049
1654618341.0875294 -0.012569427490234375 1.4064445495605469 0.0 0.0 0.0 -0.59333735704422 0.804953932762146
1654618341.18769 -0.0115509033203125 1.3418159484863281 0.0 0.0 0.0 -0.581184446811676 0.8137719035148621
1654618341.2876825 0.00034332275390625 1.2970657348632812 0.0 0.0 0.0 -0.5665373802185059 0.8240360617637634
1654618341.3875065 0.01229095458984375 1.2488822937011719 0.0 0.0 0.0 -0.5462952256202698 0.8375927209854126
1654618341.4872308 0.01770782470703125 1.2025642395019531 0.0 0.0 0.0 -0.5219818353652954 0.8529565930366516
1654618341.5869262 0.029224395751953125 1.1611442565917969 0.0 0.0 0.0 -0.49547454714775085 0.8686224818229675
1654618341.6866 0.039722442626953125 1.1201248168945312 0.0 0.0 0.0 -0.4634726047515869 0.8861112594604492
1654618341.7862957 0.042266845703125 1.09417724609375 0.0 0.0 0.0 -0.4275345802307129 0.9039989709854126
1654618341.8860667 0.044239044189453125 1.0851554870605469 0.0 0.0 0.0 -0.39010271430015564 0.9207713603973389
1654618341.9859867 0.063812255859375 1.0621757507324219 0.0 0.0 0.0 -0.35138067603111267 0.9362326860427856
1654618342.0860848 0.045673370361328125 1.0422477722167969 0.0 0.0 0.0 -0.3019985258579254 0.9533084034919739
1654618342.1862957 0.07955169677734375 1.0373039245605469 0.0 0.0 0.0 -0.2661701738834381 0.9639260768890381
1654618342.2865937 0.05020904541015625 1.0151481628417969 0.0 0.0 0.0 -0.22206440567970276 0.9750319719314575
1654618342.3869977 0.01177215576171875 0.9970703125 0.0 0.0 0.0 -0.17401479184627533 0.984743058681488
1654618342.4875143 0.006580352783203125 0.9927749633789062 0.0 0.0 0.0 -0.13928508758544922 0.9902523159980774
1654618342.5881686 0.031574249267578125 0.9941825866699219 0.0 0.0 0.0 -0.11602002382278442 0.993246853351593
1654618342.688833 0.07538604736328125 0.969879150390625 0.0 0.0 0.0 -0.10197611153125763 0.9947868585586548
1654618342.7893555 0.11192703247070312 0.951507568359375 0.0 0.0 0.0 -0.08972165733575821 0.9959668517112732
1654618342.8895862 0.15727996826171875 0.947601318359375 0.0 0.0 0.0 -0.07750042527914047 0.996992290019989
1654618342.9894774 0.228973388671875 0.9328727722167969 0.0 0.0 0.0 -0.06631549447774887 0.9977986812591553
1654618343.0892506 0.2834968566894531 0.9089775085449219 0.0 0.0 0.0 -0.05368455499410629 0.9985579252243042
1654618343.1887991 0.37638092041015625 0.9004936218261719 0.0 0.0 0.0 -0.046470027416944504 0.998919665813446
1654618343.288301 0.45696258544921875 0.8958854675292969 0.0 0.0 0.0 -0.03221851587295532 0.9994808435440063
1654618343.387801 0.5437240600585938 0.8774528503417969 0.0 0.0 0.0 -0.02042524144053459 0.9997913837432861
1654618343.4873855 0.6386489868164062 0.8775863647460938 0.0 0.0 0.0 -0.007458291947841644 0.9999721646308899
1654618343.587058 0.732879638671875 0.8585929870605469 0.0 0.0 0.0 0.0031791809014976025 0.9999949336051941
1654618343.6868672 0.8374748229980469 0.8426933288574219 0.0 0.0 0.0 0.016414567828178406 0.9998652935028076
1654618343.786856 0.9385566711425781 0.8393020629882812 0.0 0.0 0.0 0.023450318723917007 0.9997249841690063
1654618343.8869205 1.03472900390625 0.8388748168945312 0.0 0.0 0.0 0.03513612225651741 0.9993825554847717
1654618343.9870958 1.1212272644042969 0.8314399719238281 0.0 0.0 0.0 0.045084234327077866 0.9989832043647766
1654618344.0872931 1.2133369445800781 0.8368949890136719 0.0 0.0 0.0 0.054296333342790604 0.9985248446464539
1654618344.1875792 1.3177490234375 0.8249092102050781 0.0 0.0 0.0 0.05860832333564758 0.9982810616493225
1654618344.2878776 1.4344863891601562 0.8257369995117188 0.0 0.0 0.0 0.06730101257562637 0.9977326989173889
1654618344.388202 1.5211601257324219 0.8349418640136719 0.0 0.0 0.0 0.06584696471691132 0.9978297352790833
1654618344.488474 1.6119194030761719 0.8534011840820312 0.0 0.0 0.0 0.061233505606651306 0.9981234669685364
1654618344.5886462 1.7587776184082031 0.8722152709960938 0.0 0.0 0.0 0.05869203433394432 0.9982761144638062
1654618344.68868 1.841552734375 0.8843765258789062 0.0 0.0 0.0 0.05694769322872162 0.9983771443367004
1654618344.7885911 1.942047119140625 0.8896713256835938 0.0 0.0 0.0 0.05639895424246788 0.998408317565918
1654618344.888386 2.0401229858398438 0.8975296020507812 0.0 0.0 0.0 0.054225653409957886 0.9985287189483643
1654618344.9881287 2.139312744140625 0.8989067077636719 0.0 0.0 0.0 0.05520366132259369 0.9984751343727112
1654618345.0878685 2.235332489013672 0.9080123901367188 0.0 0.0 0.0 0.05669296532869339 0.9983916878700256
1654618345.1875825 2.338977813720703 0.917236328125 0.0 0.0 0.0 0.05857093632221222 0.9982832670211792
1654618345.287274 2.4346389770507812 0.9089889526367188 0.0 0.0 0.0 0.0652078166604042 0.9978716969490051
1654618345.3869894 2.533008575439453 0.9216690063476562 0.0 0.0 0.0 0.07077044993638992 0.9974926114082336
1654618345.4867861 2.6263351440429688 0.92755126953125 0.0 0.0 0.0 0.07795010507106781 0.9969572424888611
1654618345.5866518 2.711139678955078 0.9338874816894531 0.0 0.0 0.0 0.08717314898967743 0.9961931705474854
1654618345.6866095 2.793689727783203 0.9392776489257812 0.0 0.0 0.0 0.09385494887828827 0.9955858588218689
1654618345.7866616 2.866962432861328 0.942108154296875 0.0 0.0 0.0 0.10532709956169128 0.9944376349449158
1654618345.8867655 2.9404830932617188 0.9461135864257812 0.0 0.0 0.0 0.1145118996500969 0.9934218525886536
1654618345.9868498 2.9945602416992188 0.9544677734375 0.0 0.0 0.0 0.12798167765140533 0.9917765259742737
1654618346.0869079 3.043292999267578 0.9755325317382812 0.0 0.0 0.0 0.1416853666305542 0.9899117350578308
1654618346.18692 3.109619140625 0.9710502624511719 0.0 0.0 0.0 0.16053231060504913 0.987030565738678
1654618346.2868676 3.150310516357422 0.9865951538085938 0.0 0.0 0.0 0.18037259578704834 0.9835983514785767
1654618346.3867362 3.187419891357422 1.0096321105957031 0.0 0.0 0.0 0.2027953416109085 0.9792211651802063
1654618346.4866147 3.230335235595703 1.0120658874511719 0.0 0.0 0.0 0.23099368810653687 0.9729552268981934
1654618346.586458 3.284435272216797 1.0095443725585938 0.0 0.0 0.0 0.26268091797828674 0.9648827314376831
1654618346.6862962 3.307220458984375 1.0255813598632812 0.0 0.0 0.0 0.2945694923400879 0.9556300640106201
1654618346.7861454 3.35296630859375 1.0217399597167969 0.0 0.0 0.0 0.3300090432167053 0.9439777731895447
1654618346.8861558 3.3849716186523438 1.0337448120117188 0.0 0.0 0.0 0.36594271659851074 0.9306373596191406
1654618346.9862185 3.4150009155273438 1.0450363159179688 0.0 0.0 0.0 0.39976930618286133 0.9166157841682434
1654618347.0864003 3.441669464111328 1.046173095703125 0.0 0.0 0.0 0.4348992705345154 0.9004791378974915
1654618347.1866865 3.4678955078125 1.07012939453125 0.0 0.0 0.0 0.4664571285247803 0.884543776512146
1654618347.286958 3.4932785034179688 1.0968742370605469 0.0 0.0 0.0 0.4985080063343048 0.8668851256370544
1654618347.3871944 3.5142135620117188 1.1150016784667969 0.0 0.0 0.0 0.5307986736297607 0.8474979400634766
1654618347.4873655 3.5351028442382812 1.1426506042480469 0.0 0.0 0.0 0.5602037310600281 0.8283548355102539
1654618347.5875995 3.5829086303710938 1.1721916198730469 0.0 0.0 0.0 0.5880492925643921 0.8088250756263733
1654618347.687831 3.60198974609375 1.2246818542480469 0.0 0.0 0.0 0.6113333106040955 0.7913732528686523
1654618347.7880597 3.6135177612304688 1.2748184204101562 0.0 0.0 0.0 0.63025963306427 0.7763844728469849
1654618347.8883114 3.640819549560547 1.3252487182617188 0.0 0.0 0.0 0.6445484757423401 0.7645634412765503
1654618347.9886022 3.674694061279297 1.415283203125 0.0 0.0 0.0 0.6540141105651855 0.7564823627471924
1654618348.0888517 3.6982803344726562 1.481597900390625 0.0 0.0 0.0 0.6575239896774292 0.7534335851669312
1654618348.1889372 3.7207107543945312 1.56341552734375 0.0 0.0 0.0 0.6607151627540588 0.7506367564201355
1654618348.2888348 3.7303390502929688 1.660614013671875 0.0 0.0 0.0 0.6622657179832458 0.7492690682411194
1654618348.388578 3.750904083251953 1.7637519836425781 0.0 0.0 0.0 0.6657849550247192 0.746143639087677
1654618348.4881873 3.7643661499023438 1.8292770385742188 0.0 0.0 0.0 0.6672664284706116 0.7448191046714783
1654618348.587715 3.776287078857422 1.9189033508300781 0.0 0.0 0.0 0.671635627746582 0.740881621837616
1654618348.6871748 3.7966842651367188 2.004871368408203 0.0 0.0 0.0 0.6798761487007141 0.7333269715309143
1654618348.7866518 3.808429718017578 2.0854721069335938 0.0 0.0 0.0 0.6908566951751709 0.7229917049407959
1654618348.886198 3.817707061767578 2.1615676879882812 0.0 0.0 0.0 0.7012314200401306 0.7129337191581726
1654618348.9859073 3.826831817626953 2.239307403564453 0.0 0.0 0.0 0.7136037945747375 0.7005495429039001
1654618349.0857747 3.836071014404297 2.301799774169922 0.0 0.0 0.0 0.726677656173706 0.6869785785675049
1654618349.1857948 3.8454818725585938 2.367626190185547 0.0 0.0 0.0 0.7407065033912659 0.6718287467956543
1654618349.2859604 3.850902557373047 2.428112030029297 0.0 0.0 0.0 0.7547218203544617 0.6560449004173279
1654618349.386181 3.861103057861328 2.4678573608398438 0.0 0.0 0.0 0.768975019454956 0.6392788290977478
1654618349.4864852 3.846954345703125 2.50677490234375 0.0 0.0 0.0 0.78462153673172 0.6199750304222107
1654618349.5868137 3.8549423217773438 2.551605224609375 0.0 0.0 0.0 0.7998513579368591 0.6001980900764465
1654618349.6870646 3.87445068359375 2.5767135620117188 0.0 0.0 0.0 0.8173008561134338 0.576211154460907
1654618349.7871969 3.872913360595703 2.594524383544922 0.0 0.0 0.0 0.8350839614868164 0.5501224994659424
1654618349.8872437 3.890766143798828 2.61663818359375 0.0 0.0 0.0 0.8557005524635315 0.5174713134765625
1654618349.987214 3.890338897705078 2.6350479125976562 0.0 0.0 0.0 0.8762997984886169 0.48176613450050354
1654618350.0871747 3.8915176391601562 2.631988525390625 0.0 0.0 0.0 0.8958629369735718 0.44433045387268066
1654618350.1871116 3.8939132690429688 2.64208984375 0.0 0.0 0.0 0.9156859517097473 0.40189453959465027
1654618350.2871726 3.900279998779297 2.6390380859375 0.0 0.0 0.0 0.9326106309890747 0.3608841896057129
1654618350.3873045 3.900928497314453 2.654132843017578 0.0 0.0 0.0 0.9480194449424744 0.31821244955062866
1654618350.4874806 3.928760528564453 2.65863037109375 0.0 0.0 0.0 0.9611552357673645 0.2760084271430969
1654618350.587702 3.955150604248047 2.661212921142578 0.0 0.0 0.0 0.9714236259460449 0.23735231161117554
1654618350.687943 3.971172332763672 2.6710128784179688 0.0 0.0 0.0 0.9799210429191589 0.19938606023788452
1654618350.7882454 4.014884948730469 2.6911239624023438 0.0 0.0 0.0 0.9863250851631165 0.164811372756958
1654618350.8885963 3.994159698486328 2.706035614013672 0.0 0.0 0.0 0.990247905254364 0.13931652903556824
1654618350.988883 3.983531951904297 2.7198562622070312 0.0 0.0 0.0 0.993083655834198 0.11740907281637192
1654618351.0889423 3.9975662231445312 2.740375518798828 0.0 0.0 0.0 0.9950999617576599 0.09887412190437317
1654618351.1887689 3.9186325073242188 2.7496566772460938 0.0 0.0 0.0 0.9976494908332825 0.06852327287197113
1654618351.2885146 3.8631515502929688 2.758514404296875 0.0 0.0 0.0 0.9988687038421631 0.047552842646837234
1654618351.3882744 3.8050918579101562 2.7728958129882812 0.0 0.0 0.0 0.999583899974823 0.02884412556886673
1654618351.4881237 3.736522674560547 2.784290313720703 0.0 0.0 0.0 0.9998540878295898 0.017083007842302322
1654618351.588082 3.6546630859375 2.79791259765625 0.0 0.0 0.0 0.9999710321426392 0.0076112765818834305
1654618351.68806 3.5691604614257812 2.801074981689453 0.0 0.0 0.0 0.9999989867210388 0.0014316593296825886
1654618351.7880352 3.478656768798828 2.804718017578125 0.0 0.0 0.0 -0.9999964833259583 0.002641154220327735
1654618351.8880174 3.370941162109375 2.813549041748047 0.0 0.0 0.0 -0.9999834895133972 0.005743666552007198
1654618351.9879963 3.2830276489257812 2.8076248168945312 0.0 0.0 0.0 -0.9999669194221497 0.008133278228342533
1654618352.0878975 3.1993484497070312 2.8168716430664062 0.0 0.0 0.0 -0.9999540448188782 0.009586858563125134
1654618352.1877642 3.102458953857422 2.8183975219726562 0.0 0.0 0.0 -0.9999078512191772 0.013573186472058296
1654618352.2876065 3.00384521484375 2.822582244873047 0.0 0.0 0.0 -0.9998249411582947 0.018711384385824203
1654618352.387402 2.9157638549804688 2.822834014892578 0.0 0.0 0.0 -0.9996874332427979 0.02500138059258461
1654618352.487163 2.815540313720703 2.8243942260742188 0.0 0.0 0.0 -0.9994421005249023 0.033398572355508804
1654618352.5870245 2.727020263671875 2.8297195434570312 0.0 0.0 0.0 -0.9990964531898499 0.04250040277838707
1654618352.6869624 2.634532928466797 2.8286361694335938 0.0 0.0 0.0 -0.9985977411270142 0.05293869227170944
1654618352.787015 2.538013458251953 2.8207473754882812 0.0 0.0 0.0 -0.9980134963989258 0.06300072371959686
1654618352.887118 2.471111297607422 2.8099288940429688 0.0 0.0 0.0 -0.9975293874740601 0.0702500194311142
1654618352.9873104 2.365978240966797 2.806751251220703 0.0 0.0 0.0 -0.9969040155410767 0.07862795889377594
1654618353.0875633 2.2820968627929688 2.794048309326172 0.0 0.0 0.0 -0.9964697360992432 0.0839526355266571
1654618353.18782 2.174358367919922 2.7906265258789062 0.0 0.0 0.0 -0.9962994456291199 0.08595012873411179
1654618353.2880082 2.0840377807617188 2.7777481079101562 0.0 0.0 0.0 -0.9961862564086914 0.08725187182426453
1654618353.3881261 1.9830398559570312 2.750713348388672 0.0 0.0 0.0 -0.996094286441803 0.08829591423273087
1654618353.4881587 1.8982124328613281 2.7443771362304688 0.0 0.0 0.0 -0.9960976839065552 0.0882573276758194
1654618353.588119 1.8099288940429688 2.735576629638672 0.0 0.0 0.0 -0.9959249496459961 0.09018567949533463
1654618353.6880336 1.7145156860351562 2.7264938354492188 0.0 0.0 0.0 -0.9959297776222229 0.09013272821903229
1654618353.7878492 1.6270980834960938 2.708759307861328 0.0 0.0 0.0 -0.9955024123191833 0.09473646432161331
1654618353.8876138 1.5567512512207031 2.694622039794922 0.0 0.0 0.0 -0.9947962760925293 0.10188425332307816
1654618353.987436 1.4582328796386719 2.6883621215820312 0.0 0.0 0.0 -0.994025468826294 0.10914859920740128
1654618354.0872753 1.3794784545898438 2.6823043823242188 0.0 0.0 0.0 -0.9931532144546509 0.11681902408599854
1654618354.1871643 1.3176193237304688 2.6604690551757812 0.0 0.0 0.0 -0.9916267991065979 0.12913668155670166
1654618354.2871537 1.2284164428710938 2.6517105102539062 0.0 0.0 0.0 -0.9906052350997925 0.13675256073474884
1654618354.387294 1.1503372192382812 2.640979766845703 0.0 0.0 0.0 -0.9896926879882812 0.14320768415927887
1654618354.4874678 1.064971923828125 2.621875762939453 0.0 0.0 0.0 -0.9891766905784607 0.14672942459583282
1654618354.587682 0.9912338256835938 2.594623565673828 0.0 0.0 0.0 -0.9887266159057617 0.14973202347755432
1654618354.6878014 0.9162826538085938 2.575286865234375 0.0 0.0 0.0 -0.9879659414291382 0.15467163920402527
1654618354.7878914 0.857177734375 2.5634231567382812 0.0 0.0 0.0 -0.9873228669166565 0.158724844455719
1654618354.887926 0.7986946105957031 2.545726776123047 0.0 0.0 0.0 -0.9865885376930237 0.16322700679302216
1654618354.9879587 0.7596054077148438 2.535572052001953 0.0 0.0 0.0 -0.9862315654754639 0.16537007689476013
1654618355.0879526 0.7097091674804688 2.5160903930664062 0.0 0.0 0.0 -0.9857732653617859 0.16808056831359863
1654618355.1878886 0.6595840454101562 2.506427764892578 0.0 0.0 0.0 -0.985260546207428 0.17106039822101593
1654618355.2877312 0.6392593383789062 2.500396728515625 0.0 0.0 0.0 -0.9837912321090698 0.1793176382780075
1654618355.3875005 0.5931282043457031 2.4876632690429688 0.0 0.0 0.0 -0.9824103116989136 0.18673492968082428
1654618355.4872205 0.5517959594726562 2.490825653076172 0.0 0.0 0.0 -0.9799068570137024 0.19945555925369263
1654618355.5868638 0.5121879577636719 2.4947509765625 0.0 0.0 0.0 -0.9740906953811646 0.22615770995616913
1654618355.6864913 0.48361968994140625 2.4928512573242188 0.0 0.0 0.0 -0.9674275517463684 0.2531481385231018
1654618355.786153 0.45154571533203125 2.489795684814453 0.0 0.0 0.0 -0.958975613117218 0.2834884822368622
1654618355.8859715 0.437164306640625 2.4860763549804688 0.0 0.0 0.0 -0.9493086338043213 0.3143455684185028
1654618355.9858015 0.4068603515625 2.488384246826172 0.0 0.0 0.0 -0.9361686110496521 0.35155126452445984
1654618356.0858035 0.39994049072265625 2.480762481689453 0.0 0.0 0.0 -0.9215441942214966 0.3882734477519989
1654618356.1858735 0.3789253234863281 2.5010986328125 0.0 0.0 0.0 -0.9015573859214783 0.43265947699546814
1654618356.2861779 0.3671379089355469 2.5072250366210938 0.0 0.0 0.0 -0.8803936243057251 0.47424373030662537
1654618356.3866649 0.3434867858886719 2.522796630859375 0.0 0.0 0.0 -0.8612480759620667 0.5081847310066223
1654618356.4873934 0.32257080078125 2.513519287109375 0.0 0.0 0.0 -0.8447818160057068 0.5351109504699707
1654618356.5880404 0.31470489501953125 2.508625030517578 0.0 0.0 0.0 -0.8291562795639038 0.5590168833732605
1654618356.6885052 0.2998542785644531 2.49749755859375 0.0 0.0 0.0 -0.8126434087753296 0.5827612280845642
1654618356.7887695 0.2823600769042969 2.4900283813476562 0.0 0.0 0.0 -0.7965173125267029 0.6046156883239746
1654618356.8888052 0.26816558837890625 2.466663360595703 0.0 0.0 0.0 -0.7815448641777039 0.623849093914032
1654618356.9886944 0.25798797607421875 2.436115264892578 0.0 0.0 0.0 -0.7659623026847839 0.6428855061531067
1654618357.0884848 0.24683761596679688 2.396076202392578 0.0 0.0 0.0 -0.7531360983848572 0.6578646898269653
1654618357.1882327 0.24470138549804688 2.359546661376953 0.0 0.0 0.0 -0.7417480945587158 0.6706786155700684
1654618357.287985 0.23860549926757812 2.294330596923828 0.0 0.0 0.0 -0.7327945232391357 0.6804499626159668
1654618357.3877487 0.23694992065429688 2.241546630859375 0.0 0.0 0.0 -0.7248242497444153 0.688933789730072
1654618357.487499 0.20756912231445312 2.1864395141601562 0.0 0.0 0.0 -0.7149860262870789 0.6991387605667114
1654618357.5872643 0.21510696411132812 2.098896026611328 0.0 0.0 0.0 -0.7108566164970398 0.7033369541168213
1654618357.6870959 0.20125579833984375 2.0382156372070312 0.0 0.0 0.0 -0.7039244771003723 0.7102748155593872
1654618357.787019 0.195831298828125 1.9617919921875 0.0 0.0 0.0 -0.7028144598007202 0.7113732099533081
1654618357.8870134 0.18996047973632812 1.8936882019042969 0.0 0.0 0.0 -0.7000119090080261 0.7141311764717102
1654618357.9870825 0.17791748046875 1.8179817199707031 0.0 0.0 0.0 -0.7010026574134827 0.7131586670875549
1654618358.087215 0.17853927612304688 1.7289314270019531 0.0 0.0 0.0 -0.7021679878234863 0.7120113372802734
1654618358.1873446 0.18119430541992188 1.6428337097167969 0.0 0.0 0.0 -0.7040998935699463 0.7101008892059326
1654618358.2873936 0.17569732666015625 1.5560073852539062 0.0 0.0 0.0 -0.7059638500213623 0.7082478404045105
1654618358.3873293 0.17923736572265625 1.4815139770507812 0.0 0.0 0.0 -0.7059545516967773 0.7082571387290955
1654618358.487132 0.18458175659179688 1.4090690612792969 0.0 0.0 0.0 -0.7056487202644348 0.7085618376731873
1654618358.5868077 0.16172409057617188 1.3461532592773438 0.0 0.0 0.0 -0.6982308626174927 0.7158727049827576
1654618358.6863945 0.15172576904296875 1.2778434753417969 0.0 0.0 0.0 -0.6884384155273438 0.725294828414917
1654618358.7858744 0.14656448364257812 1.2328109741210938 0.0 0.0 0.0 -0.6720964312553406 0.7404636144638062
1654618358.8853376 0.13331985473632812 1.1917610168457031 0.0 0.0 0.0 -0.6488555669784546 0.7609115839004517
1654618358.9848835 0.11015701293945312 1.1569023132324219 0.0 0.0 0.0 -0.616057813167572 0.7877009510993958
1654618359.0845594 0.094940185546875 1.1175422668457031 0.0 0.0 0.0 -0.581568717956543 0.8134973049163818
1654618359.184444 0.11195755004882812 1.0929756164550781 0.0 0.0 0.0 -0.5472342371940613 0.8369795083999634
1654618359.284569 0.16157913208007812 1.062591552734375 0.0 0.0 0.0 -0.5076881051063538 0.8615409135818481
1654618359.3848712 0.112579345703125 1.0387077331542969 0.0 0.0 0.0 -0.4657866954803467 0.884896993637085
1654618359.4854584 0.07875442504882812 1.0341567993164062 0.0 0.0 0.0 -0.41813966631889343 0.908382773399353
1654618359.586213 0.06862640380859375 1.0222358703613281 0.0 0.0 0.0 -0.37487462162971497 0.9270755052566528
1654618359.6870296 0.087432861328125 1.0134696960449219 0.0 0.0 0.0 -0.33824777603149414 0.9410570859909058
1654618359.787805 0.11641693115234375 0.9856948852539062 0.0 0.0 0.0 -0.30234307050704956 0.9531992077827454
1654618359.8883784 0.089141845703125 0.9928359985351562 0.0 0.0 0.0 -0.25525012612342834 0.9668750762939453
1654618359.9887521 0.06727981567382812 0.9770393371582031 0.0 0.0 0.0 -0.21405647695064545 0.9768213033676147
1654618360.0889552 0.012714385986328125 0.9648933410644531 0.0 0.0 0.0 -0.17563502490520477 0.9844553470611572
1654618360.1890488 0.03253936767578125 0.9481315612792969 0.0 0.0 0.0 -0.14472942054271698 0.9894712567329407
1654618360.2890604 0.02611541748046875 0.9477157592773438 0.0 0.0 0.0 -0.11599894613027573 0.9932493567466736
1654618360.388985 0.03753662109375 0.9373054504394531 0.0 0.0 0.0 -0.08895084261894226 0.9960359930992126
1654618360.4888468 0.030986785888671875 0.93048095703125 0.0 0.0 0.0 -0.06765763461589813 0.9977086186408997
1654618360.5887096 0.03301239013671875 0.9335517883300781 0.0 0.0 0.0 -0.050007134675979614 0.9987488389015198
1654618360.688538 0.034503936767578125 0.9411125183105469 0.0 0.0 0.0 -0.03520277142524719 0.9993801712989807
1654618360.7883344 0.03754425048828125 0.9336433410644531 0.0 0.0 0.0 -0.022766919806599617 0.9997407793998718
1654618360.888137 0.024974822998046875 0.9187431335449219 0.0 0.0 0.0 -0.012689877301454544 0.9999194741249084
1654618360.9880068 0.02738189697265625 0.9279365539550781 0.0 0.0 0.0 -0.007113309111446142 0.9999747276306152
1654618361.0879252 0.020111083984375 0.9206428527832031 0.0 0.0 0.0 -0.001034410553984344 0.999999463558197
1654618361.1878865 0.020732879638671875 0.9149284362792969 0.0 0.0 0.0 -0.0025440745521336794 0.9999967813491821
1654618361.2878892 0.024860382080078125 0.9233932495117188 0.0 0.0 0.0 -0.0028668921440839767 0.9999958872795105
1654618361.387944 0.03008270263671875 0.9314079284667969 0.0 0.0 0.0 -0.0033544558100402355 0.9999943971633911
1654618361.487986 0.031452178955078125 0.93182373046875 0.0 0.0 0.0 -0.008780517615377903 0.9999614357948303
1654618361.5879612 0.03045654296875 0.9369621276855469 0.0 0.0 0.0 -0.00935150682926178 0.9999562501907349
1654618361.6878507 0.032623291015625 0.9273300170898438 0.0 0.0 0.0 -0.012571154162287712 0.9999209642410278
1654618361.7876878 0.02472686767578125 0.9284553527832031 0.0 0.0 0.0 -0.011996370740234852 0.9999280571937561
1654618361.887518 0.026477813720703125 0.9339179992675781 0.0 0.0 0.0 -0.012003283947706223 0.9999279379844666
1654618361.9873552 0.025432586669921875 0.9302749633789062 0.0 0.0 0.0 -0.012182561680674553 0.9999257922172546
1654618362.0872462 0.03491973876953125 0.933929443359375 0.0 0.0 0.0 -0.009626628831028938 0.9999536871910095
1654618362.187212 0.02738189697265625 0.9327926635742188 0.0 0.0 0.0 -0.011405371129512787 0.99993497133255
1654618362.2872186 0.02679443359375 0.9343338012695312 0.0 0.0 0.0 -0.010808169841766357 0.9999415874481201
1654618362.3872585 0.02806854248046875 0.9374771118164062 0.0 0.0 0.0 -0.01025435421615839 0.9999474287033081
1654618362.487332 0.025798797607421875 0.9345893859863281 0.0 0.0 0.0 -0.011045859195291996 0.99993896484375
1654618362.5874226 0.025054931640625 0.9317092895507812 0.0 0.0 0.0 -0.010739032179117203 0.9999423623085022
1654618362.687502 0.025959014892578125 0.9313545227050781 0.0 0.0 0.0 -0.011689785867929459 0.9999316930770874
1654618362.7875676 0.031444549560546875 0.9351692199707031 0.0 0.0 0.0 -0.01077193208038807 0.9999420046806335
