1654618298.5277834 -0.14209747314453125 0.7486038208007812 0.0 0.0 0.0 0.007062883581966162 0.9999750852584839
1654618298.627821 -0.13571929931640625 0.7445068359375 0.0 0.0 0.0 0.008838067762553692 0.9999609589576721
1654618298.7277474 -0.13592529296875 0.7642135620117188 0.0 0.0 0.0 0.009516473859548569 0.9999547004699707
1654618298.8276293 -0.13776779174804688 0.7219429016113281 0.0 0.0 0.0 0.00923363957554102 0.9999573826789856
1654618298.9274776 -0.16616058349609375 0.7220954895019531 0.0 0.0 0.0 0.009202786721289158 0.9999576807022095
1654618299.0273402 -0.14861297607421875 0.74163818359375 0.0 0.0 0.0 0.009563744068145752 0.9999542832374573
1654618299.1272218 -0.14562606811523438 0.7240676879882812 0.0 0.0 0.0 0.013165345415472984 0.9999133348464966
1654618299.227134 -0.12259674072265625 0.766510009765625 0.0 0.0 0.0 0.009790435433387756 0.9999520778656006
1654618299.3271074 -0.0851898193359375 0.7515640258789062 0.0 0.0 0.0 0.008856497704982758 0.9999607801437378
1654618299.4272091 -0.07135391235351562 0.7179756164550781 0.0 0.0 0.0 0.01649637147784233 0.9998639225959778
1654618299.5274286 -0.028392791748046875 0.7209587097167969 0.0 0.0 0.0 0.016117626801133156 0.9998701214790344
1654618299.6275985 0.00707244873046875 0.7500190734863281 0.0 0.0 0.0 0.021292366087436676 0.9997732639312744
1654618299.7277894 0.07478713989257812 0.7277107238769531 0.0 0.0 0.0 0.02404835820198059 0.9997107982635498
1654618299.8281062 0.100616455078125 0.7307357788085938 0.0 0.0 0.0 0.02839251235127449 0.9995968341827393
1654618299.9282365 0.14786529541015625 0.7329521179199219 0.0 0.0 0.0 0.038638755679130554 0.9992532730102539
1654618300.0281482 0.21236419677734375 0.7382087707519531 0.0 0.0 0.0 0.04448307305574417 0.9990101456642151
1654618300.1279697 0.23569869995117188 0.7219734191894531 0.0 0.0 0.0 0.05781847611069679 0.9983271360397339
1654618300.2278748 0.263671875 0.7276535034179688 0.0 0.0 0.0 0.060725390911102295 0.9981545209884644
1654618300.3279474 0.28806304931640625 0.7280349731445312 0.0 0.0 0.0 0.06061559543013573 0.9981611967086792
1654618300.4280903 0.33580780029296875 0.7253303527832031 0.0 0.0 0.0 0.05269736796617508 0.9986105561256409
1654618300.5282962 0.3651123046875 0.7321357727050781 0.0 0.0 0.0 0.03786470368504524 0.9992828965187073
1654618300.6283882 0.4305419921875 0.7419242858886719 0.0 0.0 0.0 0.027289152145385742 0.9996275901794434
1654618300.7282274 0.47402191162109375 0.7463798522949219 0.0 0.0 0.0 0.021482735872268677 0.9997692108154297
1654618300.828161 0.53155517578125 0.7488288879394531 0.0 0.0 0.0 0.013810044154524803 0.9999046325683594
1654618300.928107 0.601226806640625 0.7517890930175781 0.0 0.0 0.0 0.004403451457619667 0.9999902844429016
1654618301.0279405 0.650421142578125 0.7592391967773438 0.0 0.0 0.0 0.0007414594874717295 0.9999997019767761
1654618301.1277342 0.7078018188476562 0.7560806274414062 0.0 0.0 0.0 -0.0049423095770180225 0.999987781047821
1654618301.2275324 0.7716865539550781 0.7594718933105469 0.0 0.0 0.0 -0.008834636770188808 0.9999609589576721
1654618301.3273208 0.8288803100585938 0.763580322265625 0.0 0.0 0.0 -0.009932982735335827 0.999950647354126
1654618301.4270244 0.9019584655761719 0.7669868469238281 0.0 0.0 0.0 -0.0097007742151618 0.9999529719352722
1654618301.5266833 0.9566764831542969 0.7567214965820312 0.0 0.0 0.0 -0.006834127940237522 0.999976634979248
1654618301.6263592 1.0293998718261719 0.7603683471679688 0.0 0.0 0.0 -0.001970679499208927 0.9999980330467224
1654618301.726207 1.098052978515625 0.7585639953613281 0.0 0.0 0.0 0.002659498481079936 0.9999964833259583
1654618301.8262236 1.1667366027832031 0.7532730102539062 0.0 0.0 0.0 0.009215877391397953 0.9999575614929199
1654618301.9263272 1.2303276062011719 0.7557296752929688 0.0 0.0 0.0 0.01659761555492878 0.9998622536659241
1654618302.0266721 1.3064956665039062 0.7497482299804688 0.0 0.0 0.0 0.023826895281672478 0.9997161030769348
1654618302.1271906 1.378509521484375 0.757293701171875 0.0 0.0 0.0 0.029491836205124855 0.9995650053024292
1654618302.2276523 1.4481697082519531 0.7465591430664062 0.0 0.0 0.0 0.034351896494627 0.9994097948074341
1654618302.3278913 1.5222854614257812 0.7475700378417969 0.0 0.0 0.0 0.03828662633895874 0.9992668032646179
1654618302.4278862 1.5991325378417969 0.7583427429199219 0.0 0.0 0.0 0.039528533816337585 0.9992184638977051
1654618302.5277922 1.6692924499511719 0.7532424926757812 0.0 0.0 0.0 0.04050350934267044 0.9991794228553772
1654618302.6276004 1.7694511413574219 0.7579231262207031 0.0 0.0 0.0 0.03895069658756256 0.9992411136627197
1654618302.7273614 1.84979248046875 0.7629814147949219 0.0 0.0 0.0 0.03729262575507164 0.9993044137954712
1654618302.8271341 1.890533447265625 0.7527542114257812 0.0 0.0 0.0 0.03871432691812515 0.9992502927780151
1654618302.9269233 1.9874191284179688 0.7683639526367188 0.0 0.0 0.0 0.03719278797507286 0.9993081092834473
1654618303.0268242 2.0903854370117188 0.7739067077636719 0.0 0.0 0.0 0.03658857196569443 0.9993304014205933
1654618303.1268137 2.1221847534179688 0.7666130065917969 0.0 0.0 0.0 0.03915126994252205 0.9992333054542542
1654618303.2268574 2.1046142578125 0.7747993469238281 0.0 0.0 0.0 0.036601558327674866 0.9993299245834351
1654618303.3268523 2.3284378051757812 0.7776985168457031 0.0 0.0 0.0 0.041373834013938904 0.9991437196731567
1654618303.4267995 2.3705215454101562 0.7775382995605469 0.0 0.0 0.0 0.04490691050887108 0.9989911913871765
1654618303.5267253 2.353282928466797 0.8004684448242188 0.0 0.0 0.0 0.0515265055000782 0.9986716508865356
1654618303.6268036 2.506500244140625 0.7947006225585938 0.0 0.0 0.0 0.05581963434815407 0.9984408617019653
1654618303.7269955 2.608318328857422 0.8089485168457031 0.0 0.0 0.0 0.06147278845310211 0.9981087446212769
1654618303.8272738 2.6804885864257812 0.8080024719238281 0.0 0.0 0.0 0.06854560971260071 0.9976480007171631
1654618303.9274895 2.712841033935547 0.816802978515625 0.0 0.0 0.0 0.07320266962051392 0.9973170757293701
1654618304.027605 2.832183837890625 0.8256645202636719 0.0 0.0 0.0 0.07990093529224396 0.996802806854248
1654618304.127703 2.8582839965820312 0.8343582153320312 0.0 0.0 0.0 0.08322376012802124 0.9965308904647827
1654618304.227765 2.8297119140625 0.8364982604980469 0.0 0.0 0.0 0.0894589051604271 0.995990514755249
1654618304.3276772 2.8218307495117188 0.8505325317382812 0.0 0.0 0.0 0.09481068700551987 0.9954953193664551
1654618304.4274476 3.096424102783203 0.8614501953125 0.0 0.0 0.0 0.1010470986366272 0.9948816299438477
1654618304.5272343 3.1397628784179688 0.8674507141113281 0.0 0.0 0.0 0.11037900298833847 0.993889570236206
1654618304.6270554 3.2086715698242188 0.8805351257324219 0.0 0.0 0.0 0.12227609753608704 0.992496132850647
1654618304.7269802 3.2668380737304688 0.8897895812988281 0.0 0.0 0.0 0.13945706188678741 0.9902281165122986
1654618304.8270621 3.305450439453125 0.8991584777832031 0.0 0.0 0.0 0.15785111486911774 0.9874629378318787
1654618304.927249 3.358448028564453 0.9052200317382812 0.0 0.0 0.0 0.17943991720676422 0.9837689399719238
1654618305.0274684 3.396709442138672 0.906036376953125 0.0 0.0 0.0 0.20490238070487976 0.9787824153900146
1654618305.127676 3.43316650390625 0.9129562377929688 0.0 0.0 0.0 0.22753335535526276 0.973770260810852
1654618305.2277193 3.460216522216797 0.917266845703125 0.0 0.0 0.0 0.2550470232963562 0.9669286608695984
1654618305.3277385 3.48370361328125 0.9129104614257812 0.0 0.0 0.0 0.2836300730705261 0.9589337706565857
1654618305.427717 3.5019149780273438 0.91436767578125 0.0 0.0 0.0 0.31272903084754944 0.9498423933982849
1654618305.5278106 3.5309524536132812 0.923675537109375 0.0 0.0 0.0 0.341047078371048 0.9400461912155151
1654618305.627774 3.547435760498047 0.9199447631835938 0.0 0.0 0.0 0.3759585916996002 0.9266364574432373
1654618305.727792 3.580291748046875 0.9256477355957031 0.0 0.0 0.0 0.4036408066749573 0.914917528629303
1654618305.8278158 3.607860565185547 0.9226303100585938 0.0 0.0 0.0 0.4370271861553192 0.8994482755661011
1654618305.9277182 3.626697540283203 0.924072265625 0.0 0.0 0.0 0.4687398374080658 0.8833362460136414
1654618306.0276673 3.6407394409179688 0.9341201782226562 0.0 0.0 0.0 0.49611178040504456 0.8682586550712585
1654618306.1276155 3.6580581665039062 0.948974609375 0.0 0.0 0.0 0.5219887495040894 0.8529523611068726
1654618306.2275937 3.680316925048828 0.955902099609375 0.0 0.0 0.0 0.5475289821624756 0.836786687374115
1654618306.3277485 3.7077865600585938 0.9658432006835938 0.0 0.0 0.0 0.5691811442375183 0.8222121596336365
1654618306.4280643 3.7222061157226562 0.9762077331542969 0.0 0.0 0.0 0.5935951471328735 0.8047637939453125
1654618306.528265 3.7439193725585938 0.9985275268554688 0.0 0.0 0.0 0.6134524345397949 0.7897316813468933
1654618306.6284373 3.7436294555664062 1.0176582336425781 0.0 0.0 0.0 0.6329036355018616 0.7742305994033813
1654618306.7285678 3.7522354125976562 1.0431289672851562 0.0 0.0 0.0 0.6463639140129089 0.7630293369293213
1654618306.8285177 3.7608413696289062 1.0780105590820312 0.0 0.0 0.0 0.6562967300415039 0.7545028924942017
1654618306.92829 3.7712020874023438 1.114105224609375 0.0 0.0 0.0 0.6666803359985352 0.7453437447547913
1654618307.0279906 3.7837600708007812 1.1660842895507812 0.0 0.0 0.0 0.6752607226371765 0.7375791072845459
1654618307.1278143 3.791553497314453 1.2224540710449219 0.0 0.0 0.0 0.6803220510482788 0.7329133152961731
1654618307.2277224 3.792980194091797 1.2768478393554688 0.0 0.0 0.0 0.6862704753875732 0.7273464202880859
1654618307.3277643 3.7955322265625 1.3368911743164062 0.0 0.0 0.0 0.6898891925811768 0.7239149808883667
1654618307.4278147 3.8093643188476562 1.4029121398925781 0.0 0.0 0.0 0.6903906464576721 0.7234367728233337
1654618307.5277162 3.811016082763672 1.4633674621582031 0.0 0.0 0.0 0.6907186508178711 0.7231236100196838
1654618307.6275454 3.819171905517578 1.5332412719726562 0.0 0.0 0.0 0.6903073787689209 0.7235162258148193
1654618307.7273855 3.8197021484375 1.6071891784667969 0.0 0.0 0.0 0.6893313527107239 0.7244462370872498
1654618307.8273027 3.825489044189453 1.68377685546875 0.0 0.0 0.0 0.688106119632721 0.725610077381134
1654618307.9272525 3.8280410766601562 1.7426071166992188 0.0 0.0 0.0 0.6903769373893738 0.7234498858451843
1654618308.0272276 3.835285186767578 1.8053512573242188 0.0 0.0 0.0 0.692208468914032 0.7216976284980774
1654618308.1272295 3.846588134765625 1.8712692260742188 0.0 0.0 0.0 0.6939444541931152 0.7200285196304321
1654618308.2272902 3.8519363403320312 1.9273300170898438 0.0 0.0 0.0 0.6971294283866882 0.7169453501701355
1654618308.3273401 3.8550643920898438 1.9820022583007812 0.0 0.0 0.0 0.7008512616157532 0.7133074402809143
1654618308.4272566 3.8640823364257812 2.039295196533203 0.0 0.0 0.0 0.7084267139434814 0.7057843804359436
1654618308.5271428 3.876361846923828 2.0884017944335938 0.0 0.0 0.0 0.7174839973449707 0.6965749859809875
1654618308.6269014 3.8802261352539062 2.1516952514648438 0.0 0.0 0.0 0.728456974029541 0.6850915551185608
1654618308.7267365 3.862598419189453 2.2076034545898438 0.0 0.0 0.0 0.7386507987976074 0.6740882396697998
1654618308.826632 3.8690872192382812 2.2474441528320312 0.0 0.0 0.0 0.7530853748321533 0.6579228043556213
1654618308.9267197 3.8633651733398438 2.2964248657226562 0.0 0.0 0.0 0.7664419412612915 0.6423135995864868
1654618309.0269213 3.8639755249023438 2.346424102783203 0.0 0.0 0.0 0.7801935076713562 0.6255382299423218
1654618309.1270378 3.855243682861328 2.399188995361328 0.0 0.0 0.0 0.7944119572639465 0.6073793172836304
1654618309.2271445 3.852996826171875 2.431865692138672 0.0 0.0 0.0 0.8105901479721069 0.5856139063835144
1654618309.3272076 3.860942840576172 2.478260040283203 0.0 0.0 0.0 0.8255023956298828 0.5643985867500305
1654618309.4273295 3.8581619262695312 2.510814666748047 0.0 0.0 0.0 0.8420877456665039 0.5393405556678772
1654618309.5274284 3.851947784423828 2.551403045654297 0.0 0.0 0.0 0.8555223345756531 0.5177658796310425
1654618309.627412 3.845836639404297 2.5749435424804688 0.0 0.0 0.0 0.8696498274803162 0.4936690628528595
1654618309.7273805 3.840656280517578 2.606456756591797 0.0 0.0 0.0 0.8842048645019531 0.46709924936294556
1654618309.827413 3.842327117919922 2.6244583129882812 0.0 0.0 0.0 0.8981682062149048 0.43965205550193787
1654618309.9273422 3.8528366088867188 2.6509780883789062 0.0 0.0 0.0 0.9132457971572876 0.4074089825153351
1654618310.0271974 3.8482894897460938 2.672962188720703 0.0 0.0 0.0 0.9264583587646484 0.3763972818851471
1654618310.1270797 3.835979461669922 2.70550537109375 0.0 0.0 0.0 0.936119019985199 0.35168328881263733
1654618310.2270067 3.831134796142578 2.721637725830078 0.0 0.0 0.0 0.9480052590370178 0.3182547092437744
1654618310.3270113 3.8240432739257812 2.7379074096679688 0.0 0.0 0.0 0.9569706320762634 0.29018470644950867
1654618310.4272077 3.8030014038085938 2.7627944946289062 0.0 0.0 0.0 0.9652809500694275 0.2612138092517853
1654618310.5275028 3.7855911254882812 2.796630859375 0.0 0.0 0.0 0.9713585376739502 0.23761864006519318
1654618310.6277988 3.7587509155273438 2.826629638671875 0.0 0.0 0.0 0.9757887721061707 0.21871505677700043
1654618310.7280538 3.736083984375 2.843250274658203 0.0 0.0 0.0 0.9803176522254944 0.1974266618490219
1654618310.8282752 3.7043533325195312 2.8567428588867188 0.0 0.0 0.0 0.9841650724411011 0.17725422978401184
1654618310.9283273 3.67236328125 2.8849258422851562 0.0 0.0 0.0 0.9865891933441162 0.16322289407253265
1654618311.0283098 3.6265945434570312 2.8939132690429688 0.0 0.0 0.0 0.9890595078468323 0.14751708507537842
1654618311.1282094 3.5781326293945312 2.9051437377929688 0.0 0.0 0.0 0.9911014437675476 0.13310858607292175
1654618311.2281473 3.5411758422851562 2.92315673828125 0.0 0.0 0.0 0.9928844571113586 0.11908192187547684
1654618311.328069 3.4950027465820312 2.9475173950195312 0.0 0.0 0.0 0.9943262934684753 0.10637321323156357
1654618311.4279773 3.4377517700195312 2.959583282470703 0.0 0.0 0.0 0.9955829381942749 0.0938863754272461
1654618311.5278728 3.3887939453125 2.968158721923828 0.0 0.0 0.0 0.9967361092567444 0.08072863519191742
1654618311.6275852 3.330242156982422 2.9852981567382812 0.0 0.0 0.0 0.9976851940155029 0.06800199300050735
1654618311.7273288 3.270782470703125 3.0049972534179688 0.0 0.0 0.0 0.9984399676322937 0.05583607032895088
1654618311.8272045 3.1953201293945312 3.01275634765625 0.0 0.0 0.0 0.9989414215087891 0.04600100591778755
1654618311.9272075 3.1295547485351562 3.0223312377929688 0.0 0.0 0.0 0.9992355108261108 0.03909457102417946
1654618312.0271769 3.055694580078125 3.016246795654297 0.0 0.0 0.0 0.9995501637458801 0.029991138726472855
1654618312.1271884 2.982494354248047 3.038738250732422 0.0 0.0 0.0 0.9998235106468201 0.018786592409014702
1654618312.2272563 2.913715362548828 3.0494155883789062 0.0 0.0 0.0 0.9998975992202759 0.014309351332485676
1654618312.3274431 2.8410263061523438 3.060710906982422 0.0 0.0 0.0 0.9999675154685974 0.008059966377913952
1654618312.427598 2.7684326171875 3.069366455078125 0.0 0.0 0.0 0.999999463558197 0.0010112085146829486
1654618312.5276704 2.6926956176757812 3.063995361328125 0.0 0.0 0.0 -0.9999887347221375 0.004751740023493767
1654618312.627692 2.619281768798828 3.058807373046875 0.0 0.0 0.0 -0.9999312162399292 0.011727377772331238
1654618312.7276003 2.5398941040039062 3.0552444458007812 0.0 0.0 0.0 -0.9998316764831543 0.018348217010498047
1654618312.8274171 2.470287322998047 3.056682586669922 0.0 0.0 0.0 -0.9996890425682068 0.02493714727461338
1654618312.9272363 2.389141082763672 3.052631378173828 0.0 0.0 0.0 -0.9994560480117798 0.032978709787130356
1654618313.0270853 2.309368133544922 3.0470352172851562 0.0 0.0 0.0 -0.9992793202400208 0.03795768320560455
1654618313.1270895 2.2283096313476562 3.053466796875 0.0 0.0 0.0 -0.9990679025650024 0.04316629096865654
1654618313.2272804 2.145477294921875 3.0619125366210938 0.0 0.0 0.0 -0.9990387558937073 0.04383525624871254
1654618313.327519 2.064453125 3.057342529296875 0.0 0.0 0.0 -0.999187171459198 0.040311094373464584
1654618313.4276392 1.9711799621582031 3.045928955078125 0.0 0.0 0.0 -0.9993411302566528 0.03629538416862488
1654618313.527725 1.8703842163085938 3.039600372314453 0.0 0.0 0.0 -0.9995663166046143 0.029447784647345543
1654618313.62779 1.787872314453125 3.025867462158203 0.0 0.0 0.0 -0.9996929168701172 0.024781029671430588
1654618313.7277822 1.7006454467773438 3.018756866455078 0.0 0.0 0.0 -0.999817430973053 0.019108280539512634
1654618313.8277497 1.6236457824707031 3.014209747314453 0.0 0.0 0.0 -0.9999046325683594 0.013810509815812111
1654618313.927664 1.5083541870117188 3.0189743041992188 0.0 0.0 0.0 -0.9999390244483948 0.0110454261302948
1654618314.0275204 1.434600830078125 3.016071319580078 0.0 0.0 0.0 -0.999984085559845 0.005638883449137211
1654618314.1274219 1.3438644409179688 3.0168685913085938 0.0 0.0 0.0 -0.9999980926513672 0.0019430664833635092
1654618314.2272346 1.264678955078125 3.017791748046875 0.0 0.0 0.0 -0.999997615814209 0.002187206642702222
1654618314.3269906 1.1902236938476562 3.01153564453125 0.0 0.0 0.0 -0.9999998807907104 0.00043065944919362664
1654618314.4267442 1.0905532836914062 3.0190353393554688 0.0 0.0 0.0 -0.9999886155128479 0.004769501741975546
1654618314.5265784 1.0076370239257812 3.0125961303710938 0.0 0.0 0.0 -0.9999722838401794 0.007449156604707241
1654618314.626565 0.942230224609375 3.014812469482422 0.0 0.0 0.0 -0.999927818775177 0.012016202323138714
1654618314.726723 0.8362655639648438 3.0286788940429688 0.0 0.0 0.0 -0.9999147057533264 0.013061465695500374
1654618314.8271456 0.768341064453125 3.0244064331054688 0.0 0.0 0.0 -0.9998875856399536 0.014994611963629723
1654618314.9274418 0.6972846984863281 3.0291671752929688 0.0 0.0 0.0 -0.9997413754463196 0.022740505635738373
1654618315.0276127 0.6209831237792969 3.0219650268554688 0.0 0.0 0.0 -0.9995690584182739 0.029354840517044067
1654618315.1276336 0.553436279296875 3.0198898315429688 0.0 0.0 0.0 -0.9993711709976196 0.03545740619301796
1654618315.2274344 0.49553680419921875 3.0136032104492188 0.0 0.0 0.0 -0.9990152716636658 0.0443677194416523
1654618315.3271887 0.42803192138671875 3.016143798828125 0.0 0.0 0.0 -0.9983507990837097 0.05740770325064659
1654618315.4269903 0.382171630859375 3.0109329223632812 0.0 0.0 0.0 -0.9974039196968079 0.0720100849866867
1654618315.5267315 0.3257865905761719 3.004993438720703 0.0 0.0 0.0 -0.9957979917526245 0.09157691150903702
1654618315.626555 0.26633453369140625 3.0144882202148438 0.0 0.0 0.0 -0.9938172101974487 0.11102835834026337
1654618315.7264888 0.22173309326171875 3.0035171508789062 0.0 0.0 0.0 -0.9907712340354919 0.13554464280605316
1654618315.8265293 0.18865203857421875 3.001361846923828 0.0 0.0 0.0 -0.9869967699050903 0.1607399731874466
1654618315.9268131 0.14211273193359375 3.0064315795898438 0.0 0.0 0.0 -0.982365608215332 0.1869700849056244
1654618316.0271199 0.11492156982421875 2.9993972778320312 0.0 0.0 0.0 -0.9760434627532959 0.21757552027702332
1654618316.1274111 0.08690643310546875 3.0058212280273438 0.0 0.0 0.0 -0.9685332775115967 0.24888403713703156
1654618316.2276263 0.05913543701171875 2.9932785034179688 0.0 0.0 0.0 -0.9592015743255615 0.28272315859794617
1654618316.3277435 0.030895233154296875 3.0050888061523438 0.0 0.0 0.0 -0.9483130574226379 0.3173363506793976
1654618316.4278164 0.00848388671875 3.01141357421875 0.0 0.0 0.0 -0.9367794394493103 0.3499203622341156
1654618316.5277874 -0.00685882568359375 3.018054962158203 0.0 0.0 0.0 -0.922679603099823 0.3855675458908081
1654618316.6277134 -0.02520751953125 3.024829864501953 0.0 0.0 0.0 -0.9079561829566956 0.4190651476383209
1654618316.7276254 -0.03119659423828125 3.0291366577148438 0.0 0.0 0.0 -0.8916128873825073 0.4527984857559204
1654618316.8275769 -0.04393768310546875 3.022632598876953 0.0 0.0 0.0 -0.8774753212928772 0.4796217381954193
1654618316.9276898 -0.05867767333984375 3.017253875732422 0.0 0.0 0.0 -0.8626875281333923 0.5057373046875
1654618317.0277815 -0.0622711181640625 3.0169143676757812 0.0 0.0 0.0 -0.8468088507652283 0.5318973660469055
1654618317.1278849 -0.06897354125976562 3.013927459716797 0.0 0.0 0.0 -0.8313233852386475 0.5557889938354492
1654618317.2279499 -0.08416748046875 3.017578125 0.0 0.0 0.0 -0.8152050971984863 0.5791723728179932
1654618317.3279705 -0.10491180419921875 3.0321731567382812 0.0 0.0 0.0 -0.7991217970848083 0.6011691689491272
1654618317.427889 -0.12200164794921875 3.0108413696289062 0.0 0.0 0.0 -0.7855802178382874 0.61875981092453
1654618317.5277994 -0.12202072143554688 3.012744903564453 0.0 0.0 0.0 -0.7733914852142334 0.6339287161827087
1654618317.627619 -0.14934158325195312 2.989654541015625 0.0 0.0 0.0 -0.7596367001533508 0.6503477096557617
1654618317.727432 -0.14482498168945312 2.9572219848632812 0.0 0.0 0.0 -0.7515643835067749 0.659659743309021
1654618317.8272645 -0.1605072021484375 2.927410125732422 0.0 0.0 0.0 -0.7419367432594299 0.6704698801040649
1654618317.9271617 -0.16160202026367188 2.9035720825195312 0.0 0.0 0.0 -0.7372074127197266 0.6756665110588074
1654618318.0269523 -0.19417953491210938 2.803203582763672 0.0 0.0 0.0 -0.7273001074790955 0.6863195300102234
1654618318.1268473 -0.19583892822265625 2.7589950561523438 0.0 0.0 0.0 -0.7218199372291565 0.6920809149742126
1654618318.2268162 -0.2028350830078125 2.711345672607422 0.0 0.0 0.0 -0.7140776515007019 0.7000665068626404
1654618318.326821 -0.21555328369140625 2.6420974731445312 0.0 0.0 0.0 -0.7074322700500488 0.7067811489105225
1654618318.4268198 -0.22101211547851562 2.5722274780273438 0.0 0.0 0.0 -0.7012280821800232 0.7129369974136353
1654618318.5269306 -0.2119293212890625 2.510986328125 0.0 0.0 0.0 -0.6969075798988342 0.7171609401702881
1654618318.627166 -0.20844268798828125 2.4598388671875 0.0 0.0 0.0 -0.6939254403114319 0.720046877861023
1654618318.7273855 -0.21335220336914062 2.3838729858398438 0.0 0.0 0.0 -0.6916099190711975 0.722271203994751
1654618318.827648 -0.20911788940429688 2.3072433471679688 0.0 0.0 0.0 -0.6932303309440613 0.720716118812561
1654618318.9278767 -0.21997833251953125 2.2246170043945312 0.0 0.0 0.0 -0.6921737194061279 0.7217309474945068
1654618319.0278494 -0.20388031005859375 2.146636962890625 0.0 0.0 0.0 -0.6955394744873047 0.7184879183769226
1654618319.1275887 -0.21722793579101562 2.051097869873047 0.0 0.0 0.0 -0.6954918503761292 0.718533992767334
1654618319.2273085 -0.20546722412109375 2.0129623413085938 0.0 0.0 0.0 -0.6957426071166992 0.718291163444519
1654618319.3270364 -0.20724868774414062 1.9186935424804688 0.0 0.0 0.0 -0.6952767968177795 0.7187420725822449
1654618319.4267669 -0.20187759399414062 1.8585205078125 0.0 0.0 0.0 -0.694512128829956 0.7194809913635254
1654618319.5266678 -0.20995330810546875 1.7695426940917969 0.0 0.0 0.0 -0.691264271736145 0.7226020693778992
1654618319.6267183 -0.22458267211914062 1.6784744262695312 0.0 0.0 0.0 -0.6867460012435913 0.7268974184989929
1654618319.7268214 -0.23430252075195312 1.6159591674804688 0.0 0.0 0.0 -0.6839375495910645 0.7295405864715576
1654618319.8269737 -0.23470306396484375 1.5325851440429688 0.0 0.0 0.0 -0.6826542019844055 0.730741560459137
1654618319.9270923 -0.2214508056640625 1.4666023254394531 0.0 0.0 0.0 -0.6782156229019165 0.7348629832267761
1654618320.0272512 -0.2050018310546875 1.4057731628417969 0.0 0.0 0.0 -0.6754655838012695 0.7373915314674377
1654618320.127246 -0.21651840209960938 1.335113525390625 0.0 0.0 0.0 -0.6710246801376343 0.7414350509643555
1654618320.227243 -0.22534561157226562 1.285675048828125 0.0 0.0 0.0 -0.6648529767990112 0.7469742298126221
1654618320.3273072 -0.20719146728515625 1.2336311340332031 0.0 0.0 0.0 -0.6579615473747253 0.7530515193939209
1654618320.427287 -0.22150039672851562 1.1809577941894531 0.0 0.0 0.0 -0.6511893272399902 0.758915364742279
1654618320.5271695 -0.20861434936523438 1.1436080932617188 0.0 0.0 0.0 -0.6406777501106262 0.7678098678588867
1654618320.6270797 -0.20888900756835938 1.1079177856445312 0.0 0.0 0.0 -0.6281613707542419 0.778083086013794
1654618320.7270179 -0.19806671142578125 1.0776557922363281 0.0 0.0 0.0 -0.6150937676429749 0.788453996181488
1654618320.8270152 -0.19320297241210938 1.0349006652832031 0.0 0.0 0.0 -0.6027225852012634 0.797950804233551
1654618320.92708 -0.19807815551757812 1.0083427429199219 0.0 0.0 0.0 -0.5844321250915527 0.8114426136016846
1654618321.0271347 -0.17423248291015625 0.9767990112304688 0.0 0.0 0.0 -0.5674058198928833 0.823438286781311
1654618321.1272814 -0.16683578491210938 0.9540176391601562 0.0 0.0 0.0 -0.5484529137611389 0.8361814618110657
1654618321.2275379 -0.16518402099609375 0.9180107116699219 0.0 0.0 0.0 -0.5337641835212708 0.8456333875656128
1654618321.32774 -0.15102386474609375 0.89483642578125 0.0 0.0 0.0 -0.5159617066383362 0.8566116690635681
1654618321.4278362 -0.1590423583984375 0.8698806762695312 0.0 0.0 0.0 -0.4978313148021698 0.8672738671302795
1654618321.527907 -0.14931869506835938 0.8415908813476562 0.0 0.0 0.0 -0.4796275794506073 0.8774721622467041
1654618321.627953 -0.14675140380859375 0.8110427856445312 0.0 0.0 0.0 -0.45931047201156616 0.8882758021354675
1654618321.7279458 -0.14160919189453125 0.7881889343261719 0.0 0.0 0.0 -0.4364464282989502 0.8997302651405334
1654618321.8279326 -0.1343231201171875 0.7708740234375 0.0 0.0 0.0 -0.41384705901145935 0.9103464484214783
1654618321.927847 -0.14974212646484375 0.7576522827148438 0.0 0.0 0.0 -0.38973695039749146 0.9209262132644653
1654618322.0277364 -0.14222335815429688 0.7380867004394531 0.0 0.0 0.0 -0.36443769931793213 0.9312277436256409
1654618322.127595 -0.1393280029296875 0.7239570617675781 0.0 0.0 0.0 -0.3368374705314636 0.941562831401825
1654618322.2273777 -0.14422988891601562 0.6855278015136719 0.0 0.0 0.0 -0.3078043460845947 0.9514496922492981
1654618322.3271086 -0.15018081665039062 0.6736526489257812 0.0 0.0 0.0 -0.2727449834346771 0.9620863795280457
1654618322.426996 -0.16313934326171875 0.6575508117675781 0.0 0.0 0.0 -0.24371059238910675 0.9698479771614075
1654618322.5271227 -0.13893890380859375 0.661529541015625 0.0 0.0 0.0 -0.21026268601417542 0.9776449203491211
1654618322.6272871 -0.15217208862304688 0.6328048706054688 0.0 0.0 0.0 -0.18784311413764954 0.9821990728378296
1654618322.7275977 -0.14432144165039062 0.630828857421875 0.0 0.0 0.0 -0.1661909520626068 0.9860935807228088
1654618322.8278606 -0.13444137573242188 0.6175460815429688 0.0 0.0 0.0 -0.14417524635791779 0.9895521998405457
1654618322.9280486 -0.14322662353515625 0.60894775390625 0.0 0.0 0.0 -0.11767657101154327 0.9930519461631775
1654618323.02813 -0.11841964721679688 0.5981216430664062 0.0 0.0 0.0 -0.09631666541099548 0.99535071849823
1654618323.1280918 -0.11157989501953125 0.5942001342773438 0.0 0.0 0.0 -0.07136320322751999 0.9974504113197327
1654618323.227971 -0.10323333740234375 0.5947151184082031 0.0 0.0 0.0 -0.048858169466257095 0.9988057017326355
1654618323.3279147 -0.07541656494140625 0.5902214050292969 0.0 0.0 0.0 -0.029324769973754883 0.9995699524879456
1654618323.4279277 -0.06069183349609375 0.57098388671875 0.0 0.0 0.0 -0.008139194920659065 0.9999668598175049
1654618323.5280766 -0.011478424072265625 0.6047554016113281 0.0 0.0 0.0 0.003587143262848258 0.9999935626983643
1654618323.6282878 0.015178680419921875 0.604888916015625 0.0 0.0 0.0 0.01745074801146984 0.9998477101325989
1654618323.7283442 0.05950927734375 0.6014938354492188 0.0 0.0 0.0 0.027938855811953545 0.999609649181366
1654618323.8283358 0.10302734375 0.5918693542480469 0.0 0.0 0.0 0.03445747122168541 0.9994061589241028
1654618323.9283414 0.15754318237304688 0.5946273803710938 0.0 0.0 0.0 0.0367899090051651 0.9993230104446411
1654618324.0282028 0.23384857177734375 0.5928153991699219 0.0 0.0 0.0 0.03586149215698242 0.999356746673584
1654618324.1280177 0.2943000793457031 0.5994491577148438 0.0 0.0 0.0 0.037294309586286545 0.9993043541908264
1654618324.227766 0.372467041015625 0.5989608764648438 0.0 0.0 0.0 0.035270221531391144 0.9993777871131897
1654618324.3274915 0.4537162780761719 0.5948410034179688 0.0 0.0 0.0 0.031821057200431824 0.9994935989379883
1654618324.4272366 0.5359115600585938 0.6014633178710938 0.0 0.0 0.0 0.03136637061834335 0.9995079636573792
1654618324.527019 0.6221809387207031 0.5991287231445312 0.0 0.0 0.0 0.030143193900585175 0.9995455741882324
1654618324.6268556 0.6942520141601562 0.60211181640625 0.0 0.0 0.0 0.0321023091673851 0.9994845986366272
1654618324.7267916 0.776123046875 0.6125869750976562 0.0 0.0 0.0 0.033722247928380966 0.9994312524795532
1654618324.8266997 0.860382080078125 0.6120681762695312 0.0 0.0 0.0 0.03448422625660896 0.9994052648544312
1654618324.92667 0.930999755859375 0.6147270202636719 0.0 0.0 0.0 0.03695377707481384 0.9993169903755188
1654618325.0266986 1.0181045532226562 0.6248893737792969 0.0 0.0 0.0 0.04144340381026268 0.9991408586502075
1654618325.1267333 1.0864143371582031 0.6428413391113281 0.0 0.0 0.0 0.046914372593164444 0.9988989233970642
1654618325.226791 1.1654777526855469 0.6536178588867188 0.0 0.0 0.0 0.05228262022137642 0.9986323118209839
1654618325.3267915 1.251495361328125 0.6329536437988281 0.0 0.0 0.0 0.05373184010386467 0.9985554218292236
1654618325.4267738 1.3280029296875 0.6499099731445312 0.0 0.0 0.0 0.05612879619002342 0.9984235167503357
1654618325.5266702 1.414581298828125 0.6607666015625 0.0 0.0 0.0 0.05999775975942612 0.9981985092163086
1654618325.6265366 1.5019302368164062 0.651397705078125 0.0 0.0 0.0 0.05959708243608475 0.9982225298881531
1654618325.7264326 1.5895309448242188 0.6630020141601562 0.0 0.0 0.0 0.05955597758293152 0.9982249736785889
1654618325.8263853 1.673828125 0.669830322265625 0.0 0.0 0.0 0.05889187753200531 0.9982643723487854
1654618325.9263086 1.7524604797363281 0.6769828796386719 0.0 0.0 0.0 0.056956060230731964 0.9983766674995422
1654618326.026157 1.830657958984375 0.6835746765136719 0.0 0.0 0.0 0.05598603934049606 0.9984315633773804
1654618326.126033 1.9358711242675781 0.6950454711914062 0.0 0.0 0.0 0.05300365760922432 0.998594343662262
1654618326.2260225 2.012226104736328 0.7063179016113281 0.0 0.0 0.0 0.05280556529760361 0.9986048340797424
1654618326.3262224 2.101470947265625 0.7106437683105469 0.0 0.0 0.0 0.051932159811258316 0.9986506104469299
1654618326.4264135 2.187236785888672 0.7153396606445312 0.0 0.0 0.0 0.051329679787158966 0.9986817836761475
1654618326.5265417 2.2628173828125 0.7196731567382812 0.0 0.0 0.0 0.051107119768857956 0.9986931681632996
1654618326.6265955 2.369396209716797 0.7238960266113281 0.0 0.0 0.0 0.05167325213551521 0.9986640214920044
1654618326.7267816 2.450489044189453 0.7401046752929688 0.0 0.0 0.0 0.05301644653081894 0.9985936284065247
1654618326.8270078 2.5255813598632812 0.7519149780273438 0.0 0.0 0.0 0.055843062698841095 0.9984395503997803
1654618326.9272902 2.61627197265625 0.7665214538574219 0.0 0.0 0.0 0.056797828525304794 0.9983857274055481
1654618327.0275276 2.6882095336914062 0.7780685424804688 0.0 0.0 0.0 0.05995611473917961 0.9982010126113892
1654618327.127731 2.78802490234375 0.7853584289550781 0.0 0.0 0.0 0.06366508454084396 0.9979712963104248
1654618327.2278357 2.863239288330078 0.7752876281738281 0.0 0.0 0.0 0.07148236036300659 0.9974418878555298
1654618327.3279274 2.9331588745117188 0.7939071655273438 0.0 0.0 0.0 0.07292921096086502 0.9973371028900146
1654618327.4279325 3.0208740234375 0.80316162109375 0.0 0.0 0.0 0.08050231635570526 0.9967544078826904
1654618327.527789 3.087738037109375 0.8207778930664062 0.0 0.0 0.0 0.08941812813282013 0.9959941506385803
1654618327.6276402 3.16552734375 0.8276901245117188 0.0 0.0 0.0 0.10157738626003265 0.9948276281356812
1654618327.7274177 3.243000030517578 0.8319587707519531 0.0 0.0 0.0 0.11967111378908157 0.9928135871887207
1654618327.8272169 3.312530517578125 0.8364486694335938 0.0 0.0 0.0 0.13762933015823364 0.990483820438385
1654618327.9271076 3.37518310546875 0.8443107604980469 0.0 0.0 0.0 0.16023267805576324 0.9870792627334595
1654618328.0269876 3.413249969482422 0.8549613952636719 0.0 0.0 0.0 0.18581390380859375 0.9825849533081055
1654618328.1269352 3.456134796142578 0.8581733703613281 0.0 0.0 0.0 0.21470509469509125 0.9766789078712463
1654618328.227004 3.5018234252929688 0.8601913452148438 0.0 0.0 0.0 0.24109849333763123 0.970500648021698
1654618328.327145 3.5201492309570312 0.8555488586425781 0.0 0.0 0.0 0.2721824645996094 0.9622456431388855
1654618328.4272213 3.542980194091797 0.860595703125 0.0 0.0 0.0 0.30454498529434204 0.9524979591369629
1654618328.5273101 3.562591552734375 0.870880126953125 0.0 0.0 0.0 0.3358360230922699 0.9419204592704773
1654618328.6273391 3.5968246459960938 0.8782234191894531 0.0 0.0 0.0 0.3650525212287903 0.9309869408607483
1654618328.7273874 3.625690460205078 0.8870658874511719 0.0 0.0 0.0 0.3913814425468445 0.9202285408973694
1654618328.8274424 3.644123077392578 0.9037895202636719 0.0 0.0 0.0 0.4182615280151367 0.9083266258239746
1654618328.9275043 3.6723556518554688 0.9131278991699219 0.0 0.0 0.0 0.44072598218917847 0.8976417183876038
1654618329.0275497 3.701557159423828 0.9304618835449219 0.0 0.0 0.0 0.46021395921707153 0.8878080248832703
1654618329.1275384 3.7286453247070312 0.9564018249511719 0.0 0.0 0.0 0.4793982207775116 0.877597451210022
1654618329.2273383 3.756866455078125 0.9872512817382812 0.0 0.0 0.0 0.493937224149704 0.8694975972175598
1654618329.3270433 3.7921676635742188 1.024169921875 0.0 0.0 0.0 0.5096285343170166 0.8603945374488831
1654618329.4266849 3.8215866088867188 1.060577392578125 0.0 0.0 0.0 0.5270808935165405 0.8498151302337646
1654618329.5265636 3.859851837158203 1.1068305969238281 0.0 0.0 0.0 0.5409737825393677 0.8410394191741943
1654618329.626558 3.8940353393554688 1.1572074890136719 0.0 0.0 0.0 0.5549914240837097 0.8318560719490051
1654618329.7265856 3.9103012084960938 1.2025566101074219 0.0 0.0 0.0 0.5703068971633911 0.8214316964149475
1654618329.826651 3.9492263793945312 1.2528190612792969 0.0 0.0 0.0 0.5864430069923401 0.8099905252456665
1654618329.926715 3.993988037109375 1.3118476867675781 0.0 0.0 0.0 0.6008687615394592 0.7993476986885071
1654618330.0267153 4.010082244873047 1.3620491027832031 0.0 0.0 0.0 0.6167054176330566 0.787194013595581
1654618330.1266491 4.0321044921875 1.4223556518554688 0.0 0.0 0.0 0.6356956958770752 0.771939754486084
1654618330.2266784 4.050182342529297 1.4900894165039062 0.0 0.0 0.0 0.6536813974380493 0.7567698955535889
1654618330.326732 4.079673767089844 1.5651664733886719 0.0 0.0 0.0 0.6700894236564636 0.7422804236412048
1654618330.4270287 4.080574035644531 1.6287727355957031 0.0 0.0 0.0 0.6856968998908997 0.7278872132301331
1654618330.5273035 4.084442138671875 1.7023811340332031 0.0 0.0 0.0 0.699815571308136 0.7143235802650452
1654618330.6275733 4.085643768310547 1.77838134765625 0.0 0.0 0.0 0.7126994729042053 0.7014695405960083
1654618330.7277174 4.090972900390625 1.856597900390625 0.0 0.0 0.0 0.7238233089447021 0.6899853944778442
1654618330.827829 4.114154815673828 1.9548530578613281 0.0 0.0 0.0 0.7302044034004211 0.6832287907600403
1654618330.9277709 4.107673645019531 2.0336837768554688 0.0 0.0 0.0 0.7383033037185669 0.6744688749313354
1654618331.0275106 4.102458953857422 2.1243515014648438 0.0 0.0 0.0 0.7443180084228516 0.6678254008293152
1654618331.1271393 4.10235595703125 2.201557159423828 0.0 0.0 0.0 0.7513320446014404 0.659924328327179
1654618331.226819 4.09307861328125 2.289142608642578 0.0 0.0 0.0 0.7556518912315369 0.6549734473228455
1654618331.3265588 4.082660675048828 2.357158660888672 0.0 0.0 0.0 0.7642201781272888 0.6449553966522217
1654618331.4263887 4.064239501953125 2.443309783935547 0.0 0.0 0.0 0.773464560508728 0.6338395476341248
1654618331.5262618 4.041126251220703 2.507221221923828 0.0 0.0 0.0 0.7859935760498047 0.6182346343994141
1654618331.6260412 4.029716491699219 2.5585861206054688 0.0 0.0 0.0 0.8019185066223145 0.5974333882331848
1654618331.7260556 4.022930145263672 2.620899200439453 0.0 0.0 0.0 0.8166074752807617 0.5771934390068054
1654618331.8262615 4.020801544189453 2.668109893798828 0.0 0.0 0.0 0.8327142000198364 0.5537030100822449
1654618331.9264727 4.017982482910156 2.6964492797851562 0.0 0.0 0.0 0.847917914390564 0.5301275253295898
1654618332.0267434 4.026386260986328 2.719463348388672 0.0 0.0 0.0 0.8627639412879944 0.5056068897247314
1654618332.1270006 4.024005889892578 2.752685546875 0.0 0.0 0.0 0.8771586418151855 0.48020073771476746
1654618332.227136 4.024986267089844 2.763031005859375 0.0 0.0 0.0 0.8934568166732788 0.44914910197257996
1654618332.3270962 4.035331726074219 2.772899627685547 0.0 0.0 0.0 0.911291241645813 0.41176238656044006
1654618332.4270358 4.037895202636719 2.7924118041992188 0.0 0.0 0.0 0.9277340173721313 0.37324196100234985
1654618332.5269434 4.055797576904297 2.794384002685547 0.0 0.0 0.0 0.940825879573822 0.33889031410217285
1654618332.6269114 4.076221466064453 2.781158447265625 0.0 0.0 0.0 0.9549239277839661 0.29685068130493164
1654618332.7269235 4.088848114013672 2.7941513061523438 0.0 0.0 0.0 0.9660050272941589 0.2585233449935913
1654618332.8269806 4.106548309326172 2.8031845092773438 0.0 0.0 0.0 0.9743586778640747 0.2250002920627594
1654618332.927058 4.127155303955078 2.8117446899414062 0.0 0.0 0.0 0.9805790185928345 0.1961243897676468
1654618333.0271525 4.1318359375 2.8075790405273438 0.0 0.0 0.0 0.9864717125892639 0.1639316976070404
1654618333.1273506 4.142864227294922 2.828723907470703 0.0 0.0 0.0 0.9899165630340576 0.1416516900062561
1654618333.2275245 4.148902893066406 2.832111358642578 0.0 0.0 0.0 0.9932951331138611 0.11560600250959396
1654618333.3276198 4.145030975341797 2.8450088500976562 0.0 0.0 0.0 0.9952535629272461 0.09731550514698029
1654618333.4277394 4.138294219970703 2.848236083984375 0.0 0.0 0.0 0.996638834476471 0.0819210633635521
1654618333.52784 4.12725830078125 2.8617935180664062 0.0 0.0 0.0 0.9975447058677673 0.0700325220823288
1654618333.6277661 4.110248565673828 2.8634719848632812 0.0 0.0 0.0 0.9982509613037109 0.05911830812692642
1654618333.7276895 4.072174072265625 2.8747940063476562 0.0 0.0 0.0 0.999147355556488 0.041286367923021317
1654618333.827743 4.035755157470703 2.8873367309570312 0.0 0.0 0.0 0.9995623230934143 0.029583266004920006
1654618333.9279547 3.981781005859375 2.888103485107422 0.0 0.0 0.0 0.9997780323028564 0.02106732875108719
1654618334.0282736 3.928180694580078 2.887500762939453 0.0 0.0 0.0 0.9998762011528015 0.01573624461889267
1654618334.1285865 3.84271240234375 2.912158966064453 0.0 0.0 0.0 0.9999138712882996 0.013125356286764145
1654618334.2288315 3.7556076049804688 2.9261093139648438 0.0 0.0 0.0 0.9998252391815186 0.018693387508392334
1654618334.3288577 3.668121337890625 2.906890869140625 0.0 0.0 0.0 0.9996585249900818 0.02613004297018051
1654618334.4286354 3.5711135864257812 2.9118423461914062 0.0 0.0 0.0 0.999538004398346 0.030394120141863823
1654618334.5282438 3.4847183227539062 2.907062530517578 0.0 0.0 0.0 0.9993176460266113 0.0369354672729969
1654618334.6278827 3.388011932373047 2.9115829467773438 0.0 0.0 0.0 0.9992217421531677 0.039444420486688614
1654618334.7275946 3.2995223999023438 2.919261932373047 0.0 0.0 0.0 0.9991238713264465 0.04185033589601517
1654618334.8273983 3.213878631591797 2.9260025024414062 0.0 0.0 0.0 0.9991827607154846 0.04041984677314758
1654618334.9272156 3.128986358642578 2.93841552734375 0.0 0.0 0.0 0.9992842078208923 0.037829626351594925
1654618335.0270996 3.040721893310547 2.958324432373047 0.0 0.0 0.0 0.9995044469833374 0.0314786434173584
1654618335.127092 2.9451370239257812 2.9623947143554688 0.0 0.0 0.0 0.9996953010559082 0.024684380739927292
1654618335.2271104 2.861492156982422 2.962554931640625 0.0 0.0 0.0 0.9998685121536255 0.0162177886813879
1654618335.3272521 2.77349853515625 2.9626083374023438 0.0 0.0 0.0 0.9999666213989258 0.00816856324672699
1654618335.427371 2.686145782470703 2.975017547607422 0.0 0.0 0.0 0.9999999403953552 0.000335649645421654
1654618335.527511 2.60272216796875 2.975189208984375 0.0 0.0 0.0 -0.9999743700027466 0.007161989342421293
1654618335.6277099 2.5116806030273438 2.978240966796875 0.0 0.0 0.0 -0.9999080896377563 0.013558167032897472
1654618335.7280126 2.414867401123047 2.9915847778320312 0.0 0.0 0.0 -0.9998836517333984 0.015254935249686241
1654618335.8283422 2.3143844604492188 2.995269775390625 0.0 0.0 0.0 -0.999849259853363 0.01736084371805191
1654618335.9285862 2.2186965942382812 2.9827651977539062 0.0 0.0 0.0 -0.9997807741165161 0.020937537774443626
1654618336.028699 2.114391326904297 2.9750900268554688 0.0 0.0 0.0 -0.9997649192810059 0.02168123424053192
1654618336.1286182 2.0249252319335938 2.971149444580078 0.0 0.0 0.0 -0.9997656345367432 0.021647626534104347
1654618336.2284038 1.9363327026367188 2.9719924926757812 0.0 0.0 0.0 -0.9997662901878357 0.021618902683258057
1654618336.328018 1.839599609375 2.9700088500976562 0.0 0.0 0.0 -0.9997405409812927 0.022778404876589775
1654618336.427502 1.7175788879394531 2.964916229248047 0.0 0.0 0.0 -0.9997488260269165 0.022410975769162178
1654618336.5269213 1.6123275756835938 2.96673583984375 0.0 0.0 0.0 -0.999659538269043 0.026091193780303
1654618336.6264493 1.5185470581054688 2.959705352783203 0.0 0.0 0.0 -0.9995088577270508 0.0313384048640728
1654618336.7262633 1.4202041625976562 2.9559249877929688 0.0 0.0 0.0 -0.9993596076965332 0.03578251972794533
1654618336.8263135 1.3327751159667969 2.9505386352539062 0.0 0.0 0.0 -0.9991323351860046 0.04164833575487137
1654618336.9265466 1.23248291015625 2.9496841430664062 0.0 0.0 0.0 -0.9988267421722412 0.048426710069179535
1654618337.0268462 1.1370315551757812 2.95025634765625 0.0 0.0 0.0 -0.9985331892967224 0.05414336174726486
1654618337.1272185 1.0626144409179688 2.9358139038085938 0.0 0.0 0.0 -0.998299777507782 0.05828849598765373
1654618337.2275722 0.95037841796875 2.91754150390625 0.0 0.0 0.0 -0.9977219700813293 0.06745976954698563
1654618337.3278887 0.882537841796875 2.922405242919922 0.0 0.0 0.0 -0.9972989559173584 0.07344929128885269
1654618337.4281213 0.7958145141601562 2.9061050415039062 0.0 0.0 0.0 -0.9964655041694641 0.08400288224220276
1654618337.5282078 0.710662841796875 2.896038055419922 0.0 0.0 0.0 -0.9954850077629089 0.09491898119449615
1654618337.6281729 0.6405448913574219 2.886394500732422 0.0 0.0 0.0 -0.9939849376678467 0.10951664298772812
1654618337.7279456 0.5808334350585938 2.885498046875 0.0 0.0 0.0 -0.9918459057807922 0.12744300067424774
1654618337.8275428 0.51611328125 2.879100799560547 0.0 0.0 0.0 -0.9886650443077087 0.15013806521892548
1654618337.9270818 0.4663810729980469 2.8678359985351562 0.0 0.0 0.0 -0.9844092130661011 0.17589358985424042
1654618338.0267296 0.4099540710449219 2.860767364501953 0.0 0.0 0.0 -0.9787456393241882 0.2050778865814209
1654618338.1264896 0.3679618835449219 2.8488388061523438 0.0 0.0 0.0 -0.971728503704071 0.23610109090805054
1654618338.2265022 0.32175445556640625 2.842967987060547 0.0 0.0 0.0 -0.9622752070426941 0.27207791805267334
1654618338.3266797 0.28510284423828125 2.836444854736328 0.0 0.0 0.0 -0.9517702460289001 0.306811660528183
1654618338.426943 0.244415283203125 2.8378982543945312 0.0 0.0 0.0 -0.9380900263786316 0.3463914692401886
1654618338.5272148 0.20530319213867188 2.8381729125976562 0.0 0.0 0.0 -0.9220256209373474 0.3871288597583771
1654618338.6273508 0.18840789794921875 2.8336563110351562 0.0 0.0 0.0 -0.9030529856681824 0.42952919006347656
1654618338.7275124 0.16722869873046875 2.821735382080078 0.0 0.0 0.0 -0.8828996419906616 0.46956169605255127
1654618338.8277683 0.13655853271484375 2.80474853515625 0.0 0.0 0.0 -0.8616896271705627 0.50743567943573
1654618338.9279542 0.11333084106445312 2.779327392578125 0.0 0.0 0.0 -0.8399772047996521 0.5426216721534729
1654618339.0280364 0.09318161010742188 2.7583847045898438 0.0 0.0 0.0 -0.8194541335105896 0.5731447339057922
1654618339.1279979 0.06174468994140625 2.734222412109375 0.0 0.0 0.0 -0.8007184863090515 0.5990408062934875
1654618339.2279494 0.027984619140625 2.6966018676757812 0.0 0.0 0.0 -0.783687949180603 0.6211547255516052
1654618339.327896 0.013927459716796875 2.646678924560547 0.0 0.0 0.0 -0.7686173319816589 0.6397088170051575
1654618339.4278362 -0.002285003662109375 2.594005584716797 0.0 0.0 0.0 -0.7558450102806091 0.6547505259513855
1654618339.5277846 -0.02352142333984375 2.531475067138672 0.0 0.0 0.0 -0.744173526763916 0.6679863333702087
1654618339.627637 -0.0466461181640625 2.46673583984375 0.0 0.0 0.0 -0.7323855757713318 0.6808901429176331
1654618339.7275882 -0.05046844482421875 2.3954544067382812 0.0 0.0 0.0 -0.7222076058387756 0.6916763782501221
1654618339.8275578 -0.049503326416015625 2.3158187866210938 0.0 0.0 0.0 -0.7158084511756897 0.6982966661453247
1654618339.927498 -0.08554458618164062 2.2150955200195312 0.0 0.0 0.0 -0.7067562341690063 0.7074571847915649
1654618340.0273883 -0.09126663208007812 2.130542755126953 0.0 0.0 0.0 -0.700646698474884 0.7135083675384521
1654618340.1272318 -0.12714767456054688 2.0437545776367188 0.0 0.0 0.0 -0.6893819570541382 0.7243980169296265
1654618340.2270408 -0.11978912353515625 1.9706916809082031 0.0 0.0 0.0 -0.682861328125 0.7305480241775513
1654618340.326914 -0.08488845825195312 1.8773269653320312 0.0 0.0 0.0 -0.6735655069351196 0.739127516746521
1654618340.426818 -0.11759567260742188 1.8175239562988281 0.0 0.0 0.0 -0.6561482548713684 0.7546320557594299
1654618340.5268078 -0.11553573608398438 1.7496452331542969 0.0 0.0 0.0 -0.6436693668365479 0.7653036713600159
1654618340.6270292 -0.09503936767578125 1.661865234375 0.0 0.0 0.0 -0.635111391544342 0.7724205255508423
1654618340.7273211 -0.09864425659179688 1.597625732421875 0.0 0.0 0.0 -0.6232468485832214 0.782025158405304
1654618340.827483 -0.0829925537109375 1.5158004760742188 0.0 0.0 0.0 -0.6151630878448486 0.788399875164032
1654618340.9276073 -0.07614898681640625 1.4624404907226562 0.0 0.0 0.0 -0.6042166948318481 0.7968200445175171
1654618341.027606 -0.06919097900390625 1.3883438110351562 0.0 0.0 0.0 -0.5967739224433899 0.8024094104766846
1654618341.1274686 -0.047634124755859375 1.3330268859863281 0.0 0.0 0.0 -0.5855545997619629 0.8106329441070557
1654618341.2272239 -0.032299041748046875 1.269622802734375 0.0 0.0 0.0 -0.573280930519104 0.8193588852882385
1654618341.3269033 -0.009662628173828125 1.2246932983398438 0.0 0.0 0.0 -0.5544976592063904 0.8321852684020996
1654618341.4266016 0.01142120361328125 1.1677742004394531 0.0 0.0 0.0 -0.532208263874054 0.8466134667396545
1654618341.526405 0.008777618408203125 1.11932373046875 0.0 0.0 0.0 -0.5055567026138306 0.8627933859825134
1654618341.6263905 0.02165985107421875 1.0833854675292969 0.0 0.0 0.0 -0.47517621517181396 0.8798906207084656
1654618341.726432 0.01471710205078125 1.0518608093261719 0.0 0.0 0.0 -0.4402028024196625 0.8978983759880066
1654618341.8264616 0.013774871826171875 1.0306396484375 0.0 0.0 0.0 -0.40131238102912903 0.9159412384033203
1654618341.926613 0.012737274169921875 0.9966201782226562 0.0 0.0 0.0 -0.36403781175613403 0.9313841462135315
1654618342.0268874 -0.003997802734375 0.997283935546875 0.0 0.0 0.0 -0.3192850351333618 0.9476587176322937
1654618342.1271615 -0.01020050048828125 0.9897537231445312 0.0 0.0 0.0 -0.2757164239883423 0.9612390398979187
1654618342.2275138 -0.01256561279296875 0.9527359008789062 0.0 0.0 0.0 -0.23552806675434113 0.971867561340332
1654618342.3278687 -0.00894927978515625 0.94329833984375 0.0 0.0 0.0 -0.19401618838310242 0.9809983372688293
1654618342.4281344 -0.008419036865234375 0.93682861328125 0.0 0.0 0.0 -0.1580357551574707 0.9874333739280701
1654618342.528496 -0.00592803955078125 0.93487548828125 0.0 0.0 0.0 -0.13034312427043915 0.9914689660072327
1654618342.6288185 0.02954864501953125 0.9264297485351562 0.0 0.0 0.0 -0.11155218631029129 0.9937585592269897
1654618342.7290626 0.046710968017578125 0.9105300903320312 0.0 0.0 0.0 -0.09563105553388596 0.9954168200492859
1654618342.8291013 0.09685134887695312 0.9074783325195312 0.0 0.0 0.0 -0.08649390935897827 0.9962523579597473
1654618342.9288788 0.15383148193359375 0.884246826171875 0.0 0.0 0.0 -0.07458492368459702 0.997214674949646
1654618343.0285525 0.21046066284179688 0.8539657592773438 0.0 0.0 0.0 -0.06258772313594818 0.9980394840240479
1654618343.128336 0.28267669677734375 0.8393135070800781 0.0 0.0 0.0 -0.05000665783882141 0.9987488985061646
1654618343.228182 0.377471923828125 0.871734619140625 0.0 0.0 0.0 -0.04319221153855324 0.9990667700767517
1654618343.3280656 0.4614067077636719 0.83209228515625 0.0 0.0 0.0 -0.03091668337583542 0.9995219707489014
1654618343.4278932 0.5494461059570312 0.8135604858398438 0.0 0.0 0.0 -0.017436249181628227 0.999847948551178
1654618343.5276291 0.6458740234375 0.832275390625 0.0 0.0 0.0 -0.008771934546530247 0.9999615550041199
1654618343.627358 0.7284622192382812 0.8184585571289062 0.0 0.0 0.0 0.008884048089385033 0.9999605417251587
1654618343.7272427 0.8404960632324219 0.8207817077636719 0.0 0.0 0.0 0.014034978114068508 0.999901533126831
1654618343.8272402 0.92877197265625 0.8418502807617188 0.0 0.0 0.0 0.029374733567237854 0.9995684623718262
1654618343.927317 1.0157699584960938 0.7935104370117188 0.0 0.0 0.0 0.04320172592997551 0.9990663528442383
1654618344.0275288 1.1375961303710938 0.8010368347167969 0.0 0.0 0.0 0.04902669042348862 0.9987974762916565
1654618344.1277092 1.2293930053710938 0.8062057495117188 0.0 0.0 0.0 0.05986558273434639 0.9982064366340637
1654618344.2278335 1.3399238586425781 0.8196907043457031 0.0 0.0 0.0 0.06297959387302399 0.9980148077011108
1654618344.3279855 1.4413032531738281 0.8210868835449219 0.0 0.0 0.0 0.06795237958431244 0.9976885914802551
1654618344.4281597 1.5527725219726562 0.8393173217773438 0.0 0.0 0.0 0.0672585591673851 0.9977355599403381
1654618344.528333 1.6529312133789062 0.8478622436523438 0.0 0.0 0.0 0.06617209315299988 0.9978082180023193
1654618344.628404 1.7643013000488281 0.8663330078125 0.0 0.0 0.0 0.06347528845071793 0.9979833960533142
1654618344.7283485 1.8616218566894531 0.8715019226074219 0.0 0.0 0.0 0.06147065758705139 0.9981088638305664
1654618344.8281298 1.9767379760742188 0.8815422058105469 0.0 0.0 0.0 0.05945088341832161 0.9982312321662903
1654618344.927885 2.0768814086914062 0.894195556640625 0.0 0.0 0.0 0.05847546458244324 0.9982888698577881
1654618345.0277023 2.1836776733398438 0.9031181335449219 0.0 0.0 0.0 0.059465374797582626 0.9982303977012634
1654618345.1275208 2.2553787231445312 0.918914794921875 0.0 0.0 0.0 0.060843825340270996 0.9981473088264465
1654618345.2273908 2.361682891845703 0.9327926635742188 0.0 0.0 0.0 0.06404198706150055 0.9979472160339355
1654618345.3272977 2.456676483154297 0.940826416015625 0.0 0.0 0.0 0.06957604736089706 0.9975766539573669
1654618345.4272733 2.55303955078125 0.9542617797851562 0.0 0.0 0.0 0.07518994808197021 0.9971692562103271
1654618345.5272512 2.6261367797851562 0.9636344909667969 0.0 0.0 0.0 0.08308327943086624 0.9965426325798035
1654618345.6271603 2.73199462890625 0.96832275390625 0.0 0.0 0.0 0.09167980402708054 0.9957885146141052
1654618345.7270856 2.803455352783203 0.9875717163085938 0.0 0.0 0.0 0.09961360692977905 0.995026171207428
1654618345.8269453 2.8991165161132812 0.9883041381835938 0.0 0.0 0.0 0.11130787432193756 0.9937859773635864
1654618345.926877 2.952564239501953 1.0055007934570312 0.0 0.0 0.0 0.12114451080560684 0.9926348924636841
1654618346.0268047 3.0224533081054688 1.0101737976074219 0.0 0.0 0.0 0.13615870475769043 0.9906870126724243
1654618346.1267996 3.0686416625976562 1.022003173828125 0.0 0.0 0.0 0.15090611577033997 0.9885480999946594
1654618346.2268388 3.1287612915039062 1.0318717956542969 0.0 0.0 0.0 0.16972647607326508 0.9854912161827087
1654618346.3268483 3.1688308715820312 1.0402946472167969 0.0 0.0 0.0 0.19190897047519684 0.9814127087593079
1654618346.426837 3.216869354248047 1.0475883483886719 0.0 0.0 0.0 0.21818946301937103 0.9759064316749573
1654618346.5269735 3.251506805419922 1.0562553405761719 0.0 0.0 0.0 0.2501119077205658 0.9682169556617737
1654618346.6270902 3.29876708984375 1.0646743774414062 0.0 0.0 0.0 0.2802714407444 0.9599207639694214
1654618346.72718 3.3246078491210938 1.0555191040039062 0.0 0.0 0.0 0.3192374110221863 0.9476747512817383
1654618346.827268 3.365276336669922 1.0723381042480469 0.0 0.0 0.0 0.352385938167572 0.9358547925949097
1654618346.9272974 3.3924560546875 1.0710525512695312 0.0 0.0 0.0 0.38936880230903625 0.9210819602012634
1654618347.0274553 3.427989959716797 1.0798454284667969 0.0 0.0 0.0 0.4228307008743286 0.9062086939811707
1654618347.1275706 3.442913055419922 1.0928573608398438 0.0 0.0 0.0 0.45449477434158325 0.8907493948936462
1654618347.2275727 3.4799728393554688 1.1111946105957031 0.0 0.0 0.0 0.4835350215435028 0.8753250241279602
1654618347.3275626 3.503582000732422 1.1232681274414062 0.0 0.0 0.0 0.5151058435440063 0.8571265935897827
1654618347.4275074 3.534862518310547 1.147247314453125 0.0 0.0 0.0 0.5453895926475525 0.8381826877593994
1654618347.5275722 3.568958282470703 1.1775398254394531 0.0 0.0 0.0 0.5710066556930542 0.8209453821182251
1654618347.627669 3.592914581298828 1.2104988098144531 0.0 0.0 0.0 0.5962409973144531 0.802805483341217
1654618347.7278378 3.606517791748047 1.2607650756835938 0.0 0.0 0.0 0.617487907409668 0.7865803837776184
1654618347.8278956 3.6139755249023438 1.3211669921875 0.0 0.0 0.0 0.6328447461128235 0.7742787003517151
1654618347.9279587 3.64166259765625 1.3878555297851562 0.0 0.0 0.0 0.6423025727272034 0.7664511799812317
1654618348.0280387 3.6772384643554688 1.4738998413085938 0.0 0.0 0.0 0.6480005979537964 0.7616398334503174
1654618348.1281092 3.690692901611328 1.5434150695800781 0.0 0.0 0.0 0.6544716358184814 0.7560865879058838
1654618348.228159 3.7126083374023438 1.64373779296875 0.0 0.0 0.0 0.6533689498901367 0.7570396065711975
1654618348.3281767 3.720500946044922 1.7348823547363281 0.0 0.0 0.0 0.6550540328025818 0.7555820345878601
1654618348.4280994 3.7389602661132812 1.8247795104980469 0.0 0.0 0.0 0.658584475517273 0.7525067925453186
1654618348.527937 3.742931365966797 1.9153060913085938 0.0 0.0 0.0 0.663253903388977 0.7483944296836853
1654618348.6277392 3.785419464111328 1.989654541015625 0.0 0.0 0.0 0.6710639595985413 0.7413994669914246
1654618348.7273622 3.7894973754882812 2.066661834716797 0.0 0.0 0.0 0.67983478307724 0.7333652973175049
1654618348.8268726 3.8186416625976562 2.156341552734375 0.0 0.0 0.0 0.6903702020645142 0.7234562635421753
1654618348.9265149 3.847614288330078 2.222278594970703 0.0 0.0 0.0 0.7026278376579285 0.7115575671195984
1654618349.026262 3.8324203491210938 2.301074981689453 0.0 0.0 0.0 0.7149608135223389 0.6991645693778992
1654618349.1261678 3.8270492553710938 2.369800567626953 0.0 0.0 0.0 0.7285637259483337 0.6849780082702637
1654618349.2261243 3.817577362060547 2.4260635375976562 0.0 0.0 0.0 0.7425926327705383 0.6697433590888977
1654618349.3261616 3.8076171875 2.485797882080078 0.0 0.0 0.0 0.7561007738113403 0.6544552445411682
1654618349.426363 3.8119888305664062 2.5336380004882812 0.0 0.0 0.0 0.7723649740219116 0.6351789832115173
1654618349.5266542 3.7995986938476562 2.571868896484375 0.0 0.0 0.0 0.7874317169189453 0.6164018511772156
1654618349.626929 3.802326202392578 2.6031723022460938 0.0 0.0 0.0 0.8027433156967163 0.5963246822357178
1654618349.7269726 3.8124771118164062 2.6287612915039062 0.0 0.0 0.0 0.8213868141174316 0.5703715682029724
1654618349.8267891 3.8209609985351562 2.650371551513672 0.0 0.0 0.0 0.841472327709198 0.540300190448761
1654618349.926499 3.822368621826172 2.6676406860351562 0.0 0.0 0.0 0.8629816770553589 0.5052351951599121
1654618350.0263276 3.8290786743164062 2.6782608032226562 0.0 0.0 0.0 0.8871363401412964 0.46150749921798706
1654618350.1262076 3.864765167236328 2.690593719482422 0.0 0.0 0.0 0.9058366417884827 0.42362719774246216
1654618350.2261643 3.872119903564453 2.6804275512695312 0.0 0.0 0.0 0.926205039024353 0.3770202100276947
1654618350.3261864 3.888591766357422 2.6901931762695312 0.0 0.0 0.0 0.9404352307319641 0.3399728536605835
1654618350.4261813 3.906219482421875 2.6917800903320312 0.0 0.0 0.0 0.9550092220306396 0.2965761125087738
1654618350.5262098 3.9208145141601562 2.721881866455078 0.0 0.0 0.0 0.9659438133239746 0.2587518095970154
1654618350.6264625 3.9417648315429688 2.70819091796875 0.0 0.0 0.0 0.9761038422584534 0.217304527759552
1654618350.726809 3.943187713623047 2.723419189453125 0.0 0.0 0.0 0.9836485385894775 0.18009887635707855
1654618350.827199 3.94244384765625 2.7310791015625 0.0 0.0 0.0 0.9881194829940796 0.15368768572807312
1654618350.927599 3.9345626831054688 2.756450653076172 0.0 0.0 0.0 0.9913156032562256 0.13150431215763092
1654618351.027893 3.9206924438476562 2.7698898315429688 0.0 0.0 0.0 0.9940722584724426 0.10872117429971695
1654618351.1278915 3.894062042236328 2.7652664184570312 0.0 0.0 0.0 0.9962641000747681 0.08635856956243515
1654618351.2276654 3.85870361328125 2.801097869873047 0.0 0.0 0.0 0.9980686902999878 0.06212042644619942
1654618351.3274574 3.8191452026367188 2.8002700805664062 0.0 0.0 0.0 0.9990977644920349 0.04247014969587326
1654618351.4271922 3.763660430908203 2.8028793334960938 0.0 0.0 0.0 0.9996302127838135 0.02719205804169178
1654618351.5270598 3.6971969604492188 2.823230743408203 0.0 0.0 0.0 0.9998763799667358 0.015723133459687233
1654618351.6271062 3.614551544189453 2.826068878173828 0.0 0.0 0.0 0.9999490976333618 0.010088824667036533
1654618351.727128 3.5310134887695312 2.8298721313476562 0.0 0.0 0.0 0.999985933303833 0.005302360747009516
1654618351.8270907 3.432018280029297 2.824871063232422 0.0 0.0 0.0 0.9999962449073792 0.0027365214191377163
1654618351.9269297 3.337512969970703 2.839385986328125 0.0 0.0 0.0 -0.9999999403953552 0.00037153164157643914
1654618352.0267348 3.237995147705078 2.8450393676757812 0.0 0.0 0.0 -0.9999944567680359 0.0033328034915030003
1654618352.1265554 3.148632049560547 2.838794708251953 0.0 0.0 0.0 -0.9999726414680481 0.007396109867841005
1654618352.2263675 3.050617218017578 2.828960418701172 0.0 0.0 0.0 -0.9999332427978516 0.011554059572517872
1654618352.3262024 2.9709854125976562 2.840118408203125 0.0 0.0 0.0 -0.9998948574066162 0.0145024498924613
1654618352.4261 2.8741073608398438 2.819377899169922 0.0 0.0 0.0 -0.9996994733810425 0.024514082819223404
1654618352.5261223 2.782306671142578 2.831188201904297 0.0 0.0 0.0 -0.9994844794273376 0.032106440514326096
1654618352.6260984 2.6975784301757812 2.83465576171875 0.0 0.0 0.0 -0.9991452693939209 0.04133734852075577
1654618352.72602 2.596843719482422 2.8306350708007812 0.0 0.0 0.0 -0.9985705018043518 0.053449973464012146
1654618352.8259523 2.521129608154297 2.824481964111328 0.0 0.0 0.0 -0.9981033802032471 0.06155966594815254
1654618352.925968 2.431720733642578 2.816967010498047 0.0 0.0 0.0 -0.9975424408912659 0.07006450742483139
1654618353.0260298 2.3312149047851562 2.818737030029297 0.0 0.0 0.0 -0.9970909357070923 0.07622109353542328
1654618353.1261714 2.215045928955078 2.826587677001953 0.0 0.0 0.0 -0.9965941309928894 0.08246269822120667
1654618353.2263625 2.125354766845703 2.8056716918945312 0.0 0.0 0.0 -0.9965829253196716 0.08259813487529755
1654618353.326502 2.055400848388672 2.783660888671875 0.0 0.0 0.0 -0.9966000318527222 0.0823918879032135
1654618353.4266331 1.9448661804199219 2.7634506225585938 0.0 0.0 0.0 -0.9963911175727844 0.08488045632839203
1654618353.5268152 1.8477401733398438 2.7561264038085938 0.0 0.0 0.0 -0.996198832988739 0.0871085375547409
1654618353.6269164 1.7533760070800781 2.7406234741210938 0.0 0.0 0.0 -0.9960594177246094 0.08868859708309174
1654618353.7269583 1.6560134887695312 2.717254638671875 0.0 0.0 0.0 -0.99606853723526 0.0885862410068512
1654618353.8268876 1.5646858215332031 2.6980972290039062 0.0 0.0 0.0 -0.9955079555511475 0.09467772394418716
1654618353.926731 1.477752685546875 2.692180633544922 0.0 0.0 0.0 -0.9950987696647644 0.09888586401939392
1654618354.0265822 1.3913993835449219 2.679168701171875 0.0 0.0 0.0 -0.994120180606842 0.10828222334384918
1654618354.1265047 1.3145027160644531 2.666950225830078 0.0 0.0 0.0 -0.9928983449935913 0.11896592378616333
1654618354.2264047 1.249755859375 2.6637802124023438 0.0 0.0 0.0 -0.9914703965187073 0.13033193349838257
1654618354.3264725 1.1562385559082031 2.633434295654297 0.0 0.0 0.0 -0.9907156825065613 0.1359499841928482
1654618354.426737 1.0753097534179688 2.616729736328125 0.0 0.0 0.0 -0.9902832508087158 0.13906484842300415
1654618354.526979 1.0017509460449219 2.593475341796875 0.0 0.0 0.0 -0.989791989326477 0.14251957833766937
1654618354.6272013 0.9444389343261719 2.5762252807617188 0.0 0.0 0.0 -0.9891943335533142 0.1466103345155716
1654618354.7273188 0.8602104187011719 2.5523681640625 0.0 0.0 0.0 -0.989033043384552 0.1476944088935852
1654618354.8272617 0.7941818237304688 2.5382308959960938 0.0 0.0 0.0 -0.9880328178405762 0.15424363315105438
1654618354.927125 0.7497940063476562 2.5327682495117188 0.0 0.0 0.0 -0.9875118136405945 0.157544806599617
1654618355.0271618 0.6951713562011719 2.51727294921875 0.0 0.0 0.0 -0.9872662425041199 0.1590767502784729
1654618355.1270862 0.6582145690917969 2.5048828125 0.0 0.0 0.0 -0.9868210554122925 0.16181540489196777
1654618355.2268355 0.6192741394042969 2.482799530029297 0.0 0.0 0.0 -0.9860886335372925 0.1662205010652542
1654618355.326483 0.5833511352539062 2.4766464233398438 0.0 0.0 0.0 -0.9846255779266357 0.17467829585075378
1654618355.4261086 0.5361099243164062 2.476490020751953 0.0 0.0 0.0 -0.9824487566947937 0.18653255701065063
1654618355.5257964 0.496002197265625 2.4691848754882812 0.0 0.0 0.0 -0.9790065288543701 0.20382894575595856
1654618355.6256194 0.45890045166015625 2.459228515625 0.0 0.0 0.0 -0.9741288423538208 0.22599339485168457
1654618355.72562 0.4361152648925781 2.455120086669922 0.0 0.0 0.0 -0.9666771292686462 0.2559987008571625
1654618355.825865 0.4161567687988281 2.4506912231445312 0.0 0.0 0.0 -0.9581899046897888 0.2861330807209015
1654618355.9260893 0.3928718566894531 2.460529327392578 0.0 0.0 0.0 -0.9452391862869263 0.3263784348964691
1654618356.0263333 0.3715705871582031 2.4779281616210938 0.0 0.0 0.0 -0.9303178787231445 0.3667541742324829
1654618356.126432 0.3608207702636719 2.487262725830078 0.0 0.0 0.0 -0.9124490022659302 0.40919047594070435
1654618356.2264364 0.35324859619140625 2.492145538330078 0.0 0.0 0.0 -0.8942348957061768 0.44759801030158997
1654618356.326542 0.3377876281738281 2.495464324951172 0.0 0.0 0.0 -0.8753466010093689 0.48349595069885254
1654618356.4266715 0.3258476257324219 2.4947586059570312 0.0 0.0 0.0 -0.8593651056289673 0.5113625526428223
1654618356.5268571 0.31067657470703125 2.490978240966797 0.0 0.0 0.0 -0.8431954979896545 0.5376070737838745
1654618356.6268995 0.2964897155761719 2.495685577392578 0.0 0.0 0.0 -0.827025830745697 0.5621639490127563
1654618356.7268 0.2725830078125 2.486766815185547 0.0 0.0 0.0 -0.8096089959144592 0.5869695544242859
1654618356.8265758 0.262298583984375 2.472808837890625 0.0 0.0 0.0 -0.792927622795105 0.6093158721923828
1654618356.9264116 0.23883056640625 2.448711395263672 0.0 0.0 0.0 -0.7781121730804443 0.6281253695487976
1654618357.0262306 0.22405242919921875 2.425121307373047 0.0 0.0 0.0 -0.7621663808822632 0.6473811864852905
1654618357.1260731 0.21608734130859375 2.382843017578125 0.0 0.0 0.0 -0.749768853187561 0.6616998314857483
1654618357.226078 0.19459915161132812 2.3411865234375 0.0 0.0 0.0 -0.737032949924469 0.6758568286895752
1654618357.3261461 0.16530227661132812 2.280872344970703 0.0 0.0 0.0 -0.724890947341919 0.6888636350631714
1654618357.4261935 0.179534912109375 2.2213211059570312 0.0 0.0 0.0 -0.7214435935020447 0.6924731731414795
1654618357.5262485 0.14635467529296875 2.139892578125 0.0 0.0 0.0 -0.7112582921981812 0.702930748462677
1654618357.6262803 0.14624786376953125 2.064678192138672 0.0 0.0 0.0 -0.705470621585846 0.708739161491394
1654618357.7263362 0.13779449462890625 1.9671554565429688 0.0 0.0 0.0 -0.7007349729537964 0.713421642780304
1654618357.8263779 0.14136886596679688 1.9071846008300781 0.0 0.0 0.0 -0.6982898712158203 0.7158150672912598
1654618357.9262931 0.13869476318359375 1.82269287109375 0.0 0.0 0.0 -0.6970667243003845 0.717006266117096
1654618358.0261972 0.12119293212890625 1.6984634399414062 0.0 0.0 0.0 -0.698660671710968 0.7154532074928284
1654618358.126319 0.12261199951171875 1.6096572875976562 0.0 0.0 0.0 -0.6995573043823242 0.7145764827728271
1654618358.226398 0.109130859375 1.5790596008300781 0.0 0.0 0.0 -0.7019372582435608 0.7122387886047363
1654618358.3263996 0.102142333984375 1.49163818359375 0.0 0.0 0.0 -0.7043434977531433 0.709859311580658
1654618358.4262755 0.10083770751953125 1.4174995422363281 0.0 0.0 0.0 -0.7018752694129944 0.7122998833656311
1654618358.5262103 0.10454177856445312 1.3462905883789062 0.0 0.0 0.0 -0.6999751329421997 0.7141672372817993
1654618358.6260786 0.098297119140625 1.2809562683105469 0.0 0.0 0.0 -0.6925968527793884 0.7213248610496521
1654618358.725801 0.09462738037109375 1.2182540893554688 0.0 0.0 0.0 -0.6791396141052246 0.7340090870857239
1654618358.8253267 0.10010910034179688 1.1524124145507812 0.0 0.0 0.0 -0.6591860055923462 0.7519798874855042
1654618358.9249659 0.09561920166015625 1.1066780090332031 0.0 0.0 0.0 -0.6343939900398254 0.7730098366737366
1654618359.0248382 0.10779571533203125 1.0718765258789062 0.0 0.0 0.0 -0.6013683080673218 0.798971951007843
1654618359.1250608 0.11228561401367188 1.0265884399414062 0.0 0.0 0.0 -0.5661583542823792 0.8242965340614319
1654618359.225612 0.1024169921875 1.0006217956542969 0.0 0.0 0.0 -0.5242823958396912 0.8515444397926331
1654618359.3261507 0.09415435791015625 0.9812736511230469 0.0 0.0 0.0 -0.48062247037887573 0.8769276142120361
1654618359.42679 0.06755447387695312 0.9819412231445312 0.0 0.0 0.0 -0.4334588944911957 0.9011733531951904
1654618359.527331 0.06096649169921875 0.9533195495605469 0.0 0.0 0.0 -0.3955123722553253 0.9184606671333313
1654618359.6276603 0.04681396484375 0.9442138671875 0.0 0.0 0.0 -0.35390642285346985 0.9352808594703674
1654618359.7278326 0.04473876953125 0.9391860961914062 0.0 0.0 0.0 -0.3138989210128784 0.9494563937187195
1654618359.8279781 0.015300750732421875 0.93994140625 0.0 0.0 0.0 -0.27033793926239014 0.9627655148506165
1654618359.928019 0.0194091796875 0.917633056640625 0.0 0.0 0.0 -0.23322813212871552 0.9724220633506775
1654618360.0279744 0.016559600830078125 0.9186477661132812 0.0 0.0 0.0 -0.19759593904018402 0.9802835583686829
1654618360.127975 0.02223968505859375 0.8778572082519531 0.0 0.0 0.0 -0.16642604768276215 0.9860539436340332
1654618360.2279248 0.022449493408203125 0.886627197265625 0.0 0.0 0.0 -0.13571609556674957 0.9907477498054504
1654618360.327833 0.0103759765625 0.8675613403320312 0.0 0.0 0.0 -0.10662409663200378 0.9942994117736816
1654618360.4276912 0.002635955810546875 0.8665351867675781 0.0 0.0 0.0 -0.08055499196052551 0.9967501759529114
1654618360.5275888 -0.006893157958984375 0.8593025207519531 0.0 0.0 0.0 -0.06136009097099304 0.9981157183647156
1654618360.6275594 0.00595855712890625 0.8608894348144531 0.0 0.0 0.0 -0.04599679633975029 0.9989416003227234
1654618360.7274535 -0.004123687744140625 0.858642578125 0.0 0.0 0.0 -0.02931380644440651 0.9995702505111694
1654618360.8272765 -0.0025787353515625 0.849395751953125 0.0 0.0 0.0 -0.019535880535840988 0.9998091459274292
1654618360.9271886 -0.001613616943359375 0.8585281372070312 0.0 0.0 0.0 -0.0103432796895504 0.9999465346336365
1654618361.027223 -0.003082275390625 0.8630485534667969 0.0 0.0 0.0 -0.009754892438650131 0.9999524354934692
1654618361.127217 -0.007335662841796875 0.8629646301269531 0.0 0.0 0.0 -0.0023795661982148886 0.9999971985816956
1654618361.227116 0.01082611083984375 0.8830795288085938 0.0 0.0 0.0 -0.007495007012039423 0.9999719262123108
1654618361.3270328 0.00843048095703125 0.8792953491210938 0.0 0.0 0.0 -0.008689683862030506 0.9999622702598572
1654618361.4269757 -0.004505157470703125 0.8741455078125 0.0 0.0 0.0 -0.010573102161288261 0.9999440908432007
1654618361.5268438 -0.004383087158203125 0.8667373657226562 0.0 0.0 0.0 -0.012613589875400066 0.9999204277992249
1654618361.626605 0.00884246826171875 0.8843574523925781 0.0 0.0 0.0 -0.016273168846964836 0.9998675584793091
1654618361.726419 0.003253936767578125 0.879150390625 0.0 0.0 0.0 -0.015562771819531918 0.9998788833618164
1654618361.8263311 0.0035400390625 0.8757400512695312 0.0 0.0 0.0 -0.015685781836509705 0.9998769760131836
1654618361.9263952 -0.000461578369140625 0.87744140625 0.0 0.0 0.0 -0.015357280150055885 0.9998820424079895
1654618362.026501 0.00258636474609375 0.8756523132324219 0.0 0.0 0.0 -0.015285286121070385 0.9998831748962402
1654618362.1265566 0.00293731689453125 0.87872314453125 0.0 0.0 0.0 -0.01580020785331726 0.9998751878738403
1654618362.2265637 -0.00707244873046875 0.8524093627929688 0.0 0.0 0.0 -0.011519327759742737 0.999933660030365
1654618362.3265293 0.009246826171875 0.8846626281738281 0.0 0.0 0.0 -0.016715852543711662 0.9998602867126465
1654618362.426542 0.00868988037109375 0.8678054809570312 0.0 0.0 0.0 -0.015019718557596207 0.9998871684074402
1654618362.5265288 -0.00026702880859375 0.8702201843261719 0.0 0.0 0.0 -0.014821852557361126 0.999890148639679
1654618362.6265275 0.001544952392578125 0.8829421997070312 0.0 0.0 0.0 -0.01589413359761238 0.999873697757721
1654618362.7264874 -0.000370025634765625 0.8783454895019531 0.0 0.0 0.0 -0.01552606001496315 0.9998794794082642
1654618362.82638 0.001331329345703125 0.884124755859375 0.0 0.0 0.0 -0.01604550890624523 0.9998712539672852
