1654618298.5277834 -0.14209747314453125 0.7486038208007812 0.0 0.0 0.0 0.007062883581966162 0.9999750852584839
1654618298.627821 -0.13286590576171875 0.7183418273925781 0.0 0.0 0.0 0.009615719318389893 0.9999537467956543
1654618298.7277474 -0.14500045776367188 0.7293701171875 0.0 0.0 0.0 0.007800049148499966 0.9999696016311646
1654618298.8276293 -0.12798690795898438 0.7365493774414062 0.0 0.0 0.0 0.007571614813059568 0.999971330165863
1654618298.9274776 -0.13735198974609375 0.7250137329101562 0.0 0.0 0.0 0.00785765703767538 0.9999691247940063
1654618299.0273402 -0.1394805908203125 0.7117729187011719 0.0 0.0 0.0 0.00901655200868845 0.9999593496322632
1654618299.1272218 -0.1383056640625 0.7230644226074219 0.0 0.0 0.0 0.010973561555147171 0.9999397993087769
1654618299.227134 -0.11591339111328125 0.7662277221679688 0.0 0.0 0.0 0.012170274741947651 0.9999259114265442
1654618299.3271074 -0.07519912719726562 0.7592887878417969 0.0 0.0 0.0 0.009845645166933537 0.9999515414237976
1654618299.4272091 -0.055744171142578125 0.7181015014648438 0.0 0.0 0.0 0.013829328119754791 0.9999043941497803
1654618299.5274286 -0.02025604248046875 0.73443603515625 0.0 0.0 0.0 0.017674051225185394 0.9998437762260437
1654618299.6275985 0.026165008544921875 0.7212333679199219 0.0 0.0 0.0 0.020482318475842476 0.9997901916503906
1654618299.7277894 0.07274627685546875 0.7220954895019531 0.0 0.0 0.0 0.025510113686323166 0.9996745586395264
1654618299.8281062 0.11676788330078125 0.7341995239257812 0.0 0.0 0.0 0.029143938794732094 0.9995751976966858
1654618299.9282365 0.15289306640625 0.7340621948242188 0.0 0.0 0.0 0.03747820109128952 0.9992974400520325
1654618300.0281482 0.20094680786132812 0.738006591796875 0.0 0.0 0.0 0.046003516763448715 0.9989413022994995
1654618300.1279697 0.23502731323242188 0.7356033325195312 0.0 0.0 0.0 0.05757725238800049 0.9983410835266113
1654618300.2278748 0.27313995361328125 0.7311820983886719 0.0 0.0 0.0 0.06091996654868126 0.998142659664154
1654618300.3279474 0.29412078857421875 0.7334785461425781 0.0 0.0 0.0 0.061215441673994064 0.9981245994567871
1654618300.4280903 0.3307609558105469 0.733489990234375 0.0 0.0 0.0 0.05105730891227722 0.9986957311630249
1654618300.5282962 0.3714485168457031 0.7383651733398438 0.0 0.0 0.0 0.03809356689453125 0.9992741942405701
1654618300.6283882 0.42473602294921875 0.7452011108398438 0.0 0.0 0.0 0.027447335422039032 0.9996232390403748
1654618300.7282274 0.475982666015625 0.7513809204101562 0.0 0.0 0.0 0.022157322615385056 0.9997544884681702
1654618300.828161 0.5284919738769531 0.7490425109863281 0.0 0.0 0.0 0.01331241987645626 0.999911367893219
1654618300.928107 0.5845832824707031 0.758819580078125 0.0 0.0 0.0 0.006483002100139856 0.9999789595603943
1654618301.0279405 0.6445388793945312 0.7613639831542969 0.0 0.0 0.0 0.0007022513309493661 0.9999997615814209
1654618301.1277342 0.7107124328613281 0.761077880859375 0.0 0.0 0.0 -0.005348569247871637 0.9999856948852539
1654618301.2275324 0.7678413391113281 0.7630081176757812 0.0 0.0 0.0 -0.008547114208340645 0.9999634623527527
1654618301.3273208 0.8272895812988281 0.7625923156738281 0.0 0.0 0.0 -0.010152316652238369 0.9999484419822693
1654618301.4270244 0.888031005859375 0.763092041015625 0.0 0.0 0.0 -0.008759060874581337 0.9999616146087646
1654618301.5266833 0.9599380493164062 0.75543212890625 0.0 0.0 0.0 -0.007905075326561928 0.9999687671661377
1654618301.6263592 1.0220947265625 0.7617721557617188 0.0 0.0 0.0 -0.001556785311549902 0.9999988079071045
1654618301.726207 1.0867729187011719 0.7571296691894531 0.0 0.0 0.0 0.0035683701280504465 0.999993622303009
1654618301.8262236 1.1590347290039062 0.7537345886230469 0.0 0.0 0.0 0.009527509100735188 0.9999546408653259
1654618301.9263272 1.226043701171875 0.75146484375 0.0 0.0 0.0 0.0171666257083416 0.9998526573181152
1654618302.0266721 1.2989501953125 0.7479171752929688 0.0 0.0 0.0 0.02368791401386261 0.9997193813323975
1654618302.1271906 1.3682632446289062 0.7494087219238281 0.0 0.0 0.0 0.030438734218478203 0.9995366334915161
1654618302.2276523 1.4435501098632812 0.744720458984375 0.0 0.0 0.0 0.03503197804093361 0.999386191368103
1654618302.3278913 1.5199470520019531 0.7461128234863281 0.0 0.0 0.0 0.037119925022125244 0.9993107914924622
1654618302.4278862 1.5961227416992188 0.7548408508300781 0.0 0.0 0.0 0.03965847194194794 0.9992132782936096
1654618302.5277922 1.6711196899414062 0.7520027160644531 0.0 0.0 0.0 0.040348682552576065 0.9991856813430786
1654618302.6276004 1.7578125 0.75408935546875 0.0 0.0 0.0 0.03800586238503456 0.9992775321006775
1654618302.7273614 1.83123779296875 0.765380859375 0.0 0.0 0.0 0.03696742281317711 0.9993164539337158
1654618302.8271341 1.9026908874511719 0.7669792175292969 0.0 0.0 0.0 0.03594355285167694 0.99935382604599
1654618302.9269233 1.9952163696289062 0.7676010131835938 0.0 0.0 0.0 0.03579100966453552 0.9993593096733093
1654618303.0268242 2.067089080810547 0.7653923034667969 0.0 0.0 0.0 0.036285847425460815 0.9993414282798767
1654618303.1268137 2.153331756591797 0.7705268859863281 0.0 0.0 0.0 0.0362807959318161 0.999341607093811
1654618303.2268574 2.2273025512695312 0.7726974487304688 0.0 0.0 0.0 0.03880411759018898 0.9992468357086182
1654618303.3268523 2.301898956298828 0.7758598327636719 0.0 0.0 0.0 0.0407220833003521 0.9991705417633057
1654618303.4267995 2.383819580078125 0.7809982299804688 0.0 0.0 0.0 0.045239683240652084 0.9989761710166931
1654618303.5267253 2.4585952758789062 0.7891159057617188 0.0 0.0 0.0 0.050269924104213715 0.9987356662750244
1654618303.6268036 2.51641845703125 0.7929000854492188 0.0 0.0 0.0 0.05514533445239067 0.998478353023529
1654618303.7269955 2.5857620239257812 0.7989692687988281 0.0 0.0 0.0 0.06171128898859024 0.9980940222740173
1654618303.8272738 2.667774200439453 0.808624267578125 0.0 0.0 0.0 0.06754709035158157 0.9977160692214966
1654618303.9274895 2.731842041015625 0.8140144348144531 0.0 0.0 0.0 0.07132747769355774 0.997452974319458
1654618304.027605 2.8006210327148438 0.8188552856445312 0.0 0.0 0.0 0.07897728681564331 0.9968764185905457
1654618304.127703 2.871387481689453 0.8278007507324219 0.0 0.0 0.0 0.08389399945735931 0.9964746832847595
1654618304.227765 2.9424514770507812 0.8383712768554688 0.0 0.0 0.0 0.0879163071513176 0.9961278438568115
1654618304.3276772 3.0038375854492188 0.8483085632324219 0.0 0.0 0.0 0.09399622678756714 0.995572566986084
1654618304.4274476 3.065185546875 0.8583869934082031 0.0 0.0 0.0 0.1009027361869812 0.9948962926864624
1654618304.5272343 3.1358718872070312 0.8619155883789062 0.0 0.0 0.0 0.10965801030397415 0.9939693808555603
1654618304.6270554 3.1859130859375 0.8699874877929688 0.0 0.0 0.0 0.12197241187095642 0.9925335049629211
1654618304.7269802 3.237865447998047 0.8787651062011719 0.0 0.0 0.0 0.1386088728904724 0.9903472065925598
1654618304.8270621 3.291301727294922 0.888092041015625 0.0 0.0 0.0 0.15690301358699799 0.9876140356063843
1654618304.927249 3.3333511352539062 0.900360107421875 0.0 0.0 0.0 0.17797613143920898 0.9840347766876221
1654618305.0274684 3.378326416015625 0.903717041015625 0.0 0.0 0.0 0.20138469338417053 0.9795122146606445
1654618305.127676 3.4137039184570312 0.905487060546875 0.0 0.0 0.0 0.22649258375167847 0.9740129113197327
1654618305.2277193 3.445384979248047 0.9078903198242188 0.0 0.0 0.0 0.25490400195121765 0.9669663906097412
1654618305.3277385 3.472797393798828 0.9063034057617188 0.0 0.0 0.0 0.2838292717933655 0.9588748216629028
1654618305.427717 3.5006332397460938 0.9106941223144531 0.0 0.0 0.0 0.3113580048084259 0.950292706489563
1654618305.5278106 3.5277099609375 0.9219856262207031 0.0 0.0 0.0 0.34043505787849426 0.9402680397033691
1654618305.627774 3.547077178955078 0.9218635559082031 0.0 0.0 0.0 0.3737708032131195 0.9275211095809937
1654618305.727792 3.5747604370117188 0.9250602722167969 0.0 0.0 0.0 0.40376752614974976 0.9148616194725037
1654618305.8278158 3.598552703857422 0.9257926940917969 0.0 0.0 0.0 0.4372815191745758 0.8993246555328369
1654618305.9277182 3.6174392700195312 0.9282302856445312 0.0 0.0 0.0 0.468191534280777 0.8836269974708557
1654618306.0276673 3.630218505859375 0.9375991821289062 0.0 0.0 0.0 0.49656942486763 0.8679969906806946
1654618306.1276155 3.648365020751953 0.9548873901367188 0.0 0.0 0.0 0.5231876969337463 0.8522174954414368
1654618306.2275937 3.668682098388672 0.9619522094726562 0.0 0.0 0.0 0.548793613910675 0.8359578847885132
1654618306.3277485 3.692394256591797 0.9715347290039062 0.0 0.0 0.0 0.5718364715576172 0.8203676342964172
1654618306.4280643 3.7120285034179688 0.980224609375 0.0 0.0 0.0 0.5947003960609436 0.8039474487304688
1654618306.528265 3.7314987182617188 1.000701904296875 0.0 0.0 0.0 0.614744246006012 0.7887265086174011
1654618306.6284373 3.7317276000976562 1.0207595825195312 0.0 0.0 0.0 0.6332446336746216 0.7739517092704773
1654618306.7285678 3.7337417602539062 1.0455513000488281 0.0 0.0 0.0 0.64851975440979 0.7611978054046631
1654618306.8285177 3.748363494873047 1.077117919921875 0.0 0.0 0.0 0.6590719223022461 0.752079963684082
1654618306.92829 3.7627029418945312 1.1117477416992188 0.0 0.0 0.0 0.669539213180542 0.7427766919136047
1654618307.0279906 3.778911590576172 1.1620063781738281 0.0 0.0 0.0 0.6778607964515686 0.7351902723312378
1654618307.1278143 3.787036895751953 1.21551513671875 0.0 0.0 0.0 0.6828176379203796 0.7305888533592224
1654618307.2277224 3.785930633544922 1.271484375 0.0 0.0 0.0 0.687968373298645 0.7257406711578369
1654618307.3277643 3.7966690063476562 1.3265304565429688 0.0 0.0 0.0 0.6922893524169922 0.7216200232505798
1654618307.4278147 3.793994903564453 1.3965873718261719 0.0 0.0 0.0 0.6924957036972046 0.721422016620636
1654618307.5277162 3.802288055419922 1.4530830383300781 0.0 0.0 0.0 0.6935163736343384 0.7204408645629883
1654618307.6275454 3.8099365234375 1.5292282104492188 0.0 0.0 0.0 0.6912482976913452 0.7226173281669617
1654618307.7273855 3.814922332763672 1.6008377075195312 0.0 0.0 0.0 0.6917023658752441 0.7221826910972595
1654618307.8273027 3.811626434326172 1.6736030578613281 0.0 0.0 0.0 0.6915841698646545 0.722295880317688
1654618307.9272525 3.820964813232422 1.7393684387207031 0.0 0.0 0.0 0.6928651332855225 0.7210671901702881
1654618308.0272276 3.829570770263672 1.8049201965332031 0.0 0.0 0.0 0.6940135955810547 0.7199618816375732
1654618308.1272295 3.830913543701172 1.8675003051757812 0.0 0.0 0.0 0.6956181526184082 0.7184117436408997
1654618308.2272902 3.826251983642578 1.9237289428710938 0.0 0.0 0.0 0.698634147644043 0.7154790759086609
1654618308.3273401 3.8358154296875 1.9776992797851562 0.0 0.0 0.0 0.7030044794082642 0.7111854553222656
1654618308.4272566 3.8477096557617188 2.0362472534179688 0.0 0.0 0.0 0.7100220918655396 0.7041793465614319
1654618308.5271428 3.8563156127929688 2.0925979614257812 0.0 0.0 0.0 0.7176283597946167 0.6964262127876282
1654618308.6269014 3.8505477905273438 2.15301513671875 0.0 0.0 0.0 0.7290968298912048 0.684410572052002
1654618308.7267365 3.850749969482422 2.2000808715820312 0.0 0.0 0.0 0.741850733757019 0.6705650687217712
1654618308.826632 3.8495101928710938 2.244373321533203 0.0 0.0 0.0 0.7554843425750732 0.6551666855812073
1654618308.9267197 3.8455886840820312 2.289775848388672 0.0 0.0 0.0 0.7694383263587952 0.6387211680412292
1654618309.0269213 3.838054656982422 2.3343582153320312 0.0 0.0 0.0 0.7831167578697205 0.6218746900558472
1654618309.1270378 3.833141326904297 2.3869247436523438 0.0 0.0 0.0 0.7977829575538635 0.6029447317123413
1654618309.2271445 3.832874298095703 2.426036834716797 0.0 0.0 0.0 0.8122293949127197 0.58333820104599
1654618309.3272076 3.8282699584960938 2.4615478515625 0.0 0.0 0.0 0.828595757484436 0.559847354888916
1654618309.4273295 3.822345733642578 2.502124786376953 0.0 0.0 0.0 0.8418762683868408 0.5396705865859985
1654618309.5274284 3.816234588623047 2.5423583984375 0.0 0.0 0.0 0.8568961024284363 0.5154891014099121
1654618309.627412 3.8070449829101562 2.5560302734375 0.0 0.0 0.0 0.8715337514877319 0.4903355538845062
1654618309.7273805 3.7994155883789062 2.579925537109375 0.0 0.0 0.0 0.8851985335350037 0.465213418006897
1654618309.827413 3.817371368408203 2.6101760864257812 0.0 0.0 0.0 0.9002159833908081 0.4354436695575714
1654618309.9273422 3.811992645263672 2.638561248779297 0.0 0.0 0.0 0.9144093990325928 0.4047906696796417
1654618310.0271974 3.8063735961914062 2.665630340576172 0.0 0.0 0.0 0.9270343780517578 0.37497633695602417
1654618310.1270797 3.7983322143554688 2.686382293701172 0.0 0.0 0.0 0.9381151795387268 0.34632349014282227
1654618310.2270067 3.7838668823242188 2.712596893310547 0.0 0.0 0.0 0.9488707184791565 0.3156648874282837
1654618310.3270113 3.7759170532226562 2.737102508544922 0.0 0.0 0.0 0.9579656720161438 0.28688275814056396
1654618310.4272077 3.763530731201172 2.7576370239257812 0.0 0.0 0.0 0.9660646915435791 0.2583003044128418
1654618310.5275028 3.742053985595703 2.7904586791992188 0.0 0.0 0.0 0.9721395969390869 0.23440253734588623
1654618310.6277988 3.714374542236328 2.8171310424804688 0.0 0.0 0.0 0.9772310256958008 0.21217796206474304
1654618310.7280538 3.697582244873047 2.8298263549804688 0.0 0.0 0.0 0.9815680980682373 0.19111259281635284
1654618310.8282752 3.6667861938476562 2.8485031127929688 0.0 0.0 0.0 0.9847357273101807 0.17405615746974945
1654618310.9283273 3.6282577514648438 2.87359619140625 0.0 0.0 0.0 0.9871798157691956 0.15961210429668427
1654618311.0283098 3.5861587524414062 2.886127471923828 0.0 0.0 0.0 0.989376962184906 0.14537250995635986
1654618311.1282094 3.5380172729492188 2.902008056640625 0.0 0.0 0.0 0.9913736581802368 0.13106587529182434
1654618311.2281473 3.4905929565429688 2.915485382080078 0.0 0.0 0.0 0.9932078719139099 0.11635325103998184
1654618311.328069 3.4486618041992188 2.932659149169922 0.0 0.0 0.0 0.9946833252906799 0.10298113524913788
1654618311.4279773 3.391063690185547 2.9488754272460938 0.0 0.0 0.0 0.9959649443626404 0.08974295109510422
1654618311.5278728 3.3387374877929688 2.9628677368164062 0.0 0.0 0.0 0.9969813823699951 0.07764118909835815
1654618311.6275852 3.286468505859375 2.9767837524414062 0.0 0.0 0.0 0.9979268312454224 0.06435874104499817
1654618311.7273288 3.220409393310547 2.992412567138672 0.0 0.0 0.0 0.9985654950141907 0.053543537855148315
1654618311.8272045 3.1494522094726562 3.0084228515625 0.0 0.0 0.0 0.9990458488464355 0.04367435723543167
1654618311.9272075 3.076904296875 3.0157546997070312 0.0 0.0 0.0 0.9994078874588013 0.03440721705555916
1654618312.0271769 3.010326385498047 3.0124588012695312 0.0 0.0 0.0 0.9996610879898071 0.026033038273453712
1654618312.1271884 2.937042236328125 3.021331787109375 0.0 0.0 0.0 0.9998632073402405 0.016538895666599274
1654618312.2272563 2.866985321044922 3.034099578857422 0.0 0.0 0.0 0.9999345541000366 0.01143819559365511
1654618312.3274431 2.7938919067382812 3.038421630859375 0.0 0.0 0.0 0.9999876618385315 0.0049677444621920586
1654618312.427598 2.7270584106445312 3.041118621826172 0.0 0.0 0.0 -0.9999979734420776 0.0020100618712604046
1654618312.5276704 2.649200439453125 3.0415573120117188 0.0 0.0 0.0 -0.9999675750732422 0.008052218705415726
1654618312.627692 2.57537841796875 3.046314239501953 0.0 0.0 0.0 -0.9998794794082642 0.015524554066359997
1654618312.7276003 2.501983642578125 3.0448989868164062 0.0 0.0 0.0 -0.9997626543045044 0.021785041317343712
1654618312.8274171 2.426593780517578 3.037944793701172 0.0 0.0 0.0 -0.9996099472045898 0.027926823124289513
1654618312.9272363 2.347362518310547 3.031230926513672 0.0 0.0 0.0 -0.9993386268615723 0.0363643616437912
1654618313.0270853 2.277484893798828 3.0337142944335938 0.0 0.0 0.0 -0.9991582632064819 0.04102194681763649
1654618313.1270895 2.2025222778320312 3.03106689453125 0.0 0.0 0.0 -0.9989621043205261 0.04554896056652069
1654618313.2272804 2.120136260986328 3.0363082885742188 0.0 0.0 0.0 -0.9989546537399292 0.04571246728301048
1654618313.327519 2.032825469970703 3.033203125 0.0 0.0 0.0 -0.9990554451942444 0.043453432619571686
1654618313.4276392 1.935760498046875 3.0215377807617188 0.0 0.0 0.0 -0.9992179870605469 0.03953959420323372
1654618313.527725 1.8417167663574219 3.0160598754882812 0.0 0.0 0.0 -0.9993977546691895 0.03470136970281601
1654618313.62779 1.757110595703125 3.004413604736328 0.0 0.0 0.0 -0.9995976090431213 0.02836522087454796
1654618313.7277822 1.6677742004394531 2.9992752075195312 0.0 0.0 0.0 -0.9997281432151794 0.023316610604524612
1654618313.8277497 1.598419189453125 2.9877395629882812 0.0 0.0 0.0 -0.9998407959938049 0.017842255532741547
1654618313.927664 1.501953125 2.993255615234375 0.0 0.0 0.0 -0.9999036192893982 0.013882504776120186
1654618314.0275204 1.4152297973632812 2.9921035766601562 0.0 0.0 0.0 -0.9999619722366333 0.008720720186829567
1654618314.1274219 1.3233261108398438 2.987110137939453 0.0 0.0 0.0 -0.9999834895133972 0.005743666552007198
1654618314.2272346 1.2323112487792969 2.981739044189453 0.0 0.0 0.0 -0.9999867677688599 0.0051461984403431416
1654618314.3269906 1.155487060546875 2.984577178955078 0.0 0.0 0.0 -0.9999859929084778 0.005293062422424555
1654618314.4267442 1.0670967102050781 2.9872207641601562 0.0 0.0 0.0 -0.999967634677887 0.008048046380281448
1654618314.5265784 0.9864616394042969 2.984569549560547 0.0 0.0 0.0 -0.9999387860298157 0.01106449868530035
1654618314.626565 0.9039497375488281 2.981761932373047 0.0 0.0 0.0 -0.9999092817306519 0.013468649238348007
1654618314.726723 0.82086181640625 2.9885177612304688 0.0 0.0 0.0 -0.9998605251312256 0.016702309250831604
1654618314.8271456 0.7433700561523438 2.987873077392578 0.0 0.0 0.0 -0.9998088479042053 0.01955237239599228
1654618314.9274418 0.670013427734375 2.982769012451172 0.0 0.0 0.0 -0.999692440032959 0.024798788130283356
1654618315.0276127 0.6016349792480469 2.9828720092773438 0.0 0.0 0.0 -0.9994938969612122 0.0318111889064312
1654618315.1276336 0.5291557312011719 2.977100372314453 0.0 0.0 0.0 -0.999248206615448 0.038768187165260315
1654618315.2274344 0.47435760498046875 2.97869873046875 0.0 0.0 0.0 -0.9988342523574829 0.04827096685767174
1654618315.3271887 0.4141044616699219 2.9695510864257812 0.0 0.0 0.0 -0.9981160759925842 0.06135418266057968
1654618315.4269903 0.3591423034667969 2.9720458984375 0.0 0.0 0.0 -0.9971550703048706 0.07537762075662613
1654618315.5267315 0.29534149169921875 2.96978759765625 0.0 0.0 0.0 -0.9955199360847473 0.0945519283413887
1654618315.626555 0.24141311645507812 2.965972900390625 0.0 0.0 0.0 -0.9933775067329407 0.11489598453044891
1654618315.7264888 0.2054443359375 2.964771270751953 0.0 0.0 0.0 -0.9903441071510315 0.13863112032413483
1654618315.8265293 0.15825653076171875 2.958099365234375 0.0 0.0 0.0 -0.9864538908004761 0.16403870284557343
1654618315.9268131 0.11866378784179688 2.962535858154297 0.0 0.0 0.0 -0.981798529624939 0.18992549180984497
1654618316.0271199 0.08823394775390625 2.961322784423828 0.0 0.0 0.0 -0.9754548668861389 0.22019943594932556
1654618316.1274111 0.07099151611328125 2.964282989501953 0.0 0.0 0.0 -0.9677354693412781 0.25196826457977295
1654618316.2276263 0.04076385498046875 2.9613113403320312 0.0 0.0 0.0 -0.9580410122871399 0.2866310775279999
1654618316.3277435 0.016754150390625 2.968597412109375 0.0 0.0 0.0 -0.9473175406455994 0.32029595971107483
1654618316.4278164 -0.01094818115234375 2.978778839111328 0.0 0.0 0.0 -0.9348148107528687 0.3551355004310608
1654618316.5277874 -0.025913238525390625 2.97552490234375 0.0 0.0 0.0 -0.9217718839645386 0.3877326548099518
1654618316.6277134 -0.05030059814453125 2.975879669189453 0.0 0.0 0.0 -0.9068301916122437 0.4214961528778076
1654618316.7276254 -0.05564117431640625 2.9749526977539062 0.0 0.0 0.0 -0.8904394507408142 0.45510172843933105
1654618316.8275769 -0.07418060302734375 2.972064971923828 0.0 0.0 0.0 -0.8756455779075623 0.4829542636871338
1654618316.9276898 -0.08274078369140625 2.971240997314453 0.0 0.0 0.0 -0.860582172870636 0.5093116164207458
1654618317.0277815 -0.08562850952148438 2.968036651611328 0.0 0.0 0.0 -0.844722330570221 0.5352047681808472
1654618317.1278849 -0.09452438354492188 2.96295166015625 0.0 0.0 0.0 -0.8296564221382141 0.5582743287086487
1654618317.2279499 -0.10914230346679688 2.96099853515625 0.0 0.0 0.0 -0.8139333128929138 0.5809583067893982
1654618317.3279705 -0.12564849853515625 2.954273223876953 0.0 0.0 0.0 -0.7990157008171082 0.6013101935386658
1654618317.427889 -0.1374969482421875 2.945110321044922 0.0 0.0 0.0 -0.7856032252311707 0.6187306046485901
1654618317.5277994 -0.15127944946289062 2.9278945922851562 0.0 0.0 0.0 -0.7719823122024536 0.6356439590454102
1654618317.627619 -0.1553192138671875 2.906269073486328 0.0 0.0 0.0 -0.7602615356445312 0.6496171355247498
1654618317.727432 -0.16782379150390625 2.883037567138672 0.0 0.0 0.0 -0.7495172023773193 0.661984920501709
1654618317.8272645 -0.19076919555664062 2.8477401733398438 0.0 0.0 0.0 -0.7408983707427979 0.6716171503067017
1654618317.9271617 -0.19756698608398438 2.813953399658203 0.0 0.0 0.0 -0.734102725982666 0.6790384650230408
1654618318.0269523 -0.213287353515625 2.766033172607422 0.0 0.0 0.0 -0.7260327339172363 0.6876601576805115
1654618318.1268473 -0.2137451171875 2.715484619140625 0.0 0.0 0.0 -0.7206256985664368 0.6933243274688721
1654618318.2268162 -0.2226715087890625 2.6603469848632812 0.0 0.0 0.0 -0.7148944735527039 0.6992323398590088
1654618318.326821 -0.22116851806640625 2.5981979370117188 0.0 0.0 0.0 -0.7082904577255249 0.7059211134910583
1654618318.4268198 -0.22973251342773438 2.545146942138672 0.0 0.0 0.0 -0.7012479901313782 0.7129174470901489
1654618318.5269306 -0.21599960327148438 2.496746063232422 0.0 0.0 0.0 -0.6991249918937683 0.7149994969367981
1654618318.627166 -0.2102203369140625 2.4198989868164062 0.0 0.0 0.0 -0.6940737366676331 0.7199038863182068
1654618318.7273855 -0.22249603271484375 2.3431015014648438 0.0 0.0 0.0 -0.692401647567749 0.7215122580528259
1654618318.827648 -0.22446441650390625 2.264446258544922 0.0 0.0 0.0 -0.6932423710823059 0.7207044959068298
1654618318.9278767 -0.22723007202148438 2.183422088623047 0.0 0.0 0.0 -0.6942565441131592 0.719727635383606
1654618319.0278494 -0.21828842163085938 2.10284423828125 0.0 0.0 0.0 -0.6940440535545349 0.7199325561523438
1654618319.1275887 -0.2219390869140625 2.0221023559570312 0.0 0.0 0.0 -0.6949617862701416 0.7190466523170471
1654618319.2273085 -0.22853469848632812 1.9533615112304688 0.0 0.0 0.0 -0.6955543756484985 0.718473494052887
1654618319.3270364 -0.22266769409179688 1.8806228637695312 0.0 0.0 0.0 -0.6950704455375671 0.7189416289329529
1654618319.4267669 -0.2196807861328125 1.8155403137207031 0.0 0.0 0.0 -0.6935356259346008 0.7204223275184631
1654618319.5266678 -0.21525955200195312 1.7388496398925781 0.0 0.0 0.0 -0.6927509307861328 0.7211769223213196
1654618319.6267183 -0.21043014526367188 1.6718215942382812 0.0 0.0 0.0 -0.6905327439308167 0.723301112651825
1654618319.7268214 -0.21558380126953125 1.5988235473632812 0.0 0.0 0.0 -0.6885295510292053 0.7252082824707031
1654618319.8269737 -0.21323394775390625 1.5308456420898438 0.0 0.0 0.0 -0.6855008602142334 0.7280718088150024
1654618319.9270923 -0.21483612060546875 1.464691162109375 0.0 0.0 0.0 -0.6820963621139526 0.7312623262405396
1654618320.0272512 -0.20553970336914062 1.3923835754394531 0.0 0.0 0.0 -0.6791931986808777 0.7339595556259155
1654618320.127246 -0.20573043823242188 1.324859619140625 0.0 0.0 0.0 -0.6756535172462463 0.7372193336486816
1654618320.227243 -0.20927047729492188 1.2713546752929688 0.0 0.0 0.0 -0.6708675026893616 0.7415772676467896
1654618320.3273072 -0.20929718017578125 1.2164802551269531 0.0 0.0 0.0 -0.6636054515838623 0.7480827569961548
1654618320.427287 -0.19639968872070312 1.1697311401367188 0.0 0.0 0.0 -0.6558619141578674 0.7548808455467224
1654618320.5271695 -0.202880859375 1.1360549926757812 0.0 0.0 0.0 -0.6452684998512268 0.76395583152771
1654618320.6270797 -0.18567276000976562 1.0903434753417969 0.0 0.0 0.0 -0.6339674592018127 0.7733597159385681
1654618320.7270179 -0.19218063354492188 1.0698928833007812 0.0 0.0 0.0 -0.6193627715110779 0.7851049304008484
1654618320.8270152 -0.19181060791015625 1.0319328308105469 0.0 0.0 0.0 -0.6062857508659363 0.7952468991279602
1654618320.92708 -0.187347412109375 0.9956893920898438 0.0 0.0 0.0 -0.5888552069664001 0.8082385659217834
1654618321.0271347 -0.19051361083984375 0.969482421875 0.0 0.0 0.0 -0.5714475512504578 0.8206385970115662
1654618321.1272814 -0.17998886108398438 0.945343017578125 0.0 0.0 0.0 -0.5539328455924988 0.8325613737106323
1654618321.2275379 -0.16904830932617188 0.9063949584960938 0.0 0.0 0.0 -0.5389107465744019 0.8423628807067871
1654618321.32774 -0.17563247680664062 0.8902359008789062 0.0 0.0 0.0 -0.5197184681892395 0.8543375730514526
1654618321.4278362 -0.16670989990234375 0.8649978637695312 0.0 0.0 0.0 -0.5013075470924377 0.8652691841125488
1654618321.527907 -0.157073974609375 0.8248786926269531 0.0 0.0 0.0 -0.48514503240585327 0.874433696269989
1654618321.627953 -0.158966064453125 0.8080329895019531 0.0 0.0 0.0 -0.4636811316013336 0.8860021829605103
1654618321.7279458 -0.1564483642578125 0.7739791870117188 0.0 0.0 0.0 -0.44321128726005554 0.8964172005653381
1654618321.8279326 -0.16259002685546875 0.7652969360351562 0.0 0.0 0.0 -0.41816848516464233 0.9083694815635681
1654618321.927847 -0.14946365356445312 0.7495651245117188 0.0 0.0 0.0 -0.3928047716617584 0.9196218848228455
1654618322.0277364 -0.14299774169921875 0.722137451171875 0.0 0.0 0.0 -0.3708934783935547 0.9286754131317139
1654618322.127595 -0.14966964721679688 0.7049674987792969 0.0 0.0 0.0 -0.3433276116847992 0.9392157196998596
1654618322.2273777 -0.15296173095703125 0.6876907348632812 0.0 0.0 0.0 -0.3112877309322357 0.9503157138824463
1654618322.3271086 -0.15721893310546875 0.6766853332519531 0.0 0.0 0.0 -0.2787896394729614 0.9603521823883057
1654618322.426996 -0.15978240966796875 0.6663894653320312 0.0 0.0 0.0 -0.24633647501468658 0.969184398651123
1654618322.5271227 -0.15952301025390625 0.6565361022949219 0.0 0.0 0.0 -0.21699459850788116 0.9761728048324585
1654618322.6272871 -0.15412139892578125 0.6426506042480469 0.0 0.0 0.0 -0.19049116969108582 0.981688916683197
1654618322.7275977 -0.1480865478515625 0.6316413879394531 0.0 0.0 0.0 -0.16814057528972626 0.9857630133628845
1654618322.8278606 -0.14315032958984375 0.6281204223632812 0.0 0.0 0.0 -0.1469489485025406 0.9891440868377686
1654618322.9280486 -0.1298675537109375 0.6151542663574219 0.0 0.0 0.0 -0.12417856603860855 0.9922598600387573
1654618323.02813 -0.12854385375976562 0.6019287109375 0.0 0.0 0.0 -0.09811579436063766 0.9951750040054321
1654618323.1280918 -0.11267471313476562 0.5976486206054688 0.0 0.0 0.0 -0.07512057572603226 0.9971744418144226
1654618323.227971 -0.10626983642578125 0.5926399230957031 0.0 0.0 0.0 -0.05233914405107498 0.9986293911933899
1654618323.3279147 -0.08813858032226562 0.5728569030761719 0.0 0.0 0.0 -0.030043285340070724 0.999548614025116
1654618323.4279277 -0.061748504638671875 0.5757331848144531 0.0 0.0 0.0 -0.011851184070110321 0.9999297857284546
1654618323.5280766 -0.02460479736328125 0.5916328430175781 0.0 0.0 0.0 0.0014651078963652253 0.999998927116394
1654618323.6282878 -0.005168914794921875 0.5868415832519531 0.0 0.0 0.0 0.01814144477248192 0.9998354315757751
1654618323.7283442 0.03726959228515625 0.5796890258789062 0.0 0.0 0.0 0.028239130973815918 0.9996011853218079
1654618323.8283358 0.09257888793945312 0.5730705261230469 0.0 0.0 0.0 0.03289802372455597 0.9994587302207947
1654618323.9283414 0.15190887451171875 0.583038330078125 0.0 0.0 0.0 0.035082779824733734 0.9993844032287598
1654618324.0282028 0.2091064453125 0.5667037963867188 0.0 0.0 0.0 0.037682417780160904 0.9992897510528564
1654618324.1280177 0.28372955322265625 0.5765151977539062 0.0 0.0 0.0 0.035116806626319885 0.9993832111358643
1654618324.227766 0.3590278625488281 0.5816764831542969 0.0 0.0 0.0 0.03416324406862259 0.9994162917137146
1654618324.3274915 0.43384552001953125 0.5873298645019531 0.0 0.0 0.0 0.03334435448050499 0.9994439482688904
1654618324.4272366 0.5194168090820312 0.590179443359375 0.0 0.0 0.0 0.03151242434978485 0.9995033740997314
1654618324.527019 0.60296630859375 0.5930290222167969 0.0 0.0 0.0 0.030958959832787514 0.9995206594467163
1654618324.6268556 0.6757431030273438 0.5957450866699219 0.0 0.0 0.0 0.03212543949484825 0.9994838237762451
1654618324.7267916 0.7571029663085938 0.5956306457519531 0.0 0.0 0.0 0.0331546775996685 0.9994502067565918
1654618324.8266997 0.8378486633300781 0.5967178344726562 0.0 0.0 0.0 0.03567597270011902 0.9993634223937988
1654618324.92667 0.9164962768554688 0.6066093444824219 0.0 0.0 0.0 0.03699322044849396 0.9993155002593994
1654618325.0266986 0.9932174682617188 0.607086181640625 0.0 0.0 0.0 0.04164646938443184 0.9991323947906494
1654618325.1267333 1.0681533813476562 0.6121292114257812 0.0 0.0 0.0 0.046968791633844376 0.9988963603973389
1654618325.226791 1.152984619140625 0.6222000122070312 0.0 0.0 0.0 0.050070133060216904 0.9987456798553467
1654618325.3267915 1.2311592102050781 0.6276969909667969 0.0 0.0 0.0 0.05401560291647911 0.9985401034355164
1654618325.4267738 1.3188285827636719 0.6336441040039062 0.0 0.0 0.0 0.05740614980459213 0.9983509182929993
1654618325.5266702 1.3979377746582031 0.6410942077636719 0.0 0.0 0.0 0.05897646024823189 0.9982593655586243
1654618325.6265366 1.484588623046875 0.6435317993164062 0.0 0.0 0.0 0.05852087587118149 0.9982861876487732
1654618325.7264326 1.5769729614257812 0.6542892456054688 0.0 0.0 0.0 0.058065496385097504 0.998312771320343
1654618325.8263853 1.6533012390136719 0.6602554321289062 0.0 0.0 0.0 0.05788717418909073 0.9983231425285339
1654618325.9263086 1.7377243041992188 0.674102783203125 0.0 0.0 0.0 0.05563146248459816 0.9984513521194458
1654618326.026157 1.82159423828125 0.6824722290039062 0.0 0.0 0.0 0.05485105514526367 0.998494565486908
1654618326.126033 1.9065055847167969 0.6923027038574219 0.0 0.0 0.0 0.05305713787674904 0.9985914826393127
1654618326.2260225 1.9974136352539062 0.7024002075195312 0.0 0.0 0.0 0.05182893946766853 0.9986559748649597
1654618326.3262224 2.0878524780273438 0.7084732055664062 0.0 0.0 0.0 0.0516473650932312 0.9986653923988342
1654618326.4264135 2.16949462890625 0.7125320434570312 0.0 0.0 0.0 0.05131541192531586 0.9986824989318848
1654618326.5265417 2.263427734375 0.7161979675292969 0.0 0.0 0.0 0.05111033096909523 0.9986929893493652
1654618326.6265955 2.3427505493164062 0.7229423522949219 0.0 0.0 0.0 0.0523974634706974 0.9986262917518616
1654618326.7267816 2.4285888671875 0.7353439331054688 0.0 0.0 0.0 0.05417156219482422 0.9985316395759583
1654618326.8270078 2.509185791015625 0.7447319030761719 0.0 0.0 0.0 0.05617490038275719 0.9984209537506104
1654618326.9272902 2.58880615234375 0.7590522766113281 0.0 0.0 0.0 0.05862053483724594 0.9982803463935852
1654618327.0275276 2.668659210205078 0.7683029174804688 0.0 0.0 0.0 0.06231868267059326 0.9980562925338745
1654618327.127731 2.755016326904297 0.7734146118164062 0.0 0.0 0.0 0.06655652821063995 0.9977826476097107
1654618327.2278357 2.833263397216797 0.7767829895019531 0.0 0.0 0.0 0.07116153836250305 0.9974647760391235
1654618327.3279274 2.907306671142578 0.78521728515625 0.0 0.0 0.0 0.07664801925420761 0.9970582127571106
1654618327.4279325 2.981151580810547 0.7937507629394531 0.0 0.0 0.0 0.08351343125104904 0.9965066313743591
1654618327.527789 3.0634231567382812 0.8110542297363281 0.0 0.0 0.0 0.09215571731328964 0.9957445859909058
1654618327.6276402 3.152393341064453 0.8147087097167969 0.0 0.0 0.0 0.10400572419166565 0.9945766925811768
1654618327.7274177 3.2156143188476562 0.8331375122070312 0.0 0.0 0.0 0.11771824955940247 0.9930470585823059
1654618327.8272169 3.28192138671875 0.8384513854980469 0.0 0.0 0.0 0.13833828270435333 0.9903850555419922
1654618327.9271076 3.339923858642578 0.8470687866210938 0.0 0.0 0.0 0.1596986949443817 0.9871658086776733
1654618328.0269876 3.382099151611328 0.852142333984375 0.0 0.0 0.0 0.18572619557380676 0.982601523399353
1654618328.1269352 3.429637908935547 0.8527717590332031 0.0 0.0 0.0 0.21352364122867584 0.9769378900527954
1654618328.227004 3.457775115966797 0.858428955078125 0.0 0.0 0.0 0.24064667522907257 0.9706127643585205
1654618328.327145 3.488292694091797 0.8535232543945312 0.0 0.0 0.0 0.27185341715812683 0.9623386859893799
1654618328.4272213 3.523571014404297 0.8636894226074219 0.0 0.0 0.0 0.30184879899024963 0.9533557891845703
1654618328.5273101 3.5501937866210938 0.8692817687988281 0.0 0.0 0.0 0.33522480726242065 0.9421381950378418
1654618328.6273391 3.579498291015625 0.8787040710449219 0.0 0.0 0.0 0.36374422907829285 0.9314988851547241
1654618328.7273874 3.60626220703125 0.8868598937988281 0.0 0.0 0.0 0.3918847441673279 0.9200143218040466
1654618328.8274424 3.632354736328125 0.9010391235351562 0.0 0.0 0.0 0.4186594486236572 0.9081433415412903
1654618328.9275043 3.658313751220703 0.913116455078125 0.0 0.0 0.0 0.4420378506183624 0.8969963788986206
1654618329.0275497 3.6802749633789062 0.9334030151367188 0.0 0.0 0.0 0.46140262484550476 0.8871908783912659
1654618329.1275384 3.7155532836914062 0.9575691223144531 0.0 0.0 0.0 0.47951769828796387 0.8775321841239929
1654618329.2273383 3.7438125610351562 0.9857254028320312 0.0 0.0 0.0 0.4965665340423584 0.8679986596107483
1654618329.3270433 3.77386474609375 1.02471923828125 0.0 0.0 0.0 0.5121464133262634 0.8588981628417969
1654618329.4266849 3.799022674560547 1.0640029907226562 0.0 0.0 0.0 0.5292052626609802 0.8484938144683838
1654618329.5265636 3.835662841796875 1.1070671081542969 0.0 0.0 0.0 0.543755054473877 0.8392439484596252
1654618329.626558 3.8577880859375 1.1556167602539062 0.0 0.0 0.0 0.5582804083824158 0.8296523094177246
1654618329.7265856 3.8851547241210938 1.2029647827148438 0.0 0.0 0.0 0.5730016827583313 0.8195542097091675
1654618329.826651 3.912567138671875 1.2527656555175781 0.0 0.0 0.0 0.5882554054260254 0.8086751699447632
1654618329.926715 3.946247100830078 1.3109817504882812 0.0 0.0 0.0 0.603164792060852 0.7976166009902954
1654618330.0267153 3.975055694580078 1.3627510070800781 0.0 0.0 0.0 0.6201173067092896 0.7845091223716736
1654618330.1266491 3.9977645874023438 1.4292716979980469 0.0 0.0 0.0 0.6378970146179199 0.7701216340065002
1654618330.2266784 4.021507263183594 1.4925460815429688 0.0 0.0 0.0 0.6551662683486938 0.7554847002029419
1654618330.326732 4.035747528076172 1.5613517761230469 0.0 0.0 0.0 0.6730704307556152 0.739578366279602
1654618330.4270287 4.0457763671875 1.622467041015625 0.0 0.0 0.0 0.688835859298706 0.7249173521995544
1654618330.5273035 4.055061340332031 1.69354248046875 0.0 0.0 0.0 0.7028920650482178 0.711296558380127
1654618330.6275733 4.066612243652344 1.7712478637695312 0.0 0.0 0.0 0.7155358791351318 0.698576033115387
1654618330.7277174 4.068138122558594 1.852752685546875 0.0 0.0 0.0 0.7258991599082947 0.6878011226654053
1654618330.827829 4.07470703125 1.9335556030273438 0.0 0.0 0.0 0.7352895140647888 0.6777530908584595
1654618330.9277709 4.078601837158203 2.0219345092773438 0.0 0.0 0.0 0.742064893245697 0.6703280806541443
1654618331.0275106 4.062232971191406 2.1162185668945312 0.0 0.0 0.0 0.7470070719718933 0.6648160815238953
1654618331.1271393 4.062431335449219 2.190052032470703 0.0 0.0 0.0 0.7537153363227844 0.6572010517120361
1654618331.226819 4.057342529296875 2.2726669311523438 0.0 0.0 0.0 0.7596672177314758 0.6503120064735413
1654618331.3265588 4.046211242675781 2.3490676879882812 0.0 0.0 0.0 0.7667248249053955 0.6419759392738342
1654618331.4263887 4.023082733154297 2.422466278076172 0.0 0.0 0.0 0.7765143513679504 0.6300995945930481
1654618331.5262618 4.004009246826172 2.4886703491210938 0.0 0.0 0.0 0.7898438572883606 0.6133080124855042
1654618331.6260412 3.9909744262695312 2.5438461303710938 0.0 0.0 0.0 0.8037251830101013 0.595000684261322
1654618331.7260556 3.975189208984375 2.594501495361328 0.0 0.0 0.0 0.8179921507835388 0.5752294063568115
1654618331.8262615 3.970977783203125 2.658275604248047 0.0 0.0 0.0 0.8334327936172485 0.5526208281517029
1654618331.9264727 3.973491668701172 2.684436798095703 0.0 0.0 0.0 0.8489587306976318 0.5284591913223267
1654618332.0267434 3.971954345703125 2.7027206420898438 0.0 0.0 0.0 0.864425003528595 0.5027618408203125
1654618332.1270006 3.978496551513672 2.729228973388672 0.0 0.0 0.0 0.879170298576355 0.4765077233314514
1654618332.227136 3.977428436279297 2.7436599731445312 0.0 0.0 0.0 0.8952239751815796 0.4456164538860321
1654618332.3270962 3.983978271484375 2.760234832763672 0.0 0.0 0.0 0.9117240905761719 0.41080302000045776
1654618332.4270358 3.9936904907226562 2.7755126953125 0.0 0.0 0.0 0.9277521967887878 0.3731967508792877
1654618332.5269434 4.013763427734375 2.780681610107422 0.0 0.0 0.0 0.9424299001693726 0.33440375328063965
1654618332.6269114 4.032012939453125 2.7788925170898438 0.0 0.0 0.0 0.955479621887207 0.29505714774131775
1654618332.7269235 4.041419982910156 2.786590576171875 0.0 0.0 0.0 0.9664894342422485 0.2567064166069031
1654618332.8269806 4.065879821777344 2.7985153198242188 0.0 0.0 0.0 0.9749255776405334 0.22253121435642242
1654618332.927058 4.084522247314453 2.8031082153320312 0.0 0.0 0.0 0.9817916750907898 0.18996083736419678
1654618333.0271525 4.090137481689453 2.808055877685547 0.0 0.0 0.0 0.986810564994812 0.16187916696071625
1654618333.1273506 4.085010528564453 2.813037872314453 0.0 0.0 0.0 0.9906281232833862 0.136586531996727
1654618333.2275245 4.097240447998047 2.824817657470703 0.0 0.0 0.0 0.9936438798904419 0.11256919801235199
1654618333.3276198 4.094745635986328 2.834697723388672 0.0 0.0 0.0 0.9955753684043884 0.09396648406982422
1654618333.4277394 4.082191467285156 2.84588623046875 0.0 0.0 0.0 0.9968156814575195 0.0797400176525116
1654618333.52784 4.074676513671875 2.8416748046875 0.0 0.0 0.0 0.9977400898933411 0.06719203293323517
1654618333.6277661 4.059394836425781 2.846160888671875 0.0 0.0 0.0 0.9985594749450684 0.05365602672100067
1654618333.7276895 4.028350830078125 2.858844757080078 0.0 0.0 0.0 0.9992300868034363 0.03923310711979866
1654618333.827743 3.9898757934570312 2.8698501586914062 0.0 0.0 0.0 0.9996153116226196 0.027734851464629173
1654618333.9279547 3.942035675048828 2.8742752075195312 0.0 0.0 0.0 0.9998496174812317 0.017342012375593185
1654618334.0282736 3.8868331909179688 2.8736953735351562 0.0 0.0 0.0 0.9999101161956787 0.013406308367848396
1654618334.1285865 3.8067855834960938 2.892303466796875 0.0 0.0 0.0 0.9999474883079529 0.010245458222925663
1654618334.2288315 3.721607208251953 2.8855972290039062 0.0 0.0 0.0 0.9998729228973389 0.01594042405486107
1654618334.3288577 3.6313247680664062 2.894824981689453 0.0 0.0 0.0 0.999769389629364 0.02147481217980385
1654618334.4286354 3.538166046142578 2.8900527954101562 0.0 0.0 0.0 0.999639093875885 0.026863159611821175
1654618334.5282438 3.444061279296875 2.895965576171875 0.0 0.0 0.0 0.9994686245918274 0.03259613364934921
1654618334.6278827 3.3489990234375 2.898639678955078 0.0 0.0 0.0 0.9993384480476379 0.03636864945292473
1654618334.7275946 3.259349822998047 2.90850830078125 0.0 0.0 0.0 0.9993049502372742 0.03727712109684944
1654618334.8273983 3.1775131225585938 2.9142990112304688 0.0 0.0 0.0 0.9993451237678528 0.03618530556559563
1654618334.9272156 3.0893783569335938 2.916149139404297 0.0 0.0 0.0 0.999419629573822 0.03406492993235588
1654618335.0270996 2.9999465942382812 2.929767608642578 0.0 0.0 0.0 0.9996087551116943 0.02796948328614235
1654618335.127092 2.911510467529297 2.933734893798828 0.0 0.0 0.0 0.9997811913490295 0.020917275920510292
1654618335.2271104 2.8226242065429688 2.946247100830078 0.0 0.0 0.0 0.9999229907989502 0.012412543408572674
1654618335.3272521 2.738819122314453 2.951007843017578 0.0 0.0 0.0 0.9999902844429016 0.004405321553349495
1654618335.427371 2.654796600341797 2.9493637084960938 0.0 0.0 0.0 -0.9999992251396179 0.0012661970686167479
1654618335.527511 2.563549041748047 2.956836700439453 0.0 0.0 0.0 -0.9999589323997498 0.009064387530088425
1654618335.6277099 2.471698760986328 2.951416015625 0.0 0.0 0.0 -0.9998973608016968 0.014327826909720898
1654618335.7280126 2.377552032470703 2.9517288208007812 0.0 0.0 0.0 -0.9998347759246826 0.018176106736063957
1654618335.8283422 2.287353515625 2.955108642578125 0.0 0.0 0.0 -0.9998091459274292 0.019537711516022682
1654618335.9285862 2.196971893310547 2.9476852416992188 0.0 0.0 0.0 -0.9997540712356567 0.02217571623623371
1654618336.028699 2.0922775268554688 2.9501876831054688 0.0 0.0 0.0 -0.9997133016586304 0.023944191634655
1654618336.1286182 2.001056671142578 2.948497772216797 0.0 0.0 0.0 -0.9997158646583557 0.023836098611354828
1654618336.2284038 1.8924140930175781 2.946735382080078 0.0 0.0 0.0 -0.9997121095657349 0.023992814123630524
1654618336.328018 1.7971611022949219 2.946002960205078 0.0 0.0 0.0 -0.9996926784515381 0.024789849296212196
1654618336.427502 1.6836624145507812 2.9352645874023438 0.0 0.0 0.0 -0.9996662735939026 0.02583402581512928
1654618336.5269213 1.6003341674804688 2.9359664916992188 0.0 0.0 0.0 -0.9995850324630737 0.028805995360016823
1654618336.6264493 1.5044441223144531 2.9313735961914062 0.0 0.0 0.0 -0.9993756413459778 0.03533100336790085
1654618336.7262633 1.4076766967773438 2.920520782470703 0.0 0.0 0.0 -0.9992271065711975 0.039309579879045486
1654618336.8263135 1.3208541870117188 2.9202499389648438 0.0 0.0 0.0 -0.9990068674087524 0.04455707594752312
1654618336.9265466 1.2316474914550781 2.9142379760742188 0.0 0.0 0.0 -0.998701810836792 0.0509384423494339
1654618337.0268462 1.1312637329101562 2.9134597778320312 0.0 0.0 0.0 -0.9983973503112793 0.056592922657728195
1654618337.1272185 1.0481071472167969 2.911571502685547 0.0 0.0 0.0 -0.9980270266532898 0.06278574466705322
1654618337.2275722 0.9516372680664062 2.8927230834960938 0.0 0.0 0.0 -0.9975014925003052 0.0706457570195198
1654618337.3278887 0.8714103698730469 2.881031036376953 0.0 0.0 0.0 -0.9969431757926941 0.07812976837158203
1654618337.4281213 0.776763916015625 2.86749267578125 0.0 0.0 0.0 -0.9961174726486206 0.08803372830152512
1654618337.5282078 0.7049484252929688 2.8577194213867188 0.0 0.0 0.0 -0.9949911832809448 0.09996245056390762
1654618337.6281729 0.6246757507324219 2.8518905639648438 0.0 0.0 0.0 -0.9935246706008911 0.11361636221408844
1654618337.7279456 0.5622444152832031 2.848236083984375 0.0 0.0 0.0 -0.991286039352417 0.1317269504070282
1654618337.8275428 0.499603271484375 2.8345947265625 0.0 0.0 0.0 -0.9880803227424622 0.15393903851509094
1654618337.9270818 0.441192626953125 2.8302841186523438 0.0 0.0 0.0 -0.9837130904197693 0.17974579334259033
1654618338.0267296 0.3908500671386719 2.81964111328125 0.0 0.0 0.0 -0.9778768420219421 0.20918141305446625
1654618338.1264896 0.3465080261230469 2.8145523071289062 0.0 0.0 0.0 -0.9703823328018188 0.24157418310642242
1654618338.2265022 0.30615997314453125 2.800121307373047 0.0 0.0 0.0 -0.9615317583084106 0.2746938467025757
1654618338.3266797 0.26084136962890625 2.7989883422851562 0.0 0.0 0.0 -0.9504523277282715 0.31087028980255127
1654618338.426943 0.22910690307617188 2.797679901123047 0.0 0.0 0.0 -0.937049150466919 0.34919750690460205
1654618338.5272148 0.19724273681640625 2.7921524047851562 0.0 0.0 0.0 -0.9210262894630432 0.3895004093647003
1654618338.6273508 0.159271240234375 2.77734375 0.0 0.0 0.0 -0.9029026627540588 0.42984500527381897
1654618338.7275124 0.14447784423828125 2.7703781127929688 0.0 0.0 0.0 -0.8816097974777222 0.4719789922237396
1654618338.8277683 0.11234283447265625 2.744525909423828 0.0 0.0 0.0 -0.8605190515518188 0.5094183087348938
1654618338.9279542 0.088775634765625 2.7287063598632812 0.0 0.0 0.0 -0.8387297987937927 0.5445478558540344
1654618339.0280364 0.07244873046875 2.703357696533203 0.0 0.0 0.0 -0.8188025951385498 0.5740751624107361
1654618339.1279979 0.0498046875 2.675537109375 0.0 0.0 0.0 -0.8005239367485046 0.5993008017539978
1654618339.2279494 0.01068878173828125 2.644378662109375 0.0 0.0 0.0 -0.7826997637748718 0.6223994493484497
1654618339.327896 -0.010021209716796875 2.597625732421875 0.0 0.0 0.0 -0.7676227688789368 0.6409019231796265
1654618339.4278362 -0.03304290771484375 2.545452117919922 0.0 0.0 0.0 -0.7543812394142151 0.656436562538147
1654618339.5277846 -0.04561614990234375 2.4869766235351562 0.0 0.0 0.0 -0.742749035358429 0.6695699095726013
1654618339.627637 -0.05458831787109375 2.419361114501953 0.0 0.0 0.0 -0.7336625456809998 0.6795139908790588
1654618339.7275882 -0.05858612060546875 2.345569610595703 0.0 0.0 0.0 -0.7243003845214844 0.6894845366477966
1654618339.8275578 -0.06626129150390625 2.2660293579101562 0.0 0.0 0.0 -0.7176737189292908 0.696379542350769
1654618339.927498 -0.07753753662109375 2.1938400268554688 0.0 0.0 0.0 -0.7092558741569519 0.7049511075019836
1654618340.0273883 -0.08745574951171875 2.110370635986328 0.0 0.0 0.0 -0.7038777470588684 0.7103211283683777
1654618340.1272318 -0.08716201782226562 2.033191680908203 0.0 0.0 0.0 -0.6954279541969299 0.7185958623886108
1654618340.2270408 -0.10586929321289062 1.9498062133789062 0.0 0.0 0.0 -0.6862177848815918 0.7273961305618286
1654618340.326914 -0.0855865478515625 1.8744735717773438 0.0 0.0 0.0 -0.6754235625267029 0.7374299764633179
1654618340.426818 -0.08975982666015625 1.802520751953125 0.0 0.0 0.0 -0.662667453289032 0.7489137649536133
1654618340.5268078 -0.08214569091796875 1.7354202270507812 0.0 0.0 0.0 -0.6500478982925415 0.7598932385444641
1654618340.6270292 -0.07881927490234375 1.6572990417480469 0.0 0.0 0.0 -0.6405774354934692 0.7678936123847961
1654618340.7273211 -0.08466339111328125 1.5938491821289062 0.0 0.0 0.0 -0.6289313435554504 0.7774608731269836
1654618340.827483 -0.0727691650390625 1.5196037292480469 0.0 0.0 0.0 -0.618930459022522 0.7854458093643188
1654618340.9276073 -0.06609725952148438 1.4463272094726562 0.0 0.0 0.0 -0.6112539172172546 0.7914345860481262
1654618341.027606 -0.044361114501953125 1.3852424621582031 0.0 0.0 0.0 -0.60050368309021 0.7996219992637634
1654618341.1274686 -0.04080963134765625 1.3310432434082031 0.0 0.0 0.0 -0.5892270803451538 0.807967483997345
1654618341.2272239 -0.028591156005859375 1.2760848999023438 0.0 0.0 0.0 -0.5758251547813416 0.8175728917121887
1654618341.3269033 -0.01143646240234375 1.2223396301269531 0.0 0.0 0.0 -0.5572620034217834 0.8303367495536804
1654618341.4266016 -0.011180877685546875 1.1708450317382812 0.0 0.0 0.0 -0.5355390310287476 0.8445104956626892
1654618341.526405 0.00628662109375 1.1241073608398438 0.0 0.0 0.0 -0.5105023980140686 0.8598763346672058
1654618341.6263905 0.013214111328125 1.08184814453125 0.0 0.0 0.0 -0.48030903935432434 0.877099335193634
1654618341.726432 0.01992034912109375 1.0550918579101562 0.0 0.0 0.0 -0.446043461561203 0.895011305809021
1654618341.8264616 0.004993438720703125 1.0467147827148438 0.0 0.0 0.0 -0.40342849493026733 0.9150111675262451
1654618341.926613 0.000164031982421875 1.0077133178710938 0.0 0.0 0.0 -0.3665495216846466 0.9303985238075256
1654618342.0268874 -0.004070281982421875 0.9881172180175781 0.0 0.0 0.0 -0.3247395157814026 0.9458034634590149
1654618342.1271615 -0.001613616943359375 0.9737014770507812 0.0 0.0 0.0 -0.28348031640052795 0.9589780569076538
1654618342.2275138 -0.00909423828125 0.9674491882324219 0.0 0.0 0.0 -0.23933373391628265 0.9709373712539673
1654618342.3278687 -0.015491485595703125 0.9447555541992188 0.0 0.0 0.0 -0.19818931818008423 0.9801637530326843
1654618342.4281344 -0.02069091796875 0.9397163391113281 0.0 0.0 0.0 -0.1619093418121338 0.9868056178092957
1654618342.528496 -0.01189422607421875 0.9441146850585938 0.0 0.0 0.0 -0.1346646249294281 0.9908912181854248
1654618342.6288185 0.015758514404296875 0.9391403198242188 0.0 0.0 0.0 -0.11549855768680573 0.9933076500892639
1654618342.7290626 0.04192352294921875 0.9225997924804688 0.0 0.0 0.0 -0.10082147270441055 0.9949045181274414
1654618342.8291013 0.08905792236328125 0.9121589660644531 0.0 0.0 0.0 -0.08998879045248032 0.9959427714347839
1654618342.9288788 0.14293670654296875 0.8893241882324219 0.0 0.0 0.0 -0.07778138667345047 0.9969704151153564
1654618343.0285525 0.21300506591796875 0.8817825317382812 0.0 0.0 0.0 -0.06840405613183975 0.9976577162742615
1654618343.128336 0.2744331359863281 0.8733711242675781 0.0 0.0 0.0 -0.05561595410108566 0.9984522461891174
1654618343.228182 0.36560821533203125 0.86053466796875 0.0 0.0 0.0 -0.045902006328105927 0.998945951461792
1654618343.3280656 0.44084930419921875 0.8409347534179688 0.0 0.0 0.0 -0.03247658908367157 0.9994724988937378
1654618343.4278932 0.5283203125 0.8122787475585938 0.0 0.0 0.0 -0.018974509090185165 0.9998199939727783
1654618343.5276291 0.6352310180664062 0.8178024291992188 0.0 0.0 0.0 -0.010406456887722015 0.999945878982544
1654618343.627358 0.7253303527832031 0.8008308410644531 0.0 0.0 0.0 0.0037247438449412584 0.999993085861206
1654618343.7272427 0.8317184448242188 0.8053817749023438 0.0 0.0 0.0 0.01410828810185194 0.9999004602432251
1654618343.8272402 0.93890380859375 0.8026618957519531 0.0 0.0 0.0 0.025882277637720108 0.9996650218963623
1654618343.927317 1.0327529907226562 0.8014106750488281 0.0 0.0 0.0 0.0365741103887558 0.9993309378623962
1654618344.0275288 1.12078857421875 0.7975387573242188 0.0 0.0 0.0 0.04858057200908661 0.9988192915916443
1654618344.1277092 1.2162284851074219 0.8044509887695312 0.0 0.0 0.0 0.05668769031763077 0.9983919858932495
1654618344.2278335 1.3298149108886719 0.8051872253417969 0.0 0.0 0.0 0.06336867064237595 0.9979901909828186
1654618344.3279855 1.4311904907226562 0.8189582824707031 0.0 0.0 0.0 0.06594851613044739 0.9978229999542236
1654618344.4281597 1.5435981750488281 0.82611083984375 0.0 0.0 0.0 0.0665828064084053 0.9977809190750122
1654618344.528333 1.644866943359375 0.8450813293457031 0.0 0.0 0.0 0.06404342502355576 0.997947096824646
1654618344.628404 1.7489738464355469 0.8634567260742188 0.0 0.0 0.0 0.06259211152791977 0.998039186000824
1654618344.7283485 1.8495597839355469 0.8711013793945312 0.0 0.0 0.0 0.06022784113883972 0.9981846809387207
1654618344.8281298 1.9586677551269531 0.8814926147460938 0.0 0.0 0.0 0.058869097381830215 0.9982656836509705
1654618344.927885 2.055644989013672 0.8906135559082031 0.0 0.0 0.0 0.058914341032505035 0.9982630610466003
1654618345.0277023 2.160778045654297 0.9068489074707031 0.0 0.0 0.0 0.058202121406793594 0.9983048439025879
1654618345.1275208 2.256061553955078 0.9180068969726562 0.0 0.0 0.0 0.06031515449285507 0.9981793761253357
1654618345.2273908 2.35992431640625 0.9327011108398438 0.0 0.0 0.0 0.06417912989854813 0.9979383945465088
1654618345.3272977 2.4471511840820312 0.932952880859375 0.0 0.0 0.0 0.06965983659029007 0.997570812702179
1654618345.4272733 2.539234161376953 0.9464111328125 0.0 0.0 0.0 0.07598740607500076 0.9971087574958801
1654618345.5272512 2.62432861328125 0.9613761901855469 0.0 0.0 0.0 0.0836765393614769 0.9964929819107056
1654618345.6271603 2.699726104736328 0.9692153930664062 0.0 0.0 0.0 0.09227318316698074 0.9957337379455566
1654618345.7270856 2.781749725341797 0.9878120422363281 0.0 0.0 0.0 0.10034492611885071 0.9949527382850647
1654618345.8269453 2.8498306274414062 0.992828369140625 0.0 0.0 0.0 0.11067856848239899 0.9938562512397766
1654618345.926877 2.9285812377929688 1.00396728515625 0.0 0.0 0.0 0.12010508030653 0.9927611947059631
1654618346.0268047 2.99371337890625 1.0036125183105469 0.0 0.0 0.0 0.13516458868980408 0.9908231496810913
1654618346.1267996 3.040771484375 1.0276374816894531 0.0 0.0 0.0 0.1504780650138855 0.9886133670806885
1654618346.2268388 3.092082977294922 1.0293655395507812 0.0 0.0 0.0 0.16885003447532654 0.9856417775154114
1654618346.3268483 3.134044647216797 1.0336685180664062 0.0 0.0 0.0 0.19367708265781403 0.9810653328895569
1654618346.426837 3.1863937377929688 1.0461006164550781 0.0 0.0 0.0 0.21922779083251953 0.9756736755371094
1654618346.5269735 3.2244491577148438 1.0525894165039062 0.0 0.0 0.0 0.24781793355941772 0.9688066244125366
1654618346.6270902 3.268390655517578 1.059478759765625 0.0 0.0 0.0 0.2788847088813782 0.9603245854377747
1654618346.72718 3.304931640625 1.055206298828125 0.0 0.0 0.0 0.31884825229644775 0.9478057622909546
1654618346.827268 3.3439102172851562 1.0641975402832031 0.0 0.0 0.0 0.3525329530239105 0.9357994198799133
1654618346.9272974 3.368732452392578 1.069244384765625 0.0 0.0 0.0 0.39009806513786316 0.9207733273506165
1654618347.0274553 3.399517059326172 1.0768966674804688 0.0 0.0 0.0 0.4233890175819397 0.9059479832649231
1654618347.1275706 3.4260025024414062 1.0911865234375 0.0 0.0 0.0 0.4561346769332886 0.8899107575416565
1654618347.2275727 3.453510284423828 1.1074905395507812 0.0 0.0 0.0 0.4862932562828064 0.8737956881523132
1654618347.3275626 3.4824447631835938 1.1240615844726562 0.0 0.0 0.0 0.5168280005455017 0.8560892939567566
1654618347.4275074 3.508373260498047 1.1456108093261719 0.0 0.0 0.0 0.5473417043685913 0.8369092345237732
1654618347.5275722 3.538982391357422 1.1761589050292969 0.0 0.0 0.0 0.5755927562713623 0.8177365064620972
1654618347.627669 3.5655517578125 1.2083015441894531 0.0 0.0 0.0 0.5984945893287659 0.8011268973350525
1654618347.7278378 3.580554962158203 1.2582321166992188 0.0 0.0 0.0 0.6191329956054688 0.7852861881256104
1654618347.8278956 3.592784881591797 1.3170280456542969 0.0 0.0 0.0 0.6357253193855286 0.7719153761863708
1654618347.9279587 3.61273193359375 1.3829574584960938 0.0 0.0 0.0 0.6455997228622437 0.7636759877204895
1654618348.0280387 3.6408157348632812 1.4636306762695312 0.0 0.0 0.0 0.6518077850341797 0.7583841681480408
1654618348.1281092 3.665050506591797 1.54376220703125 0.0 0.0 0.0 0.655347466468811 0.7553275227546692
1654618348.228159 3.679035186767578 1.6353073120117188 0.0 0.0 0.0 0.65680330991745 0.7540619373321533
1654618348.3281767 3.6846084594726562 1.7255477905273438 0.0 0.0 0.0 0.6591542959213257 0.7520077228546143
1654618348.4280994 3.701923370361328 1.8150138854980469 0.0 0.0 0.0 0.6614260673522949 0.7500103712081909
1654618348.527937 3.71600341796875 1.9049568176269531 0.0 0.0 0.0 0.6658778786659241 0.7460607290267944
1654618348.6277392 3.7401199340820312 1.9897232055664062 0.0 0.0 0.0 0.671581506729126 0.7409306764602661
1654618348.7273622 3.7471694946289062 2.065338134765625 0.0 0.0 0.0 0.6809409260749817 0.7323383688926697
1654618348.8268726 3.75897216796875 2.1518020629882812 0.0 0.0 0.0 0.6923519372940063 0.7215599417686462
1654618348.9265149 3.784801483154297 2.216785430908203 0.0 0.0 0.0 0.7045514583587646 0.7096529006958008
1654618349.026262 3.777873992919922 2.2867965698242188 0.0 0.0 0.0 0.7177543640136719 0.6962963938713074
1654618349.1261678 3.780658721923828 2.3603591918945312 0.0 0.0 0.0 0.7308623194694519 0.6825249791145325
1654618349.2261243 3.774616241455078 2.412395477294922 0.0 0.0 0.0 0.7445915937423706 0.66752028465271
1654618349.3261616 3.770496368408203 2.4784469604492188 0.0 0.0 0.0 0.7587566375732422 0.6513742208480835
1654618349.426363 3.7791748046875 2.522693634033203 0.0 0.0 0.0 0.7742224335670471 0.6329135894775391
1654618349.5266542 3.7699661254882812 2.5561294555664062 0.0 0.0 0.0 0.7902616262435913 0.6127695441246033
1654618349.626929 3.755584716796875 2.5856857299804688 0.0 0.0 0.0 0.8051660656929016 0.5930494070053101
1654618349.7269726 3.7623062133789062 2.613361358642578 0.0 0.0 0.0 0.8216978907585144 0.5699232816696167
1654618349.8267891 3.7626266479492188 2.6273880004882812 0.0 0.0 0.0 0.8427075743675232 0.5383716225624084
1654618349.926499 3.7694931030273438 2.6545791625976562 0.0 0.0 0.0 0.8642120957374573 0.5031276941299438
1654618350.0263276 3.7867660522460938 2.657054901123047 0.0 0.0 0.0 0.8860572576522827 0.4635758697986603
1654618350.1262076 3.8006820678710938 2.663524627685547 0.0 0.0 0.0 0.906987726688385 0.4211570918560028
1654618350.2261643 3.829113006591797 2.670299530029297 0.0 0.0 0.0 0.9262262582778931 0.3769680857658386
1654618350.3261864 3.83721923828125 2.678089141845703 0.0 0.0 0.0 0.9417245984077454 0.3363848030567169
1654618350.4261813 3.8572311401367188 2.6917800903320312 0.0 0.0 0.0 0.9563453197479248 0.2922389507293701
1654618350.5262098 3.8703384399414062 2.7072830200195312 0.0 0.0 0.0 0.9678636193275452 0.2514757513999939
1654618350.6264625 3.88568115234375 2.706096649169922 0.0 0.0 0.0 0.9769406914710999 0.21351081132888794
1654618350.726809 3.896289825439453 2.7226791381835938 0.0 0.0 0.0 0.9838678240776062 0.1788969486951828
1654618350.827199 3.8939743041992188 2.7288436889648438 0.0 0.0 0.0 0.9885811805725098 0.15068913996219635
1654618350.927599 3.8792343139648438 2.743896484375 0.0 0.0 0.0 0.9917504787445068 0.1281832456588745
1654618351.027893 3.862762451171875 2.758678436279297 0.0 0.0 0.0 0.9943819046020508 0.10585177689790726
1654618351.1278915 3.8419418334960938 2.770435333251953 0.0 0.0 0.0 0.9966328144073486 0.08199424296617508
1654618351.2276654 3.811145782470703 2.778118133544922 0.0 0.0 0.0 0.998329758644104 0.05777318775653839
1654618351.3274574 3.772045135498047 2.7958450317382812 0.0 0.0 0.0 0.9992082715034485 0.03978521004319191
1654618351.4271922 3.721546173095703 2.798572540283203 0.0 0.0 0.0 0.9997257590293884 0.023417791351675987
1654618351.5270598 3.651988983154297 2.809661865234375 0.0 0.0 0.0 0.9999176859855652 0.012832007370889187
1654618351.6271062 3.578601837158203 2.8168716430664062 0.0 0.0 0.0 0.9999799728393555 0.006329092662781477
1654618351.727128 3.4921875 2.82177734375 0.0 0.0 0.0 0.9999998211860657 0.0005490342737175524
1654618351.8270907 3.399097442626953 2.822101593017578 0.0 0.0 0.0 -0.999996542930603 0.002628518035635352
1654618351.9269297 3.301372528076172 2.81744384765625 0.0 0.0 0.0 -0.9999949336051941 0.0031872496474534273
1654618352.0267348 3.20428466796875 2.825511932373047 0.0 0.0 0.0 -0.9999760985374451 0.006917377933859825
1654618352.1265554 3.10693359375 2.820026397705078 0.0 0.0 0.0 -0.9999561309814453 0.009365258738398552
1654618352.2263675 3.0245437622070312 2.815643310546875 0.0 0.0 0.0 -0.9999093413352966 0.013463523238897324
1654618352.3262024 2.936798095703125 2.8195114135742188 0.0 0.0 0.0 -0.9998051524162292 0.01974092423915863
1654618352.4261 2.841533660888672 2.8110122680664062 0.0 0.0 0.0 -0.9996247291564941 0.02739308960735798
1654618352.5261223 2.7506332397460938 2.81085205078125 0.0 0.0 0.0 -0.9993477463722229 0.03611132502555847
1654618352.6260984 2.6535263061523438 2.813152313232422 0.0 0.0 0.0 -0.9989809989929199 0.04513216018676758
1654618352.72602 2.560436248779297 2.8062057495117188 0.0 0.0 0.0 -0.9984539747238159 0.05558421462774277
1654618352.8259523 2.470630645751953 2.802734375 0.0 0.0 0.0 -0.9979141354560852 0.06455562263727188
1654618352.925968 2.3861312866210938 2.785266876220703 0.0 0.0 0.0 -0.9973059892654419 0.0733533501625061
1654618353.0260298 2.288196563720703 2.786548614501953 0.0 0.0 0.0 -0.9967969059944153 0.079974465072155
1654618353.1261714 2.188243865966797 2.784191131591797 0.0 0.0 0.0 -0.9965476989746094 0.08302236348390579
1654618353.2263625 2.0994873046875 2.7657241821289062 0.0 0.0 0.0 -0.9964364171028137 0.08434700220823288
1654618353.326502 1.9954452514648438 2.7543258666992188 0.0 0.0 0.0 -0.9963635802268982 0.08520305156707764
1654618353.4266331 1.9188919067382812 2.7286300659179688 0.0 0.0 0.0 -0.9963287711143494 0.08560949563980103
1654618353.5268152 1.8128738403320312 2.7204818725585938 0.0 0.0 0.0 -0.9962836503982544 0.08613279461860657
1654618353.6269164 1.717376708984375 2.705638885498047 0.0 0.0 0.0 -0.9961383938789368 0.08779682219028473
1654618353.7269583 1.6291389465332031 2.6933212280273438 0.0 0.0 0.0 -0.9958339333534241 0.09118540585041046
1654618353.8268876 1.5426139831542969 2.675220489501953 0.0 0.0 0.0 -0.9952898621559143 0.09694354981184006
1654618353.926731 1.4587478637695312 2.6631546020507812 0.0 0.0 0.0 -0.9946327805519104 0.10346823185682297
1654618354.0265822 1.3718490600585938 2.652904510498047 0.0 0.0 0.0 -0.9936625361442566 0.11240454763174057
1654618354.1265047 1.2967033386230469 2.6307144165039062 0.0 0.0 0.0 -0.9925431609153748 0.12189381569623947
1654618354.2264047 1.2235488891601562 2.6238784790039062 0.0 0.0 0.0 -0.9912391304969788 0.13207955658435822
1654618354.3264725 1.140167236328125 2.6034164428710938 0.0 0.0 0.0 -0.9904098510742188 0.13816064596176147
1654618354.426737 1.0545425415039062 2.581615447998047 0.0 0.0 0.0 -0.9896962642669678 0.1431826651096344
1654618354.526979 0.9753189086914062 2.557201385498047 0.0 0.0 0.0 -0.989281177520752 0.1460229456424713
1654618354.6272013 0.9059677124023438 2.540740966796875 0.0 0.0 0.0 -0.988776445388794 0.14940258860588074
1654618354.7273188 0.8326416015625 2.52581787109375 0.0 0.0 0.0 -0.9881652593612671 0.1533931940793991
1654618354.8272617 0.7654304504394531 2.506084442138672 0.0 0.0 0.0 -0.987421452999115 0.15811042487621307
1654618354.927125 0.7181587219238281 2.4962387084960938 0.0 0.0 0.0 -0.9868777990341187 0.16146883368492126
1654618355.0271618 0.6703681945800781 2.4772567749023438 0.0 0.0 0.0 -0.9866136908531189 0.1630750596523285
1654618355.1270862 0.6369514465332031 2.4671096801757812 0.0 0.0 0.0 -0.9860744476318359 0.16630442440509796
1654618355.2268355 0.5945625305175781 2.4532852172851562 0.0 0.0 0.0 -0.9852108359336853 0.17134638130664825
1654618355.326483 0.5556526184082031 2.4438552856445312 0.0 0.0 0.0 -0.9838371276855469 0.17906560003757477
1654618355.4261086 0.5133781433105469 2.444049835205078 0.0 0.0 0.0 -0.9817768931388855 0.19003714621067047
1654618355.5257964 0.478759765625 2.437480926513672 0.0 0.0 0.0 -0.9781383872032166 0.2079550325870514
1654618355.6256194 0.452056884765625 2.4229202270507812 0.0 0.0 0.0 -0.9730099439620972 0.2307632863521576
1654618355.72562 0.41898345947265625 2.4144668579101562 0.0 0.0 0.0 -0.9656187891960144 0.2599622905254364
1654618355.825865 0.3951835632324219 2.412403106689453 0.0 0.0 0.0 -0.957318902015686 0.28903377056121826
1654618355.9260893 0.3767814636230469 2.417316436767578 0.0 0.0 0.0 -0.9444913864135742 0.32853612303733826
1654618356.0263333 0.35359954833984375 2.430622100830078 0.0 0.0 0.0 -0.9298986792564392 0.36781585216522217
1654618356.126432 0.34314727783203125 2.43707275390625 0.0 0.0 0.0 -0.913349986076355 0.40717533230781555
1654618356.2264364 0.3373527526855469 2.4390792846679688 0.0 0.0 0.0 -0.8944502472877502 0.4471674859523773
1654618356.326542 0.3148384094238281 2.4446182250976562 0.0 0.0 0.0 -0.8744926452636719 0.48503872752189636
1654618356.4266715 0.30448150634765625 2.444568634033203 0.0 0.0 0.0 -0.8582730293273926 0.5131933093070984
1654618356.5268571 0.2816658020019531 2.446502685546875 0.0 0.0 0.0 -0.8421758413314819 0.5392029285430908
1654618356.6268995 0.27442169189453125 2.4378662109375 0.0 0.0 0.0 -0.8272274732589722 0.5618671774864197
1654618356.7268 0.2538642883300781 2.433025360107422 0.0 0.0 0.0 -0.8099016547203064 0.5865656733512878
1654618356.8265758 0.23673248291015625 2.4185104370117188 0.0 0.0 0.0 -0.7930580377578735 0.6091461181640625
1654618356.9264116 0.23377227783203125 2.391845703125 0.0 0.0 0.0 -0.7792004346847534 0.626774787902832
1654618357.0262306 0.21396636962890625 2.370342254638672 0.0 0.0 0.0 -0.7623965740203857 0.6471100449562073
1654618357.1260731 0.21088409423828125 2.331951141357422 0.0 0.0 0.0 -0.7503984570503235 0.6609857678413391
1654618357.226078 0.18672943115234375 2.287425994873047 0.0 0.0 0.0 -0.7385030388832092 0.6742501854896545
1654618357.3261461 0.17592620849609375 2.234039306640625 0.0 0.0 0.0 -0.7295952439308167 0.6838792562484741
1654618357.4261935 0.16749954223632812 2.1746139526367188 0.0 0.0 0.0 -0.7214779257774353 0.6924374103546143
1654618357.5262485 0.15089797973632812 2.105937957763672 0.0 0.0 0.0 -0.7138308882713318 0.7003180980682373
1654618357.6262803 0.153900146484375 2.0374221801757812 0.0 0.0 0.0 -0.7079537510871887 0.7062587738037109
1654618357.7263362 0.14379119873046875 1.963531494140625 0.0 0.0 0.0 -0.7045262455940247 0.7096779346466064
1654618357.8263779 0.13973236083984375 1.8893928527832031 0.0 0.0 0.0 -0.7022297382354736 0.711950421333313
1654618357.9262931 0.13594436645507812 1.8057022094726562 0.0 0.0 0.0 -0.7019178867340088 0.7122578620910645
1654618358.0261972 0.14088821411132812 1.733856201171875 0.0 0.0 0.0 -0.7026480436325073 0.7115375995635986
1654618358.126319 0.14170074462890625 1.6484184265136719 0.0 0.0 0.0 -0.7052948474884033 0.708914041519165
1654618358.226398 0.13341140747070312 1.5606803894042969 0.0 0.0 0.0 -0.7088362574577332 0.7053731083869934
1654618358.3263996 0.12516021728515625 1.48114013671875 0.0 0.0 0.0 -0.7096799612045288 0.7045242190361023
1654618358.4262755 0.12482833862304688 1.4039993286132812 0.0 0.0 0.0 -0.7092785835266113 0.7049282789230347
1654618358.5262103 0.10862350463867188 1.3295211791992188 0.0 0.0 0.0 -0.7066898941993713 0.7075234055519104
1654618358.6260786 0.10731887817382812 1.2711410522460938 0.0 0.0 0.0 -0.6973583102226257 0.7167226672172546
1654618358.725801 0.12166595458984375 1.2084274291992188 0.0 0.0 0.0 -0.684312105178833 0.7291892170906067
1654618358.8253267 0.114898681640625 1.1471633911132812 0.0 0.0 0.0 -0.6659637689590454 0.7459841370582581
1654618358.9249659 0.11781692504882812 1.097808837890625 0.0 0.0 0.0 -0.6408177614212036 0.767693042755127
1654618359.0248382 0.11418914794921875 1.0603141784667969 0.0 0.0 0.0 -0.6065718531608582 0.7950286865234375
1654618359.1250608 0.09986114501953125 1.0308837890625 0.0 0.0 0.0 -0.568468451499939 0.822705090045929
1654618359.225612 0.10057830810546875 0.9922676086425781 0.0 0.0 0.0 -0.52951979637146 0.8482975959777832
1654618359.3261507 0.08592605590820312 0.9908676147460938 0.0 0.0 0.0 -0.4838483929634094 0.8751518130302429
1654618359.42679 0.06760406494140625 0.9746589660644531 0.0 0.0 0.0 -0.4406799077987671 0.8976643085479736
1654618359.527331 0.04558563232421875 0.9595832824707031 0.0 0.0 0.0 -0.3975207805633545 0.9175931811332703
1654618359.6276603 0.032329559326171875 0.9609794616699219 0.0 0.0 0.0 -0.3546125292778015 0.9350133538246155
1654618359.7278326 0.023326873779296875 0.9471435546875 0.0 0.0 0.0 -0.31782981753349304 0.9481477737426758
1654618359.8279781 0.034313201904296875 0.9265975952148438 0.0 0.0 0.0 -0.27995967864990234 0.9600117802619934
1654618359.928019 0.020721435546875 0.9178390502929688 0.0 0.0 0.0 -0.24023550748825073 0.9707146286964417
1654618360.0279744 0.003345489501953125 0.9089241027832031 0.0 0.0 0.0 -0.20260120928287506 0.9792613387107849
1654618360.127975 0.00872802734375 0.8967475891113281 0.0 0.0 0.0 -0.16936467587947845 0.9855534434318542
1654618360.2279248 0.010425567626953125 0.89495849609375 0.0 0.0 0.0 -0.1388716697692871 0.9903103709220886
1654618360.327833 0.00928497314453125 0.8940620422363281 0.0 0.0 0.0 -0.11117900907993317 0.9938004016876221
1654618360.4276912 0.01222991943359375 0.8891716003417969 0.0 0.0 0.0 -0.08945950120687485 0.9959904551506042
1654618360.5275888 0.004547119140625 0.8845443725585938 0.0 0.0 0.0 -0.0686628445982933 0.9976398944854736
1654618360.6275594 0.00247955322265625 0.8821907043457031 0.0 0.0 0.0 -0.05227057635784149 0.9986329674720764
1654618360.7274535 -0.004138946533203125 0.8758163452148438 0.0 0.0 0.0 -0.0373121052980423 0.9993036389350891
1654618360.8272765 -0.002765655517578125 0.8766975402832031 0.0 0.0 0.0 -0.027030901983380318 0.9996346235275269
1654618360.9271886 -0.0114593505859375 0.8752822875976562 0.0 0.0 0.0 -0.018447456881403923 0.9998298287391663
1654618361.027223 -0.00658416748046875 0.87762451171875 0.0 0.0 0.0 -0.013957674615085125 0.999902606010437
1654618361.127217 -0.01166534423828125 0.874725341796875 0.0 0.0 0.0 -0.010129906237125397 0.9999486804008484
1654618361.227116 -0.007843017578125 0.8712158203125 0.0 0.0 0.0 -0.009068754501640797 0.999958872795105
1654618361.3270328 -0.0145111083984375 0.8721199035644531 0.0 0.0 0.0 -0.010534957982599735 0.9999445080757141
1654618361.4269757 -0.009471893310546875 0.8790702819824219 0.0 0.0 0.0 -0.014017035253345966 0.9999017715454102
1654618361.5268438 -0.000850677490234375 0.87994384765625 0.0 0.0 0.0 -0.01591654121875763 0.9998733401298523
1654618361.626605 -0.010829925537109375 0.885009765625 0.0 0.0 0.0 -0.01844269037246704 0.9998299479484558
1654618361.726419 -0.01250457763671875 0.885986328125 0.0 0.0 0.0 -0.020304150879383087 0.9997938275337219
1654618361.8263311 -0.010761260986328125 0.8800048828125 0.0 0.0 0.0 -0.019469374790787697 0.9998104572296143
1654618361.9263952 -0.0092926025390625 0.885467529296875 0.0 0.0 0.0 -0.020099390298128128 0.9997979998588562
1654618362.026501 -0.0091552734375 0.8881454467773438 0.0 0.0 0.0 -0.020160414278507233 0.9997967481613159
1654618362.1265566 -0.01099395751953125 0.8773269653320312 0.0 0.0 0.0 -0.01913517341017723 0.99981689453125
1654618362.2265637 -0.0073699951171875 0.8791389465332031 0.0 0.0 0.0 -0.019266517832875252 0.9998143911361694
1654618362.3265293 -0.0081329345703125 0.8831253051757812 0.0 0.0 0.0 -0.019686292856931686 0.9998062252998352
1654618362.426542 -0.008228302001953125 0.8837776184082031 0.0 0.0 0.0 -0.02003646083176136 0.9997992515563965
1654618362.5265288 -0.01251220703125 0.8823471069335938 0.0 0.0 0.0 -0.019800473004579544 0.9998039603233337
1654618362.6265275 -0.01194000244140625 0.8823776245117188 0.0 0.0 0.0 -0.019657926633954048 0.9998067617416382
1654618362.7264874 -0.007213592529296875 0.8836288452148438 0.0 0.0 0.0 -0.019787125289440155 0.9998041987419128
1654618362.82638 -0.01163482666015625 0.88275146484375 0.0 0.0 0.0 -0.01990368776023388 0.9998018741607666
