1654618298.5877512 -0.14209747314453125 0.7486038208007812 0.0 0.0 0.0 0.007062883581966162 0.9999750852584839
1654618298.6880045 -0.13747024536132812 0.7428665161132812 0.0 0.0 0.0 0.004480697214603424 0.9999899864196777
1654618298.7882204 -0.1371917724609375 0.7555656433105469 0.0 0.0 0.0 0.00923225749284029 0.9999573826789856
1654618298.8883514 -0.12197113037109375 0.75872802734375 0.0 0.0 0.0 0.00869742501527071 0.9999621510505676
1654618298.9883835 -0.11710357666015625 0.7475967407226562 0.0 0.0 0.0 0.005974631290882826 0.9999821782112122
1654618299.0883381 -0.13590240478515625 0.7656631469726562 0.0 0.0 0.0 0.0071226912550628185 0.9999746084213257
1654618299.1882117 -0.11397552490234375 0.749481201171875 0.0 0.0 0.0 0.00824950821697712 0.9999659657478333
1654618299.288021 -0.10540008544921875 0.7414436340332031 0.0 0.0 0.0 0.009590916335582733 0.9999539852142334
1654618299.3878155 -0.0521392822265625 0.7296676635742188 0.0 0.0 0.0 0.011650106869637966 0.9999321103096008
1654618299.487634 -0.02239227294921875 0.7361679077148438 0.0 0.0 0.0 0.012100636959075928 0.9999268054962158
1654618299.5873795 0.023670196533203125 0.7326889038085938 0.0 0.0 0.0 0.018848523497581482 0.9998223781585693
1654618299.687088 0.06250762939453125 0.7426071166992188 0.0 0.0 0.0 0.02161664515733719 0.9997663497924805
1654618299.7869911 0.10413360595703125 0.7383308410644531 0.0 0.0 0.0 0.024177275598049164 0.9997076988220215
1654618299.886966 0.14850616455078125 0.7426681518554688 0.0 0.0 0.0 0.03214389830827713 0.9994832277297974
1654618299.9869196 0.18970489501953125 0.7376785278320312 0.0 0.0 0.0 0.04233797639608383 0.9991033673286438
1654618300.0869977 0.22841262817382812 0.7367057800292969 0.0 0.0 0.0 0.05240936577320099 0.9986256957054138
1654618300.1871521 0.2628364562988281 0.733795166015625 0.0 0.0 0.0 0.0618303008377552 0.99808669090271
1654618300.2875602 0.3024406433105469 0.7438125610351562 0.0 0.0 0.0 0.06079813838005066 0.998150110244751
1654618300.3881207 0.3365669250488281 0.7413253784179688 0.0 0.0 0.0 0.05674440413713455 0.9983887672424316
1654618300.488729 0.37584686279296875 0.7445793151855469 0.0 0.0 0.0 0.04323408380150795 0.9990649819374084
1654618300.5892174 0.4150276184082031 0.7531204223632812 0.0 0.0 0.0 0.03127700090408325 0.9995107650756836
1654618300.689238 0.4830741882324219 0.7505683898925781 0.0 0.0 0.0 0.021551422774791718 0.9997677206993103
1654618300.7890131 0.5296401977539062 0.7519454956054688 0.0 0.0 0.0 0.015043521299958229 0.9998868107795715
1654618300.8887875 0.58758544921875 0.7537422180175781 0.0 0.0 0.0 0.006644326262176037 0.9999779462814331
1654618300.9883966 0.6511344909667969 0.7589340209960938 0.0 0.0 0.0 -0.0013014392461627722 0.9999991655349731
1654618301.0879273 0.7086296081542969 0.7651786804199219 0.0 0.0 0.0 -0.004931103903800249 0.9999878406524658
1654618301.1875014 0.7633438110351562 0.7558784484863281 0.0 0.0 0.0 -0.01010988000780344 0.9999489188194275
1654618301.2871754 0.822113037109375 0.7475471496582031 0.0 0.0 0.0 -0.011099976487457752 0.9999383687973022
1654618301.3868794 0.8848495483398438 0.7433395385742188 0.0 0.0 0.0 -0.012226666323840618 0.9999252557754517
1654618301.4866648 0.943115234375 0.7397689819335938 0.0 0.0 0.0 -0.009901750832796097 0.9999510049819946
1654618301.5865421 1.0087394714355469 0.74072265625 0.0 0.0 0.0 -0.005790113937109709 0.9999832510948181
1654618301.6864822 1.0793571472167969 0.7321395874023438 0.0 0.0 0.0 -0.0003501494647935033 0.9999999403953552
1654618301.7865553 1.148193359375 0.728302001953125 0.0 0.0 0.0 0.005604682024568319 0.9999842643737793
1654618301.8867095 1.2188949584960938 0.7231864929199219 0.0 0.0 0.0 0.012518741190433502 0.9999216198921204
1654618301.9869094 1.2905082702636719 0.7213058471679688 0.0 0.0 0.0 0.01959541253745556 0.9998080134391785
1654618302.087156 1.3572196960449219 0.7202339172363281 0.0 0.0 0.0 0.026013419032096863 0.9996615648269653
1654618302.1874325 1.430450439453125 0.7154617309570312 0.0 0.0 0.0 0.030306275933980942 0.9995406866073608
1654618302.287714 1.505950927734375 0.7166328430175781 0.0 0.0 0.0 0.0352928452193737 0.9993770122528076
1654618302.38794 1.5862808227539062 0.7237930297851562 0.0 0.0 0.0 0.037396788597106934 0.999300479888916
1654618302.488136 1.6616935729980469 0.7215995788574219 0.0 0.0 0.0 0.03903760761022568 0.9992377161979675
1654618302.588307 1.74713134765625 0.7308578491210938 0.0 0.0 0.0 0.03810926899313927 0.9992735981941223
1654618302.6884198 1.8299751281738281 0.7305183410644531 0.0 0.0 0.0 0.037200797349214554 0.9993078112602234
1654618302.7884648 1.9092941284179688 0.7352981567382812 0.0 0.0 0.0 0.035353824496269226 0.9993748664855957
1654618302.888421 1.9880294799804688 0.7354965209960938 0.0 0.0 0.0 0.034489165991544724 0.9994050860404968
1654618302.9883301 2.0703506469726562 0.740570068359375 0.0 0.0 0.0 0.03402237966656685 0.9994210600852966
1654618303.0881839 2.15716552734375 0.7371711730957031 0.0 0.0 0.0 0.03384809195995331 0.9994269609451294
1654618303.1879973 2.2344970703125 0.7401504516601562 0.0 0.0 0.0 0.03571183606982231 0.9993621110916138
1654618303.2877996 2.3172073364257812 0.7415542602539062 0.0 0.0 0.0 0.038543663918972015 0.9992569088935852
1654618303.3876128 2.388031005859375 0.7428207397460938 0.0 0.0 0.0 0.04281218349933624 0.9990831613540649
1654618303.4874246 2.4658432006835938 0.7456741333007812 0.0 0.0 0.0 0.04725675657391548 0.9988827705383301
1654618303.587269 2.540149688720703 0.7453689575195312 0.0 0.0 0.0 0.053073395043611526 0.9985905885696411
1654618303.6871605 2.6169052124023438 0.7442398071289062 0.0 0.0 0.0 0.05836760997772217 0.9982951283454895
1654618303.7871344 2.6879043579101562 0.7566337585449219 0.0 0.0 0.0 0.06505704671144485 0.9978815317153931
1654618303.887179 2.7605667114257812 0.7613525390625 0.0 0.0 0.0 0.07087717205286026 0.9974850416183472
1654618303.9873033 2.8392410278320312 0.7648086547851562 0.0 0.0 0.0 0.07645799964666367 0.9970728158950806
1654618304.0873926 2.904857635498047 0.7684440612792969 0.0 0.0 0.0 0.08227571845054626 0.996609628200531
1654618304.1875226 2.9768142700195312 0.7741203308105469 0.0 0.0 0.0 0.08709258586168289 0.9962002038955688
1654618304.287652 3.043010711669922 0.7814865112304688 0.0 0.0 0.0 0.09106209129095078 0.9958451986312866
1654618304.3876925 3.107830047607422 0.79412841796875 0.0 0.0 0.0 0.09793274104595184 0.9951930642127991
1654618304.4876106 3.166168212890625 0.7921562194824219 0.0 0.0 0.0 0.1061582937836647 0.9943492412567139
1654618304.5875103 3.229278564453125 0.7975845336914062 0.0 0.0 0.0 0.11744119971990585 0.9930798411369324
1654618304.6873047 3.2824478149414062 0.8092269897460938 0.0 0.0 0.0 0.13062335550785065 0.9914320707321167
1654618304.7870293 3.327686309814453 0.81329345703125 0.0 0.0 0.0 0.14890770614147186 0.9888510704040527
1654618304.8867934 3.3705368041992188 0.8241043090820312 0.0 0.0 0.0 0.16808415949344635 0.9857726693153381
1654618304.986594 3.412517547607422 0.8311271667480469 0.0 0.0 0.0 0.19113561511039734 0.9815636277198792
1654618305.0864706 3.449493408203125 0.8428955078125 0.0 0.0 0.0 0.21465003490447998 0.9766910076141357
1654618305.1864243 3.487957000732422 0.8463935852050781 0.0 0.0 0.0 0.2399509996175766 0.9707850217819214
1654618305.286427 3.517475128173828 0.85308837890625 0.0 0.0 0.0 0.2671755850315094 0.9636478424072266
1654618305.386498 3.544464111328125 0.8510360717773438 0.0 0.0 0.0 0.29510071873664856 0.9554661512374878
1654618305.486667 3.574779510498047 0.8602790832519531 0.0 0.0 0.0 0.3218182325363159 0.946801483631134
1654618305.5867937 3.595745086669922 0.8700485229492188 0.0 0.0 0.0 0.35440194606781006 0.9350931644439697
1654618305.6868818 3.621929168701172 0.8716316223144531 0.0 0.0 0.0 0.38650208711624146 0.9222885370254517
1654618305.7869983 3.647899627685547 0.8778190612792969 0.0 0.0 0.0 0.4180600047111511 0.9084194302558899
1654618305.8870525 3.6699752807617188 0.879852294921875 0.0 0.0 0.0 0.4499821960926056 0.8930374979972839
1654618305.9871542 3.6865234375 0.8945198059082031 0.0 0.0 0.0 0.4810885787010193 0.8766719698905945
1654618306.0873203 3.70245361328125 0.9088211059570312 0.0 0.0 0.0 0.5097892880439758 0.860299289226532
1654618306.187526 3.71630859375 0.9178466796875 0.0 0.0 0.0 0.5360178351402283 0.8442066311836243
1654618306.2877338 3.7392807006835938 0.9330978393554688 0.0 0.0 0.0 0.5611016154289246 0.8277469277381897
1654618306.387938 3.758930206298828 0.9441299438476562 0.0 0.0 0.0 0.5838963985443115 0.8118281364440918
1654618306.4880402 3.7739334106445312 0.9607048034667969 0.0 0.0 0.0 0.6058809757232666 0.7955552935600281
1654618306.5881574 3.789356231689453 0.98095703125 0.0 0.0 0.0 0.624993085861206 0.7806302905082703
1654618306.6882277 3.7971572875976562 0.9995346069335938 0.0 0.0 0.0 0.6417641043663025 0.7669020891189575
1654618306.788371 3.8039169311523438 1.0266914367675781 0.0 0.0 0.0 0.6558215022087097 0.7549159526824951
1654618306.8885424 3.8152389526367188 1.0633010864257812 0.0 0.0 0.0 0.6660781502723694 0.745881974697113
1654618306.9885967 3.829559326171875 1.0992622375488281 0.0 0.0 0.0 0.6759722828865051 0.7369270324707031
1654618307.088601 3.8433837890625 1.1486740112304688 0.0 0.0 0.0 0.6825200915336609 0.7308668494224548
1654618307.1885712 3.84979248046875 1.2008056640625 0.0 0.0 0.0 0.6883756518363953 0.7253543734550476
1654618307.2885008 3.8516616821289062 1.2584724426269531 0.0 0.0 0.0 0.6922194361686707 0.7216870784759521
1654618307.388427 3.855785369873047 1.3241157531738281 0.0 0.0 0.0 0.6954699158668518 0.718555212020874
1654618307.4883766 3.867504119873047 1.3830642700195312 0.0 0.0 0.0 0.6971055269241333 0.7169685363769531
1654618307.5883083 3.8729782104492188 1.448211669921875 0.0 0.0 0.0 0.6957961320877075 0.7182393074035645
1654618307.6882246 3.881256103515625 1.5264511108398438 0.0 0.0 0.0 0.6933369040489197 0.7206135392189026
1654618307.7880852 3.8807144165039062 1.5900459289550781 0.0 0.0 0.0 0.6940620541572571 0.7199151515960693
1654618307.8879328 3.889862060546875 1.6674880981445312 0.0 0.0 0.0 0.6931830048561096 0.7207615971565247
1654618307.9877615 3.8940658569335938 1.72314453125 0.0 0.0 0.0 0.694733202457428 0.7192674875259399
1654618308.0875506 3.903636932373047 1.7883682250976562 0.0 0.0 0.0 0.6960935592651367 0.7179511189460754
1654618308.1873853 3.9072799682617188 1.8535575866699219 0.0 0.0 0.0 0.698454737663269 0.7156542539596558
1654618308.2871957 3.906444549560547 1.9111213684082031 0.0 0.0 0.0 0.7031106948852539 0.7110804319381714
1654618308.3870516 3.9223861694335938 1.9681587219238281 0.0 0.0 0.0 0.708618700504303 0.70559161901474
1654618308.4869258 3.9309005737304688 2.0329208374023438 0.0 0.0 0.0 0.7160552144050598 0.6980436444282532
1654618308.5868309 3.943157196044922 2.0840530395507812 0.0 0.0 0.0 0.7256149649620056 0.6881009340286255
1654618308.6867151 3.951000213623047 2.1405868530273438 0.0 0.0 0.0 0.7379074096679688 0.6749019622802734
1654618308.7866287 3.950122833251953 2.189361572265625 0.0 0.0 0.0 0.7512574195861816 0.6600093245506287
1654618308.8866262 3.956462860107422 2.2331771850585938 0.0 0.0 0.0 0.7648809552192688 0.6441717147827148
1654618308.9867241 3.963024139404297 2.2812576293945312 0.0 0.0 0.0 0.7781174182891846 0.6281188726425171
1654618309.0868459 3.956554412841797 2.3314743041992188 0.0 0.0 0.0 0.7924627661705017 0.6099202632904053
1654618309.186937 3.948436737060547 2.380023956298828 0.0 0.0 0.0 0.807711124420166 0.5895784497261047
1654618309.2869937 3.942798614501953 2.420085906982422 0.0 0.0 0.0 0.823927104473114 0.5666957497596741
1654618309.387078 3.93780517578125 2.4560775756835938 0.0 0.0 0.0 0.8378469944000244 0.5459051132202148
1654618309.4871964 3.939250946044922 2.485912322998047 0.0 0.0 0.0 0.8517541289329529 0.523941695690155
1654618309.587292 3.934123992919922 2.515178680419922 0.0 0.0 0.0 0.8656612038612366 0.5006303191184998
1654618309.6873379 3.925182342529297 2.541706085205078 0.0 0.0 0.0 0.8796045184135437 0.47570568323135376
1654618309.7873614 3.922618865966797 2.579540252685547 0.0 0.0 0.0 0.8937364220619202 0.44859251379966736
1654618309.8872957 3.9088973999023438 2.610820770263672 0.0 0.0 0.0 0.9078264832496643 0.41934600472450256
1654618309.98724 3.9130325317382812 2.627124786376953 0.0 0.0 0.0 0.920649528503418 0.3903901278972626
1654618310.0872223 3.892559051513672 2.6547012329101562 0.0 0.0 0.0 0.9326016306877136 0.36090752482414246
1654618310.1872075 3.883258819580078 2.6713790893554688 0.0 0.0 0.0 0.9437436461448669 0.3306780159473419
1654618310.2872317 3.8686599731445312 2.694934844970703 0.0 0.0 0.0 0.9537792205810547 0.30050820112228394
1654618310.387289 3.856304168701172 2.7187271118164062 0.0 0.0 0.0 0.9621376991271973 0.2725639045238495
1654618310.4874349 3.8355331420898438 2.744831085205078 0.0 0.0 0.0 0.9691560864448547 0.24644766747951508
1654618310.5876307 3.801403045654297 2.766704559326172 0.0 0.0 0.0 0.9744948744773865 0.22440984845161438
1654618310.6878235 3.771484375 2.787006378173828 0.0 0.0 0.0 0.9796711206436157 0.2006102353334427
1654618310.7880182 3.771320343017578 2.810108184814453 0.0 0.0 0.0 0.9837350249290466 0.17962560057640076
1654618310.8882914 3.70758056640625 2.825542449951172 0.0 0.0 0.0 0.9858669638633728 0.16753022372722626
1654618310.988525 3.695995330810547 2.8477554321289062 0.0 0.0 0.0 0.9884257316589355 0.15170538425445557
1654618311.088723 3.614410400390625 2.8722915649414062 0.0 0.0 0.0 0.9905831813812256 0.13691245019435883
1654618311.1888244 3.6091995239257812 2.8839035034179688 0.0 0.0 0.0 0.9924297332763672 0.12281370162963867
1654618311.2889109 3.5223007202148438 2.904895782470703 0.0 0.0 0.0 0.9939740896224976 0.10961510986089706
1654618311.3889756 3.5096359252929688 2.92413330078125 0.0 0.0 0.0 0.9954257011413574 0.0955391377210617
1654618311.4889975 3.4477615356445312 2.943065643310547 0.0 0.0 0.0 0.9966225028038025 0.08211899548768997
1654618311.5889878 3.396869659423828 2.9557723999023438 0.0 0.0 0.0 0.9976102709770203 0.06909209489822388
1654618311.6889205 3.332195281982422 2.9708480834960938 0.0 0.0 0.0 0.9984174966812134 0.05623634159564972
1654618311.7888606 3.261760711669922 2.988842010498047 0.0 0.0 0.0 0.9989112615585327 0.04665059596300125
1654618311.888827 3.1907730102539062 3.0024948120117188 0.0 0.0 0.0 0.9993129968643188 0.037061262875795364
1654618311.9887493 3.114482879638672 3.008930206298828 0.0 0.0 0.0 0.9996113181114197 0.027879158034920692
1654618312.0886722 3.0518569946289062 3.010894775390625 0.0 0.0 0.0 0.9998072981834412 0.019630320370197296
1654618312.1885424 2.975261688232422 3.0168533325195312 0.0 0.0 0.0 0.999923586845398 0.012360810302197933
1654618312.288435 2.8950576782226562 3.032390594482422 0.0 0.0 0.0 0.9999863505363464 0.005227140616625547
1654618312.3883107 2.8298568725585938 3.034862518310547 0.0 0.0 0.0 -0.9999999403953552 0.0002835551858879626
1654618312.4881227 2.7633895874023438 3.042938232421875 0.0 0.0 0.0 -0.9999721646308899 0.007463938090950251
1654618312.5879736 2.6820449829101562 3.047710418701172 0.0 0.0 0.0 -0.9999008774757385 0.014079658314585686
1654618312.687854 2.5986099243164062 3.054157257080078 0.0 0.0 0.0 -0.9997850656509399 0.020731469616293907
1654618312.7877421 2.529468536376953 3.05609130859375 0.0 0.0 0.0 -0.9996236562728882 0.02743181772530079
1654618312.8876398 2.4575881958007812 3.0491256713867188 0.0 0.0 0.0 -0.999438464641571 0.03350710868835449
1654618312.9875512 2.3815231323242188 3.048877716064453 0.0 0.0 0.0 -0.9991562962532043 0.04106875881552696
1654618313.0875392 2.300243377685547 3.047924041748047 0.0 0.0 0.0 -0.9989672303199768 0.04543595016002655
1654618313.1876218 2.2286376953125 3.0464248657226562 0.0 0.0 0.0 -0.998848021030426 0.04798531532287598
1654618313.2878444 2.143512725830078 3.047168731689453 0.0 0.0 0.0 -0.9988870024681091 0.047166917473077774
1654618313.3881266 2.05450439453125 3.040607452392578 0.0 0.0 0.0 -0.9990749955177307 0.04300181567668915
1654618313.4884455 1.9611320495605469 3.0366287231445312 0.0 0.0 0.0 -0.9991969466209412 0.04006834328174591
1654618313.588765 1.8741950988769531 3.0233993530273438 0.0 0.0 0.0 -0.9994217753410339 0.03400130942463875
1654618313.6889703 1.7985916137695312 3.020404815673828 0.0 0.0 0.0 -0.9995920062065125 0.02856159768998623
1654618313.7890213 1.70074462890625 3.014820098876953 0.0 0.0 0.0 -0.9997383952140808 0.0228719599545002
1654618313.8889363 1.6128959655761719 3.0119094848632812 0.0 0.0 0.0 -0.9998353123664856 0.01814940944314003
1654618313.988699 1.5243110656738281 3.0166091918945312 0.0 0.0 0.0 -0.9999010562896729 0.014067738316953182
1654618314.0884116 1.4344711303710938 3.0165176391601562 0.0 0.0 0.0 -0.9999473094940186 0.010262861847877502
1654618314.188072 1.3477592468261719 3.015216827392578 0.0 0.0 0.0 -0.999965250492096 0.008335926569998264
1654618314.287704 1.2602462768554688 3.013458251953125 0.0 0.0 0.0 -0.9999703168869019 0.00770795252174139
1654618314.3873706 1.1835861206054688 3.020843505859375 0.0 0.0 0.0 -0.999965250492096 0.008335568942129612
1654618314.4870903 1.1020584106445312 3.0226516723632812 0.0 0.0 0.0 -0.9999421238899231 0.010760651901364326
1654618314.5869048 1.0156364440917969 3.0258102416992188 0.0 0.0 0.0 -0.9999023079872131 0.013979770243167877
1654618314.6868103 0.9386672973632812 3.0236740112304688 0.0 0.0 0.0 -0.9998432993888855 0.017702803015708923
1654618314.786858 0.8449211120605469 3.03131103515625 0.0 0.0 0.0 -0.9997982978820801 0.020083464682102203
1654618314.8868845 0.779998779296875 3.030132293701172 0.0 0.0 0.0 -0.9996803402900696 0.025282148271799088
1654618314.9869413 0.7045822143554688 3.025714874267578 0.0 0.0 0.0 -0.9995066523551941 0.03140691667795181
1654618315.0870414 0.6450996398925781 3.0259780883789062 0.0 0.0 0.0 -0.999319851398468 0.036875899881124496
1654618315.1870906 0.5907173156738281 3.03448486328125 0.0 0.0 0.0 -0.9989790320396423 0.045175984501838684
1654618315.2871268 0.5282211303710938 3.0319442749023438 0.0 0.0 0.0 -0.9984097480773926 0.05637369304895401
1654618315.3871396 0.4765815734863281 3.0274581909179688 0.0 0.0 0.0 -0.9975354075431824 0.07016463577747345
1654618315.4871185 0.40956878662109375 3.032794952392578 0.0 0.0 0.0 -0.996206521987915 0.08702053874731064
1654618315.5870383 0.3564872741699219 3.0333175659179688 0.0 0.0 0.0 -0.9942559003829956 0.10702915489673615
1654618315.687062 0.30743408203125 3.034107208251953 0.0 0.0 0.0 -0.9919149875640869 0.12690429389476776
1654618315.7870018 0.2624320983886719 3.0340957641601562 0.0 0.0 0.0 -0.987933874130249 0.1548764556646347
1654618315.8870003 0.22483444213867188 3.0338211059570312 0.0 0.0 0.0 -0.984163224697113 0.17726466059684753
1654618315.987064 0.19437789916992188 3.0301513671875 0.0 0.0 0.0 -0.9790250062942505 0.20374001562595367
1654618316.0871062 0.15874099731445312 3.0280227661132812 0.0 0.0 0.0 -0.9724472761154175 0.23312292993068695
1654618316.187202 0.14051437377929688 3.0168380737304688 0.0 0.0 0.0 -0.9641891717910767 0.26521551609039307
1654618316.2872617 0.11268997192382812 3.012073516845703 0.0 0.0 0.0 -0.9549037218093872 0.29691559076309204
1654618316.3874116 0.09038162231445312 3.0147933959960938 0.0 0.0 0.0 -0.9439417719841003 0.3301120400428772
1654618316.4875162 0.070220947265625 3.0181045532226562 0.0 0.0 0.0 -0.9313246607780457 0.36419007182121277
1654618316.587662 0.047252655029296875 3.0164794921875 0.0 0.0 0.0 -0.9175816178321838 0.3975473940372467
1654618316.687739 0.02916717529296875 3.010894775390625 0.0 0.0 0.0 -0.902130663394928 0.4314629137516022
1654618316.7877872 0.01761627197265625 3.0106201171875 0.0 0.0 0.0 -0.8857880234718323 0.4640900790691376
1654618316.8879457 -0.00499725341796875 3.015625 0.0 0.0 0.0 -0.8709008693695068 0.4914586544036865
1654618316.988136 -0.015682220458984375 3.016033172607422 0.0 0.0 0.0 -0.8553577065467834 0.5180378556251526
1654618317.088226 -0.02452850341796875 3.0221023559570312 0.0 0.0 0.0 -0.8391270041465759 0.5439355969429016
1654618317.1882863 -0.0348968505859375 3.0098037719726562 0.0 0.0 0.0 -0.8231340646743774 0.5678470730781555
1654618317.2883441 -0.051177978515625 3.008556365966797 0.0 0.0 0.0 -0.8078306913375854 0.589414656162262
1654618317.388324 -0.06639862060546875 3.007862091064453 0.0 0.0 0.0 -0.792689859867096 0.6096251010894775
1654618317.4883351 -0.08660125732421875 2.9930648803710938 0.0 0.0 0.0 -0.7791076302528381 0.6268901824951172
1654618317.5883453 -0.08762359619140625 2.9721298217773438 0.0 0.0 0.0 -0.7681872248649597 0.6402252316474915
1654618317.6883543 -0.09375762939453125 2.950531005859375 0.0 0.0 0.0 -0.7560925483703613 0.6544647216796875
1654618317.788344 -0.09905242919921875 2.912933349609375 0.0 0.0 0.0 -0.7468804121017456 0.6649584174156189
1654618317.8883767 -0.1162872314453125 2.88311767578125 0.0 0.0 0.0 -0.7386965155601501 0.6740381717681885
1654618317.9884286 -0.12481307983398438 2.847026824951172 0.0 0.0 0.0 -0.7326079607009888 0.6806508898735046
1654618318.0884118 -0.13822174072265625 2.791210174560547 0.0 0.0 0.0 -0.7254671454429626 0.6882568001747131
1654618318.1883428 -0.14197540283203125 2.739665985107422 0.0 0.0 0.0 -0.718582272529602 0.6954419612884521
1654618318.288261 -0.14970779418945312 2.683116912841797 0.0 0.0 0.0 -0.7128908634185791 0.7012749910354614
1654618318.3881981 -0.16094207763671875 2.631023406982422 0.0 0.0 0.0 -0.7053592801094055 0.7088499665260315
1654618318.4881444 -0.16963958740234375 2.562885284423828 0.0 0.0 0.0 -0.7000546455383301 0.7140892744064331
1654618318.5881188 -0.16893768310546875 2.5044784545898438 0.0 0.0 0.0 -0.6942259669303894 0.7197571396827698
1654618318.688211 -0.17144012451171875 2.434314727783203 0.0 0.0 0.0 -0.6913650631904602 0.7225056290626526
1654618318.7883763 -0.1725006103515625 2.356201171875 0.0 0.0 0.0 -0.6916534900665283 0.7222294807434082
1654618318.8885431 -0.17027664184570312 2.278900146484375 0.0 0.0 0.0 -0.6921170949935913 0.7217852473258972
1654618318.9886465 -0.1744232177734375 2.19384765625 0.0 0.0 0.0 -0.6934014558792114 0.7205514311790466
1654618319.088656 -0.17556381225585938 2.115673065185547 0.0 0.0 0.0 -0.6949355602264404 0.7190720438957214
1654618319.1885653 -0.17840576171875 2.0431594848632812 0.0 0.0 0.0 -0.6955644488334656 0.718463659286499
1654618319.2884047 -0.18541717529296875 1.9705924987792969 0.0 0.0 0.0 -0.6960047483444214 0.7180371880531311
1654618319.388202 -0.174896240234375 1.902801513671875 0.0 0.0 0.0 -0.6950125098228455 0.718997597694397
1654618319.4879808 -0.17613983154296875 1.834503173828125 0.0 0.0 0.0 -0.6943997740745544 0.7195894122123718
1654618319.5878055 -0.17145538330078125 1.7639274597167969 0.0 0.0 0.0 -0.6928960680961609 0.7210375070571899
1654618319.6876552 -0.1762542724609375 1.6920852661132812 0.0 0.0 0.0 -0.6903454065322876 0.7234799265861511
1654618319.7875578 -0.18235015869140625 1.6182937622070312 0.0 0.0 0.0 -0.6872014999389648 0.7264668345451355
1654618319.8875117 -0.18477630615234375 1.5477485656738281 0.0 0.0 0.0 -0.6843327879905701 0.7291698455810547
1654618319.987546 -0.17541885375976562 1.4836845397949219 0.0 0.0 0.0 -0.6810837984085083 0.7322055101394653
1654618320.087624 -0.17566680908203125 1.4121170043945312 0.0 0.0 0.0 -0.6770524382591248 0.7359347939491272
1654618320.1877255 -0.18399810791015625 1.3571853637695312 0.0 0.0 0.0 -0.6739404201507568 0.7387856841087341
1654618320.287767 -0.18334197998046875 1.2990646362304688 0.0 0.0 0.0 -0.6677263975143433 0.7444068193435669
1654618320.3877451 -0.17659759521484375 1.2426338195800781 0.0 0.0 0.0 -0.6605242490768433 0.7508047223091125
1654618320.4876733 -0.17303848266601562 1.1993331909179688 0.0 0.0 0.0 -0.6508720517158508 0.7591874599456787
1654618320.5875847 -0.17157363891601562 1.1618461608886719 0.0 0.0 0.0 -0.6397355794906616 0.7685950398445129
1654618320.6874995 -0.1717071533203125 1.1276359558105469 0.0 0.0 0.0 -0.6280300617218018 0.7781891226768494
1654618320.7874024 -0.18071746826171875 1.0968246459960938 0.0 0.0 0.0 -0.6141953468322754 0.7891539931297302
1654618320.8873513 -0.17404937744140625 1.0593147277832031 0.0 0.0 0.0 -0.5988252758979797 0.800879716873169
1654618320.9873345 -0.17971420288085938 1.0275077819824219 0.0 0.0 0.0 -0.5833301544189453 0.8122351169586182
1654618321.0873628 -0.17222213745117188 0.9996719360351562 0.0 0.0 0.0 -0.5659523606300354 0.8244379758834839
1654618321.1874726 -0.16550445556640625 0.9679756164550781 0.0 0.0 0.0 -0.5493122935295105 0.8356171250343323
1654618321.2875807 -0.15740966796875 0.941497802734375 0.0 0.0 0.0 -0.5319324731826782 0.8467867374420166
1654618321.387714 -0.15713882446289062 0.9224014282226562 0.0 0.0 0.0 -0.514257550239563 0.8576357960700989
1654618321.4878206 -0.14626312255859375 0.8924980163574219 0.0 0.0 0.0 -0.49661457538604736 0.8679711818695068
1654618321.5879 -0.13146591186523438 0.8626632690429688 0.0 0.0 0.0 -0.47836849093437195 0.87815922498703
1654618321.6878846 -0.13290023803710938 0.8400154113769531 0.0 0.0 0.0 -0.455835223197937 0.8900641798973083
1654618321.7878695 -0.11914825439453125 0.8156929016113281 0.0 0.0 0.0 -0.4356965720653534 0.9000936150550842
1654618321.8878393 -0.12131500244140625 0.8006401062011719 0.0 0.0 0.0 -0.41196873784065247 0.9111979603767395
1654618321.987832 -0.1200714111328125 0.78271484375 0.0 0.0 0.0 -0.3887016773223877 0.9213636517524719
1654618322.0878313 -0.12201690673828125 0.7696456909179688 0.0 0.0 0.0 -0.3624533414840698 0.9320019483566284
1654618322.1877635 -0.10860824584960938 0.7467117309570312 0.0 0.0 0.0 -0.33425551652908325 0.9424824714660645
1654618322.2876287 -0.11089324951171875 0.7331008911132812 0.0 0.0 0.0 -0.3000527620315552 0.9539226293563843
1654618322.387508 -0.111419677734375 0.7197647094726562 0.0 0.0 0.0 -0.26613476872444153 0.9639358520507812
1654618322.487521 -0.10071563720703125 0.706512451171875 0.0 0.0 0.0 -0.2357836365699768 0.9718055725097656
1654618322.587643 -0.12184906005859375 0.7041015625 0.0 0.0 0.0 -0.2052464336156845 0.9787103533744812
1654618322.6879208 -0.14027023315429688 0.6907463073730469 0.0 0.0 0.0 -0.17854538559913635 0.9839316606521606
1654618322.7882378 -0.12453460693359375 0.6754837036132812 0.0 0.0 0.0 -0.15938811004161835 0.9872159957885742
1654618322.8884912 -0.1309814453125 0.6621627807617188 0.0 0.0 0.0 -0.13445177674293518 0.9909201264381409
1654618322.988551 -0.12609100341796875 0.6478500366210938 0.0 0.0 0.0 -0.10868605226278305 0.994076132774353
1654618323.0884726 -0.11071014404296875 0.6368942260742188 0.0 0.0 0.0 -0.08602621406316757 0.9962928891181946
1654618323.1883833 -0.099517822265625 0.6284980773925781 0.0 0.0 0.0 -0.06131201982498169 0.9981186389923096
1654618323.2883081 -0.07593154907226562 0.6217765808105469 0.0 0.0 0.0 -0.03957635909318924 0.9992165565490723
1654618323.3882225 -0.061710357666015625 0.6096611022949219 0.0 0.0 0.0 -0.02030438929796219 0.9997938275337219
1654618323.4882007 -0.029460906982421875 0.6084785461425781 0.0 0.0 0.0 -0.002750782761722803 0.9999962449073792
1654618323.5882149 0.009449005126953125 0.61859130859375 0.0 0.0 0.0 0.011075587943196297 0.9999386668205261
1654618323.688323 0.044036865234375 0.6119499206542969 0.0 0.0 0.0 0.02350388839840889 0.9997237324714661
1654618323.7884266 0.09461593627929688 0.6167182922363281 0.0 0.0 0.0 0.031001415103673935 0.9995193481445312
1654618323.88864 0.1436767578125 0.6096076965332031 0.0 0.0 0.0 0.03388720378279686 0.9994256496429443
1654618323.9887488 0.20938873291015625 0.6143913269042969 0.0 0.0 0.0 0.03576246649026871 0.9993603229522705
1654618324.0888095 0.27877044677734375 0.6200981140136719 0.0 0.0 0.0 0.03528536483645439 0.9993772506713867
1654618324.1888216 0.35021209716796875 0.60968017578125 0.0 0.0 0.0 0.032866448163986206 0.9994597434997559
1654618324.2886784 0.4362907409667969 0.6155166625976562 0.0 0.0 0.0 0.033602066338062286 0.999435305595398
1654618324.388507 0.5125503540039062 0.62091064453125 0.0 0.0 0.0 0.029447484761476517 0.9995663166046143
1654618324.4883027 0.5900192260742188 0.6196365356445312 0.0 0.0 0.0 0.029817743226885796 0.9995553493499756
1654618324.5880814 0.679931640625 0.621734619140625 0.0 0.0 0.0 0.029114415869116783 0.9995760917663574
1654618324.6878545 0.7510299682617188 0.6245193481445312 0.0 0.0 0.0 0.0299842469394207 0.9995503425598145
1654618324.7876742 0.8390388488769531 0.6189498901367188 0.0 0.0 0.0 0.03314400091767311 0.9994505643844604
1654618324.8875265 0.9145011901855469 0.6236457824707031 0.0 0.0 0.0 0.03531581163406372 0.9993761777877808
1654618324.9874704 0.9905319213867188 0.62005615234375 0.0 0.0 0.0 0.03731432184576988 0.9993035793304443
1654618325.0873992 1.0696525573730469 0.6293525695800781 0.0 0.0 0.0 0.04128076136112213 0.9991475939750671
1654618325.187394 1.142425537109375 0.6326789855957031 0.0 0.0 0.0 0.045618556439876556 0.998958945274353
1654618325.287459 1.23162841796875 0.6345748901367188 0.0 0.0 0.0 0.0506780743598938 0.9987150430679321
1654618325.3875592 1.310394287109375 0.6324577331542969 0.0 0.0 0.0 0.05457333102822304 0.9985097646713257
1654618325.4876688 1.3904914855957031 0.6405258178710938 0.0 0.0 0.0 0.05639604851603508 0.9984084963798523
1654618325.587824 1.4734077453613281 0.6540641784667969 0.0 0.0 0.0 0.05601419508457184 0.9984299540519714
1654618325.6879869 1.5668716430664062 0.65545654296875 0.0 0.0 0.0 0.05784051865339279 0.9983258247375488
1654618325.7881103 1.661041259765625 0.6645393371582031 0.0 0.0 0.0 0.055329374969005585 0.9984681606292725
1654618325.8882003 1.7472724914550781 0.669891357421875 0.0 0.0 0.0 0.05554008111357689 0.9984564781188965
1654618325.9882185 1.8253097534179688 0.677276611328125 0.0 0.0 0.0 0.052395299077034 0.9986264109611511
1654618326.088222 1.9204788208007812 0.691131591796875 0.0 0.0 0.0 0.05053350329399109 0.9987223744392395
1654618326.188158 2.005237579345703 0.6956863403320312 0.0 0.0 0.0 0.04985399916768074 0.9987565279006958
1654618326.28806 2.097503662109375 0.7033195495605469 0.0 0.0 0.0 0.049092281609773636 0.9987942576408386
1654618326.3879383 2.1814041137695312 0.6999015808105469 0.0 0.0 0.0 0.05000663921236992 0.9987488985061646
1654618326.4878135 2.266986846923828 0.701629638671875 0.0 0.0 0.0 0.04919705539941788 0.9987890720367432
1654618326.587678 2.3515090942382812 0.6996231079101562 0.0 0.0 0.0 0.04904988408088684 0.9987963438034058
1654618326.6875374 2.4414291381835938 0.7108268737792969 0.0 0.0 0.0 0.049331244081258774 0.9987824559211731
1654618326.7873776 2.524444580078125 0.7117691040039062 0.0 0.0 0.0 0.05443388223648071 0.9985173940658569
1654618326.8873127 2.6152725219726562 0.7218246459960938 0.0 0.0 0.0 0.05636727064847946 0.9984101057052612
1654618326.987281 2.6925582885742188 0.72064208984375 0.0 0.0 0.0 0.06073662266135216 0.998153805732727
1654618327.0873387 2.783618927001953 0.7331733703613281 0.0 0.0 0.0 0.0637972354888916 0.9979628920555115
1654618327.1873662 2.868267059326172 0.74102783203125 0.0 0.0 0.0 0.06814425438642502 0.9976754784584045
1654618327.2873836 2.9486312866210938 0.7420425415039062 0.0 0.0 0.0 0.07325106859207153 0.9973135590553284
1654618327.387378 3.0218429565429688 0.7450447082519531 0.0 0.0 0.0 0.08128007501363754 0.9966912865638733
1654618327.4873414 3.1042251586914062 0.7569198608398438 0.0 0.0 0.0 0.0889999121427536 0.996031641960144
1654618327.587325 3.1805953979492188 0.7687606811523438 0.0 0.0 0.0 0.09853186458349228 0.9951338768005371
1654618327.6873293 3.2472915649414062 0.7744636535644531 0.0 0.0 0.0 0.1125120148062706 0.9936503767967224
1654618327.7872646 3.308910369873047 0.7900924682617188 0.0 0.0 0.0 0.12752752006053925 0.9918350577354431
1654618327.887156 3.367725372314453 0.7876701354980469 0.0 0.0 0.0 0.14943142235279083 0.9887720942497253
1654618327.9870546 3.4174575805664062 0.792266845703125 0.0 0.0 0.0 0.17276757955551147 0.9849626421928406
1654618328.086936 3.4580459594726562 0.797271728515625 0.0 0.0 0.0 0.1991575062274933 0.979967474937439
1654618328.1868885 3.5007095336914062 0.8003768920898438 0.0 0.0 0.0 0.22797605395317078 0.9736667275428772
1654618328.2869852 3.5289535522460938 0.8045845031738281 0.0 0.0 0.0 0.2553598880767822 0.9668460488319397
1654618328.3870864 3.5636978149414062 0.8052482604980469 0.0 0.0 0.0 0.28437480330467224 0.958713173866272
1654618328.4872487 3.592449188232422 0.8243217468261719 0.0 0.0 0.0 0.31340235471725464 0.9496204257011414
1654618328.5873876 3.6177902221679688 0.82867431640625 0.0 0.0 0.0 0.34742164611816406 0.9377090334892273
1654618328.6876156 3.6451950073242188 0.8393020629882812 0.0 0.0 0.0 0.3769473731517792 0.9262346625328064
1654618328.7879033 3.6782760620117188 0.8495864868164062 0.0 0.0 0.0 0.4036397933959961 0.9149180054664612
1654618328.8881748 3.701007843017578 0.8595161437988281 0.0 0.0 0.0 0.4286072850227356 0.9034909009933472
1654618328.9884262 3.721752166748047 0.8805122375488281 0.0 0.0 0.0 0.4504394233226776 0.8928070068359375
1654618329.0886407 3.7511672973632812 0.8971061706542969 0.0 0.0 0.0 0.4712802767753601 0.8819835186004639
1654618329.1887677 3.785755157470703 0.9229354858398438 0.0 0.0 0.0 0.48747366666793823 0.8731377124786377
1654618329.2887352 3.818187713623047 0.9573249816894531 0.0 0.0 0.0 0.5046143531799316 0.8633448481559753
1654618329.3885558 3.842365264892578 1.0049972534179688 0.0 0.0 0.0 0.5204703211784363 0.8538797497749329
1654618329.488288 3.872730255126953 1.0431747436523438 0.0 0.0 0.0 0.5368083715438843 0.8437041640281677
1654618329.5880485 3.9066848754882812 1.08929443359375 0.0 0.0 0.0 0.5529212951660156 0.8332334756851196
1654618329.6877677 3.928821563720703 1.1394538879394531 0.0 0.0 0.0 0.5662527680397034 0.8242316246032715
1654618329.7874706 3.955760955810547 1.1957283020019531 0.0 0.0 0.0 0.583225667476654 0.8123101592063904
1654618329.887247 3.983551025390625 1.2521781921386719 0.0 0.0 0.0 0.5976378917694092 0.8017661571502686
1654618329.9870872 4.017280578613281 1.307769775390625 0.0 0.0 0.0 0.613517701625824 0.7896809577941895
1654618330.086905 4.050525665283203 1.3698654174804688 0.0 0.0 0.0 0.6317787766456604 0.7751487493515015
1654618330.1867993 4.066570281982422 1.4349479675292969 0.0 0.0 0.0 0.6496680378913879 0.7602180242538452
1654618330.2867596 4.082267761230469 1.4941520690917969 0.0 0.0 0.0 0.6673727631568909 0.7447238564491272
1654618330.3868868 4.107902526855469 1.558807373046875 0.0 0.0 0.0 0.6839643716812134 0.7295154333114624
1654618330.4870906 4.116493225097656 1.6258544921875 0.0 0.0 0.0 0.6994539499282837 0.7146776914596558
1654618330.5873566 4.128276824951172 1.6960372924804688 0.0 0.0 0.0 0.7123932242393494 0.7017805576324463
1654618330.6876397 4.135749816894531 1.7716751098632812 0.0 0.0 0.0 0.7243486642837524 0.6894338726997375
1654618330.7879596 4.138019561767578 1.86395263671875 0.0 0.0 0.0 0.7341594099998474 0.6789771318435669
1654618330.888237 4.137260437011719 1.9438896179199219 0.0 0.0 0.0 0.7416512966156006 0.6707856059074402
1654618330.988434 4.138664245605469 2.0238571166992188 0.0 0.0 0.0 0.7483634948730469 0.6632888317108154
1654618331.0885413 4.13555908203125 2.1046981811523438 0.0 0.0 0.0 0.7536909580230713 0.6572290062904358
1654618331.1885107 4.132209777832031 2.190715789794922 0.0 0.0 0.0 0.759826123714447 0.6501263380050659
1654618331.288337 4.1259765625 2.2715225219726562 0.0 0.0 0.0 0.7672876715660095 0.6413031220436096
1654618331.3880029 4.125404357910156 2.3489608764648438 0.0 0.0 0.0 0.7760487198829651 0.6306729316711426
1654618331.4875581 4.117118835449219 2.418712615966797 0.0 0.0 0.0 0.7871371507644653 0.6167779564857483
1654618331.5870392 4.105018615722656 2.484355926513672 0.0 0.0 0.0 0.7997754216194153 0.6002992987632751
1654618331.6865683 4.090324401855469 2.5380630493164062 0.0 0.0 0.0 0.813066303730011 0.5821710824966431
1654618331.7862356 4.087860107421875 2.590167999267578 0.0 0.0 0.0 0.8277496695518494 0.5610975027084351
1654618331.8860278 4.091941833496094 2.625804901123047 0.0 0.0 0.0 0.8423371315002441 0.53895103931427
1654618331.9859219 4.088359832763672 2.661518096923828 0.0 0.0 0.0 0.8576720952987671 0.514197051525116
1654618332.0860121 4.086921691894531 2.67694091796875 0.0 0.0 0.0 0.8715328574180603 0.4903371036052704
1654618332.186216 4.087383270263672 2.699787139892578 0.0 0.0 0.0 0.8866084218025208 0.4625208377838135
1654618332.2864082 4.079303741455078 2.7089157104492188 0.0 0.0 0.0 0.9026800990104675 0.43031230568885803
1654618332.386571 4.071247100830078 2.724498748779297 0.0 0.0 0.0 0.9178924560546875 0.39682918787002563
1654618332.4867496 4.089813232421875 2.7333602905273438 0.0 0.0 0.0 0.9339593648910522 0.35737916827201843
1654618332.586919 4.101573944091797 2.7405014038085938 0.0 0.0 0.0 0.9481446146965027 0.31783923506736755
1654618332.687093 4.107318878173828 2.739215850830078 0.0 0.0 0.0 0.9598630666732788 0.28046905994415283
1654618332.787348 4.123939514160156 2.7426528930664062 0.0 0.0 0.0 0.9694448113441467 0.24530960619449615
1654618332.8876643 4.131553649902344 2.7528457641601562 0.0 0.0 0.0 0.9774422645568848 0.21120290458202362
1654618332.9879673 4.130970001220703 2.766918182373047 0.0 0.0 0.0 0.9839375019073486 0.1785132884979248
1654618333.0882812 4.138355255126953 2.7735366821289062 0.0 0.0 0.0 0.988615095615387 0.15046675503253937
1654618333.1884978 4.155433654785156 2.780994415283203 0.0 0.0 0.0 0.992149293422699 0.1250590831041336
1654618333.2886426 4.162635803222656 2.7919692993164062 0.0 0.0 0.0 0.994703471660614 0.10278607904911041
1654618333.3887284 4.163177490234375 2.796398162841797 0.0 0.0 0.0 0.9962766170501709 0.08621438592672348
1654618333.4887848 4.180187225341797 2.810283660888672 0.0 0.0 0.0 0.9973671436309814 0.0725177749991417
1654618333.588728 4.158683776855469 2.813873291015625 0.0 0.0 0.0 0.9982430934906006 0.05925134941935539
1654618333.6884487 4.135822296142578 2.8186111450195312 0.0 0.0 0.0 0.9989556670188904 0.045689839869737625
1654618333.7881238 4.090156555175781 2.832866668701172 0.0 0.0 0.0 0.9994826912879944 0.03216184303164482
1654618333.8878312 4.042320251464844 2.8442153930664062 0.0 0.0 0.0 0.9997789859771729 0.021023588255047798
1654618333.9876297 3.978069305419922 2.850372314453125 0.0 0.0 0.0 0.999923050403595 0.01240586768835783
1654618334.0874898 3.9198532104492188 2.859424591064453 0.0 0.0 0.0 0.9999651908874512 0.008343555964529514
1654618334.187555 3.84490966796875 2.868633270263672 0.0 0.0 0.0 0.9999539256095886 0.009596514515578747
1654618334.2877126 3.755401611328125 2.871318817138672 0.0 0.0 0.0 0.9998844265937805 0.015201535075902939
1654618334.3878493 3.6579513549804688 2.874195098876953 0.0 0.0 0.0 0.9997689723968506 0.021495193243026733
1654618334.487861 3.560100555419922 2.875102996826172 0.0 0.0 0.0 0.9996638298034668 0.025927573442459106
1654618334.5878453 3.455486297607422 2.885120391845703 0.0 0.0 0.0 0.9995313882827759 0.03061133809387684
1654618334.6876626 3.3792343139648438 2.891429901123047 0.0 0.0 0.0 0.9994210004806519 0.03402489796280861
1654618334.7874541 3.2765274047851562 2.9043655395507812 0.0 0.0 0.0 0.9994005560874939 0.03462023660540581
1654618334.8871636 3.1941757202148438 2.9106826782226562 0.0 0.0 0.0 0.9994414448738098 0.03341894596815109
1654618334.9868662 3.096935272216797 2.92095947265625 0.0 0.0 0.0 0.9995786547660828 0.02902679704129696
1654618335.0865753 3.0095596313476562 2.9277114868164062 0.0 0.0 0.0 0.9997411370277405 0.02275218442082405
1654618335.1863687 2.9259033203125 2.936603546142578 0.0 0.0 0.0 0.9998888373374939 0.014911293983459473
1654618335.286287 2.838733673095703 2.946063995361328 0.0 0.0 0.0 0.9999780654907227 0.0066198380663990974
1654618335.3863652 2.753326416015625 2.957714080810547 0.0 0.0 0.0 -0.9999996423721313 0.0008571901707910001
1654618335.486557 2.662914276123047 2.9655685424804688 0.0 0.0 0.0 -0.9999685883522034 0.00792502611875534
1654618335.5868237 2.577411651611328 2.9632492065429688 0.0 0.0 0.0 -0.9998937249183655 0.014580165967345238
1654618335.687155 2.493499755859375 2.9728775024414062 0.0 0.0 0.0 -0.9998180270195007 0.019076814875006676
1654618335.7874794 2.394054412841797 2.9767074584960938 0.0 0.0 0.0 -0.9997606873512268 0.021877525374293327
1654618335.8877676 2.2896194458007812 2.9711685180664062 0.0 0.0 0.0 -0.999699592590332 0.024508720263838768
1654618335.9879367 2.1944808959960938 2.971527099609375 0.0 0.0 0.0 -0.9996625781059265 0.025975242257118225
1654618336.088011 2.096019744873047 2.969287872314453 0.0 0.0 0.0 -0.999630331993103 0.02718907780945301
1654618336.1879911 2.0060043334960938 2.9687271118164062 0.0 0.0 0.0 -0.999656081199646 0.026225019246339798
1654618336.287889 1.9086380004882812 2.971843719482422 0.0 0.0 0.0 -0.9996225833892822 0.027471022680401802
1654618336.3877466 1.8244400024414062 2.9659194946289062 0.0 0.0 0.0 -0.999605655670166 0.02808113768696785
1654618336.487568 1.7303047180175781 2.9676742553710938 0.0 0.0 0.0 -0.9995293617248535 0.030676990747451782
1654618336.587393 1.62847900390625 2.9637527465820312 0.0 0.0 0.0 -0.9994036555290222 0.03453100100159645
1654618336.6872058 1.5370292663574219 2.96142578125 0.0 0.0 0.0 -0.9992088675498962 0.03977032005786896
1654618336.7870579 1.4411430358886719 2.9490127563476562 0.0 0.0 0.0 -0.9988744854927063 0.047431860119104385
1654618336.8869615 1.3523941040039062 2.9483413696289062 0.0 0.0 0.0 -0.9986773133277893 0.05141572654247284
1654618336.9869611 1.2590522766113281 2.951496124267578 0.0 0.0 0.0 -0.9983137249946594 0.05804905295372009
1654618337.0869863 1.1678886413574219 2.9508438110351562 0.0 0.0 0.0 -0.9980208277702332 0.0628846064209938
1654618337.1870122 1.0693244934082031 2.941944122314453 0.0 0.0 0.0 -0.9974828958511353 0.0709078386425972
1654618337.2870488 0.9930953979492188 2.9305648803710938 0.0 0.0 0.0 -0.9969994425773621 0.07740907371044159
1654618337.3870842 0.9005966186523438 2.923961639404297 0.0 0.0 0.0 -0.9963231682777405 0.0856744647026062
1654618337.4871264 0.8251724243164062 2.9103317260742188 0.0 0.0 0.0 -0.9953051209449768 0.09678681194782257
1654618337.5871072 0.7460556030273438 2.906482696533203 0.0 0.0 0.0 -0.9940666556358337 0.10877236723899841
1654618337.6870322 0.6795425415039062 2.9024658203125 0.0 0.0 0.0 -0.9922997355461121 0.12385982275009155
1654618337.7869432 0.6169204711914062 2.904205322265625 0.0 0.0 0.0 -0.9896815419197083 0.1432843655347824
1654618337.8868117 0.5478439331054688 2.900421142578125 0.0 0.0 0.0 -0.9858960509300232 0.16735875606536865
1654618337.9867218 0.5066337585449219 2.883941650390625 0.0 0.0 0.0 -0.9812270998954773 0.19285577535629272
1654618338.0866997 0.450897216796875 2.8770370483398438 0.0 0.0 0.0 -0.9746878743171692 0.22356997430324554
1654618338.1867597 0.40979766845703125 2.860515594482422 0.0 0.0 0.0 -0.9673833847045898 0.25331684947013855
1654618338.28679 0.371826171875 2.84454345703125 0.0 0.0 0.0 -0.9574218392372131 0.2886926531791687
1654618338.3868637 0.33251190185546875 2.833911895751953 0.0 0.0 0.0 -0.9460834264755249 0.32392314076423645
1654618338.4869678 0.2979621887207031 2.8280868530273438 0.0 0.0 0.0 -0.932818591594696 0.36034637689590454
1654618338.5870016 0.26874542236328125 2.8176498413085938 0.0 0.0 0.0 -0.9162804484367371 0.40053728222846985
1654618338.6870756 0.24723052978515625 2.7985305786132812 0.0 0.0 0.0 -0.8977537751197815 0.44049760699272156
1654618338.7871203 0.21279144287109375 2.782764434814453 0.0 0.0 0.0 -0.874880850315094 0.4843382239341736
1654618338.887389 0.17503738403320312 2.7681655883789062 0.0 0.0 0.0 -0.853682279586792 0.520794153213501
1654618338.9878078 0.14796829223632812 2.76953125 0.0 0.0 0.0 -0.8308596014976501 0.5564820766448975
1654618339.0882947 0.12210845947265625 2.736949920654297 0.0 0.0 0.0 -0.8112423419952393 0.5847100615501404
1654618339.1888387 0.09444046020507812 2.7097549438476562 0.0 0.0 0.0 -0.7937618494033813 0.6082286238670349
1654618339.289309 0.07078170776367188 2.674571990966797 0.0 0.0 0.0 -0.7780196070671082 0.6282399892807007
1654618339.3896043 0.05193328857421875 2.6209335327148438 0.0 0.0 0.0 -0.763431191444397 0.645889163017273
1654618339.4897525 0.02954864501953125 2.564838409423828 0.0 0.0 0.0 -0.7511551976203918 0.6601256728172302
1654618339.589726 0.0081787109375 2.496917724609375 0.0 0.0 0.0 -0.7400395274162292 0.672563374042511
1654618339.689575 -0.0046844482421875 2.4254150390625 0.0 0.0 0.0 -0.7307891249656677 0.6826032996177673
1654618339.7892675 -0.003082275390625 2.351093292236328 0.0 0.0 0.0 -0.7217456698417664 0.6921583414077759
1654618339.8889284 -0.01105499267578125 2.28045654296875 0.0 0.0 0.0 -0.7135665416717529 0.7005874514579773
1654618339.9885545 -0.02112579345703125 2.2064285278320312 0.0 0.0 0.0 -0.7084831595420837 0.7057276964187622
1654618340.0881581 -0.039653778076171875 2.1238784790039062 0.0 0.0 0.0 -0.701992928981781 0.7121838927268982
1654618340.1877005 -0.04778289794921875 2.0385055541992188 0.0 0.0 0.0 -0.6929460763931274 0.7209894061088562
1654618340.2872088 -0.053073883056640625 1.9727249145507812 0.0 0.0 0.0 -0.6819849014282227 0.7313662171363831
1654618340.3868082 -0.0566253662109375 1.8997726440429688 0.0 0.0 0.0 -0.6709603071212769 0.741493284702301
1654618340.486561 -0.050701141357421875 1.8342819213867188 0.0 0.0 0.0 -0.6588703989982605 0.752256453037262
1654618340.5864666 -0.04375457763671875 1.7555007934570312 0.0 0.0 0.0 -0.6465473175048828 0.7628738880157471
1654618340.6865282 -0.04784393310546875 1.6801071166992188 0.0 0.0 0.0 -0.6358600854873657 0.7718043327331543
1654618340.7867398 -0.0385894775390625 1.6098556518554688 0.0 0.0 0.0 -0.6259669065475464 0.7798495888710022
1654618340.886996 -0.02466583251953125 1.5405082702636719 0.0 0.0 0.0 -0.6173228025436401 0.7867099642753601
1654618340.9872742 -0.01134490966796875 1.4708023071289062 0.0 0.0 0.0 -0.6069607138633728 0.794731855392456
1654618341.0875294 -0.01209259033203125 1.4046859741210938 0.0 0.0 0.0 -0.5977535247802734 0.8016799092292786
1654618341.18769 0.001148223876953125 1.3471794128417969 0.0 0.0 0.0 -0.585773766040802 0.8104746341705322
1654618341.2876825 0.00669097900390625 1.293792724609375 0.0 0.0 0.0 -0.5709800124168396 0.820963978767395
1654618341.3875065 0.01555633544921875 1.2489433288574219 0.0 0.0 0.0 -0.5498285889625549 0.8352774977684021
1654618341.4872308 0.024730682373046875 1.1955680847167969 0.0 0.0 0.0 -0.5276437997817993 0.8494657278060913
1654618341.5869262 0.02890777587890625 1.1593132019042969 0.0 0.0 0.0 -0.4996589124202728 0.8662222623825073
1654618341.6866 0.03533172607421875 1.1212539672851562 0.0 0.0 0.0 -0.46860361099243164 0.8834085464477539
1654618341.7862957 0.04955291748046875 1.0898857116699219 0.0 0.0 0.0 -0.4329147934913635 0.9014348387718201
1654618341.8860667 0.06901931762695312 1.0748291015625 0.0 0.0 0.0 -0.3943769037723541 0.918948769569397
1654618341.9859867 0.0643310546875 1.0536613464355469 0.0 0.0 0.0 -0.354397177696228 0.9350950121879578
1654618342.0860848 0.05474090576171875 1.0430984497070312 0.0 0.0 0.0 -0.3104782998561859 0.9505804777145386
1654618342.1862957 0.057201385498046875 1.0210189819335938 0.0 0.0 0.0 -0.2686687707901001 0.9632326364517212
1654618342.2865937 0.046092987060546875 1.0023193359375 0.0 0.0 0.0 -0.22554531693458557 0.9742326736450195
1654618342.3869977 -0.00302886962890625 0.9912796020507812 0.0 0.0 0.0 -0.17947404086589813 0.9837626814842224
1654618342.4875143 0.015308380126953125 0.9907112121582031 0.0 0.0 0.0 -0.14699704945087433 0.9891369342803955
1654618342.5881686 0.03546142578125 0.981597900390625 0.0 0.0 0.0 -0.12480971962213516 0.9921807050704956
1654618342.688833 0.07392120361328125 0.9711189270019531 0.0 0.0 0.0 -0.10829995572566986 0.9941182732582092
1654618342.7893555 0.117706298828125 0.9533805847167969 0.0 0.0 0.0 -0.09487111121416092 0.9954895377159119
1654618342.8895862 0.1617431640625 0.9366073608398438 0.0 0.0 0.0 -0.08471114933490753 0.9964055418968201
1654618342.9894774 0.223175048828125 0.9185905456542969 0.0 0.0 0.0 -0.07318947464227676 0.9973180294036865
1654618343.0892506 0.29073333740234375 0.9005622863769531 0.0 0.0 0.0 -0.06295488029718399 0.998016357421875
1654618343.1887991 0.3786201477050781 0.8847885131835938 0.0 0.0 0.0 -0.051762718707323074 0.9986594319343567
1654618343.288301 0.4553031921386719 0.8753585815429688 0.0 0.0 0.0 -0.03972144052386284 0.999210774898529
1654618343.387801 0.5296554565429688 0.858184814453125 0.0 0.0 0.0 -0.02861577272415161 0.9995904564857483
1654618343.4873855 0.6364822387695312 0.8401679992675781 0.0 0.0 0.0 -0.016440754756331444 0.9998648166656494
1654618343.587058 0.7321243286132812 0.8331718444824219 0.0 0.0 0.0 -0.004708185326308012 0.9999889135360718
1654618343.6868672 0.8377456665039062 0.8233871459960938 0.0 0.0 0.0 0.006909069139510393 0.9999761581420898
1654618343.786856 0.9248466491699219 0.8149604797363281 0.0 0.0 0.0 0.017675017938017845 0.9998437762260437
1654618343.8869205 1.0351333618164062 0.8136367797851562 0.0 0.0 0.0 0.02993774600327015 0.9995517730712891
1654618343.9870958 1.1312484741210938 0.8157730102539062 0.0 0.0 0.0 0.040709495544433594 0.9991710186004639
1654618344.0872931 1.2168350219726562 0.8143386840820312 0.0 0.0 0.0 0.051209237426519394 0.9986879229545593
1654618344.1875792 1.3213996887207031 0.8177413940429688 0.0 0.0 0.0 0.057596657425165176 0.9983399510383606
1654618344.2878776 1.4291458129882812 0.8244552612304688 0.0 0.0 0.0 0.06255185604095459 0.9980416893959045
1654618344.388202 1.5379104614257812 0.8287582397460938 0.0 0.0 0.0 0.06351424753665924 0.9979809522628784
1654618344.488474 1.6539497375488281 0.8457260131835938 0.0 0.0 0.0 0.06247060000896454 0.9980468153953552
1654618344.5886462 1.7552299499511719 0.8586845397949219 0.0 0.0 0.0 0.06088566035032272 0.9981447458267212
1654618344.68868 1.8533821105957031 0.8723526000976562 0.0 0.0 0.0 0.05845605209469795 0.9982900023460388
1654618344.7885911 1.961273193359375 0.8773384094238281 0.0 0.0 0.0 0.05821799859404564 0.9983038902282715
1654618344.888386 2.063800811767578 0.8843994140625 0.0 0.0 0.0 0.056413356214761734 0.9984074831008911
1654618344.9881287 2.169891357421875 0.8873519897460938 0.0 0.0 0.0 0.055722933262586594 0.9984462857246399
1654618345.0878685 2.2679519653320312 0.8977737426757812 0.0 0.0 0.0 0.057457223534584045 0.9983479976654053
1654618345.1875825 2.365711212158203 0.8979873657226562 0.0 0.0 0.0 0.061518941074609756 0.9981059432029724
1654618345.287274 2.459819793701172 0.90582275390625 0.0 0.0 0.0 0.06596007198095322 0.9978222846984863
1654618345.3869894 2.559246063232422 0.9122505187988281 0.0 0.0 0.0 0.07243568450212479 0.997373104095459
1654618345.4867861 2.647296905517578 0.9158706665039062 0.0 0.0 0.0 0.07951042801141739 0.9968340396881104
1654618345.5866518 2.7389450073242188 0.9280815124511719 0.0 0.0 0.0 0.08875472098588943 0.9960535168647766
1654618345.6866095 2.815898895263672 0.931304931640625 0.0 0.0 0.0 0.09676476567983627 0.9953072667121887
1654618345.7866616 2.8933486938476562 0.9409713745117188 0.0 0.0 0.0 0.10531201213598251 0.9944392442703247
1654618345.8867655 2.9650039672851562 0.9523200988769531 0.0 0.0 0.0 0.11606324464082718 0.9932418465614319
1654618345.9868498 3.025177001953125 0.96197509765625 0.0 0.0 0.0 0.12966948747634888 0.9915573000907898
1654618346.0869079 3.084156036376953 0.9716300964355469 0.0 0.0 0.0 0.14350907504558563 0.9896489977836609
1654618346.18692 3.1397171020507812 0.9697074890136719 0.0 0.0 0.0 0.16089382767677307 0.9869717359542847
1654618346.2868676 3.1854019165039062 0.9850387573242188 0.0 0.0 0.0 0.18129588663578033 0.9834285974502563
1654618346.3867362 3.22344970703125 0.9986801147460938 0.0 0.0 0.0 0.20656394958496094 0.9784330725669861
1654618346.4866147 3.267902374267578 1.0001602172851562 0.0 0.0 0.0 0.23313529789447784 0.9724442958831787
1654618346.586458 3.3143692016601562 1.0117683410644531 0.0 0.0 0.0 0.26293423771858215 0.964813768863678
1654618346.6862962 3.350910186767578 1.0140190124511719 0.0 0.0 0.0 0.29711514711380005 0.954841673374176
1654618346.7861454 3.389129638671875 1.0169792175292969 0.0 0.0 0.0 0.3319494128227234 0.9432972073554993
1654618346.8861558 3.4209518432617188 1.0344657897949219 0.0 0.0 0.0 0.3688261806964874 0.9294983744621277
1654618346.9862185 3.4521865844726562 1.0387458801269531 0.0 0.0 0.0 0.4029201865196228 0.9152351021766663
1654618347.0864003 3.475933074951172 1.0577468872070312 0.0 0.0 0.0 0.43678560853004456 0.8995656371116638
1654618347.1866865 3.5012130737304688 1.06549072265625 0.0 0.0 0.0 0.46894773840904236 0.8832259178161621
1654618347.286958 3.5240097045898438 1.0880050659179688 0.0 0.0 0.0 0.5001015663146973 0.8659667372703552
1654618347.3871944 3.546466827392578 1.1142044067382812 0.0 0.0 0.0 0.5331476926803589 0.8460221886634827
1654618347.4873655 3.569385528564453 1.1484603881835938 0.0 0.0 0.0 0.562261164188385 0.8269597291946411
1654618347.5875995 3.6025619506835938 1.1775932312011719 0.0 0.0 0.0 0.5887874960899353 0.8082878589630127
1654618347.687831 3.6233596801757812 1.2183456420898438 0.0 0.0 0.0 0.6118091940879822 0.7910053730010986
1654618347.7880597 3.6429214477539062 1.27618408203125 0.0 0.0 0.0 0.6333487629890442 0.7738664746284485
1654618347.8883114 3.660358428955078 1.3287544250488281 0.0 0.0 0.0 0.6462975144386292 0.7630855441093445
1654618347.9886022 3.6873092651367188 1.4013671875 0.0 0.0 0.0 0.6532315015792847 0.7571582198143005
1654618348.0888517 3.710735321044922 1.4780502319335938 0.0 0.0 0.0 0.6573721170425415 0.7535661458969116
1654618348.1889372 3.723529815673828 1.55938720703125 0.0 0.0 0.0 0.6596487164497375 0.7515740394592285
1654618348.2888348 3.7386093139648438 1.6669082641601562 0.0 0.0 0.0 0.6625719666481018 0.74899822473526
1654618348.388578 3.758861541748047 1.7441291809082031 0.0 0.0 0.0 0.66409832239151 0.7476452589035034
1654618348.4881873 3.774272918701172 1.8261642456054688 0.0 0.0 0.0 0.6660115718841553 0.7459414005279541
1654618348.587715 3.785938262939453 1.9188308715820312 0.0 0.0 0.0 0.6720894575119019 0.7404699325561523
1654618348.6871748 3.807170867919922 2.000904083251953 0.0 0.0 0.0 0.6800031065940857 0.7332092523574829
1654618348.7866518 3.826953887939453 2.0878372192382812 0.0 0.0 0.0 0.6887490153312683 0.7249998450279236
1654618348.886198 3.8427047729492188 2.158416748046875 0.0 0.0 0.0 0.7016000747680664 0.7125709056854248
1654618348.9859073 3.8517532348632812 2.2374649047851562 0.0 0.0 0.0 0.7152941226959229 0.6988235712051392
1654618349.0857747 3.8708419799804688 2.30242919921875 0.0 0.0 0.0 0.7274574041366577 0.6861528754234314
1654618349.1857948 3.8729019165039062 2.3672409057617188 0.0 0.0 0.0 0.7415953278541565 0.670847475528717
1654618349.2859604 3.8689346313476562 2.426055908203125 0.0 0.0 0.0 0.7560654282569885 0.6544960737228394
1654618349.386181 3.885974884033203 2.4672775268554688 0.0 0.0 0.0 0.7701704502105713 0.6378381252288818
1654618349.4864852 3.8753890991210938 2.501964569091797 0.0 0.0 0.0 0.7846447229385376 0.6199457049369812
1654618349.5868137 3.867969512939453 2.541851043701172 0.0 0.0 0.0 0.7997085452079773 0.6003884077072144
1654618349.6870646 3.8775253295898438 2.5668716430664062 0.0 0.0 0.0 0.8168016076087952 0.5769186019897461
1654618349.7871969 3.8794631958007812 2.5871505737304688 0.0 0.0 0.0 0.8345803022384644 0.5508862733840942
1654618349.8872437 3.8830642700195312 2.60406494140625 0.0 0.0 0.0 0.855107843875885 0.518450140953064
1654618349.987214 3.8814163208007812 2.627735137939453 0.0 0.0 0.0 0.8749603033065796 0.4841946065425873
1654618350.0871747 3.895122528076172 2.6331710815429688 0.0 0.0 0.0 0.8955110311508179 0.4450393319129944
1654618350.1871116 3.9049072265625 2.6408004760742188 0.0 0.0 0.0 0.9161892533302307 0.4007458984851837
1654618350.2871726 3.9029006958007812 2.6391067504882812 0.0 0.0 0.0 0.9326167702674866 0.3608683943748474
1654618350.3873045 3.911762237548828 2.651500701904297 0.0 0.0 0.0 0.9474292993545532 0.3199651837348938
1654618350.4874806 3.930316925048828 2.657276153564453 0.0 0.0 0.0 0.9610580205917358 0.27634677290916443
1654618350.587702 3.936023712158203 2.664306640625 0.0 0.0 0.0 0.971439778804779 0.23728618025779724
1654618350.687943 3.927440643310547 2.673076629638672 0.0 0.0 0.0 0.9799131751060486 0.19942471385002136
1654618350.7882454 3.933422088623047 2.6883926391601562 0.0 0.0 0.0 0.986082911491394 0.16625447571277618
1654618350.8885963 3.9442138671875 2.7050857543945312 0.0 0.0 0.0 0.9901885986328125 0.1397375911474228
1654618350.988883 3.9381637573242188 2.716197967529297 0.0 0.0 0.0 0.9931895732879639 0.11650930345058441
1654618351.0889423 3.909900665283203 2.7379531860351562 0.0 0.0 0.0 0.9955999255180359 0.09370561689138412
1654618351.1887689 3.886791229248047 2.7509078979492188 0.0 0.0 0.0 0.9976131319999695 0.06905070692300797
1654618351.2885146 3.8724288940429688 2.762664794921875 0.0 0.0 0.0 0.9989195466041565 0.04647292569279671
1654618351.3882744 3.820770263671875 2.7731552124023438 0.0 0.0 0.0 0.9995921850204468 0.028556473553180695
1654618351.4881237 3.749420166015625 2.7878952026367188 0.0 0.0 0.0 0.9998857378959656 0.015117264352738857
1654618351.588082 3.685131072998047 2.7980880737304688 0.0 0.0 0.0 0.999972939491272 0.0073603480122983456
1654618351.68806 3.5888748168945312 2.806060791015625 0.0 0.0 0.0 -0.9999999403953552 0.0003248016000725329
1654618351.7880352 3.5064926147460938 2.8106460571289062 0.0 0.0 0.0 -0.9999922513961792 0.003941958770155907
1654618351.8880174 3.4141769409179688 2.811859130859375 0.0 0.0 0.0 -0.9999822378158569 0.005959431640803814
1654618351.9879963 3.313884735107422 2.813488006591797 0.0 0.0 0.0 -0.9999631643295288 0.008585184812545776
1654618352.0878975 3.226970672607422 2.816051483154297 0.0 0.0 0.0 -0.9999439120292664 0.01059007365256548
1654618352.1877642 3.140613555908203 2.815570831298828 0.0 0.0 0.0 -0.9999035000801086 0.013894067145884037
1654618352.2876065 3.0289993286132812 2.8223953247070312 0.0 0.0 0.0 -0.9998218417167664 0.018875984475016594
1654618352.387402 2.943614959716797 2.8237075805664062 0.0 0.0 0.0 -0.999686062335968 0.02505500800907612
1654618352.487163 2.8484573364257812 2.823375701904297 0.0 0.0 0.0 -0.9994156956672668 0.034180376678705215
1654618352.5870245 2.7575759887695312 2.832324981689453 0.0 0.0 0.0 -0.9990756511688232 0.042987044900655746
1654618352.6869624 2.654865264892578 2.828929901123047 0.0 0.0 0.0 -0.998578667640686 0.05329784005880356
1654618352.787015 2.566295623779297 2.820648193359375 0.0 0.0 0.0 -0.9979652166366577 0.06376058608293533
1654618352.887118 2.481403350830078 2.812286376953125 0.0 0.0 0.0 -0.9974376559257507 0.07154136896133423
1654618352.9873104 2.397136688232422 2.8088607788085938 0.0 0.0 0.0 -0.9968691468238831 0.07906920462846756
1654618353.0875633 2.304180145263672 2.7975082397460938 0.0 0.0 0.0 -0.996415376663208 0.08459550142288208
1654618353.18782 2.2048873901367188 2.7899169921875 0.0 0.0 0.0 -0.9962369799613953 0.08667079359292984
1654618353.2880082 2.104248046875 2.781322479248047 0.0 0.0 0.0 -0.9961313605308533 0.08787674456834793
1654618353.3881261 2.020923614501953 2.759937286376953 0.0 0.0 0.0 -0.9961786866188049 0.08733868598937988
1654618353.4881587 1.9292716979980469 2.74932861328125 0.0 0.0 0.0 -0.9961394667625427 0.08778471499681473
1654618353.588119 1.8364143371582031 2.735504150390625 0.0 0.0 0.0 -0.9959245920181274 0.09018959850072861
1654618353.6880336 1.7333869934082031 2.7268142700195312 0.0 0.0 0.0 -0.9957531094551086 0.09206372499465942
1654618353.7878492 1.659332275390625 2.7096786499023438 0.0 0.0 0.0 -0.9953352212905884 0.09647665917873383
1654618353.8876138 1.5664482116699219 2.7031936645507812 0.0 0.0 0.0 -0.99476557970047 0.10218332707881927
1654618353.987436 1.4868278503417969 2.69073486328125 0.0 0.0 0.0 -0.9939822554588318 0.10954128950834274
1654618354.0872753 1.4130439758300781 2.6761550903320312 0.0 0.0 0.0 -0.9929609298706055 0.11844250559806824
1654618354.1871643 1.3352737426757812 2.669422149658203 0.0 0.0 0.0 -0.9916523098945618 0.12894056737422943
1654618354.2871537 1.2495193481445312 2.6549072265625 0.0 0.0 0.0 -0.9904906749725342 0.13757972419261932
1654618354.387294 1.1755256652832031 2.639263153076172 0.0 0.0 0.0 -0.9896109700202942 0.14377112686634064
1654618354.4874678 1.0900382995605469 2.6204910278320312 0.0 0.0 0.0 -0.9889424443244934 0.1482996940612793
1654618354.587682 1.0095100402832031 2.6031417846679688 0.0 0.0 0.0 -0.9884912371635437 0.15127800405025482
1654618354.6878014 0.9389419555664062 2.5833358764648438 0.0 0.0 0.0 -0.9880177974700928 0.15433986485004425
1654618354.7878914 0.875732421875 2.5672225952148438 0.0 0.0 0.0 -0.9874049425125122 0.1582133024930954
1654618354.887926 0.8210067749023438 2.55029296875 0.0 0.0 0.0 -0.986711859703064 0.16247978806495667
1654618354.9879587 0.7715034484863281 2.535930633544922 0.0 0.0 0.0 -0.9862985610961914 0.16497009992599487
1654618355.0879526 0.7277412414550781 2.518970489501953 0.0 0.0 0.0 -0.9859275221824646 0.16717340052127838
1654618355.1878886 0.6834831237792969 2.511322021484375 0.0 0.0 0.0 -0.9851693511009216 0.17158479988574982
1654618355.2877312 0.6495246887207031 2.506885528564453 0.0 0.0 0.0 -0.9841980338096619 0.1770711988210678
1654618355.3875005 0.6118545532226562 2.500720977783203 0.0 0.0 0.0 -0.9823153614997864 0.187234029173851
1654618355.4872205 0.5812492370605469 2.491588592529297 0.0 0.0 0.0 -0.9798286557197571 0.19983939826488495
1654618355.5868638 0.5358772277832031 2.488811492919922 0.0 0.0 0.0 -0.9759499430656433 0.21799471974372864
1654618355.6864913 0.5065193176269531 2.479084014892578 0.0 0.0 0.0 -0.9701868891716003 0.24235793948173523
1654618355.786153 0.47553253173828125 2.4730453491210938 0.0 0.0 0.0 -0.9626621603965759 0.2707056701183319
1654618355.8859715 0.46231842041015625 2.462127685546875 0.0 0.0 0.0 -0.9531252384185791 0.3025761544704437
1654618355.9858015 0.43935394287109375 2.45697021484375 0.0 0.0 0.0 -0.9403542280197144 0.340196818113327
1654618356.0858035 0.4207572937011719 2.4639892578125 0.0 0.0 0.0 -0.9253127574920654 0.37920475006103516
1654618356.1858735 0.4078369140625 2.461528778076172 0.0 0.0 0.0 -0.9069610834121704 0.42121440172195435
1654618356.2861779 0.3975334167480469 2.469635009765625 0.0 0.0 0.0 -0.887953519821167 0.45993325114250183
1654618356.3866649 0.37361907958984375 2.472869873046875 0.0 0.0 0.0 -0.8687577843666077 0.49523720145225525
1654618356.4873934 0.3591499328613281 2.4712600708007812 0.0 0.0 0.0 -0.8527963757514954 0.5222435593605042
1654618356.5880404 0.33791351318359375 2.4815597534179688 0.0 0.0 0.0 -0.8357028365135193 0.5491819381713867
1654618356.6885052 0.3202323913574219 2.475696563720703 0.0 0.0 0.0 -0.8198413252830505 0.572590708732605
1654618356.7887695 0.3052558898925781 2.4638748168945312 0.0 0.0 0.0 -0.802677571773529 0.5964131951332092
1654618356.8888052 0.28498077392578125 2.4552383422851562 0.0 0.0 0.0 -0.7870213389396667 0.616925835609436
1654618356.9886944 0.2720756530761719 2.4258956909179688 0.0 0.0 0.0 -0.7721470594406128 0.635443925857544
1654618357.0884848 0.2589912414550781 2.396991729736328 0.0 0.0 0.0 -0.7579073309898376 0.6523622274398804
1654618357.1882327 0.24974822998046875 2.354686737060547 0.0 0.0 0.0 -0.7457302212715149 0.666248083114624
1654618357.287985 0.2374267578125 2.3039016723632812 0.0 0.0 0.0 -0.7359794974327087 0.677003800868988
1654618357.3877487 0.22015380859375 2.2443313598632812 0.0 0.0 0.0 -0.7269818186759949 0.6866567134857178
1654618357.487499 0.21220016479492188 2.183879852294922 0.0 0.0 0.0 -0.7194733619689941 0.6945199966430664
1654618357.5872643 0.205780029296875 2.1121902465820312 0.0 0.0 0.0 -0.7128151655197144 0.7013519406318665
1654618357.6870959 0.19984054565429688 2.0391311645507812 0.0 0.0 0.0 -0.7083300352096558 0.7058814167976379
1654618357.787019 0.19173049926757812 1.969818115234375 0.0 0.0 0.0 -0.7048361897468567 0.7093701362609863
1654618357.8870134 0.1842041015625 1.8971672058105469 0.0 0.0 0.0 -0.7034820318222046 0.7107130289077759
1654618357.9870825 0.18132781982421875 1.8207206726074219 0.0 0.0 0.0 -0.7035171389579773 0.7106783390045166
1654618358.087215 0.18497848510742188 1.7375717163085938 0.0 0.0 0.0 -0.7050634622573853 0.7091442346572876
1654618358.1873446 0.18605804443359375 1.6523818969726562 0.0 0.0 0.0 -0.7081802487373352 0.7060316801071167
1654618358.2873936 0.183990478515625 1.5713691711425781 0.0 0.0 0.0 -0.7097459435462952 0.704457700252533
1654618358.3873293 0.17592620849609375 1.4857292175292969 0.0 0.0 0.0 -0.7115911841392517 0.7025937438011169
1654618358.487132 0.16896820068359375 1.4176864624023438 0.0 0.0 0.0 -0.7092565298080444 0.7049504518508911
1654618358.5868077 0.16371536254882812 1.3424606323242188 0.0 0.0 0.0 -0.7040870785713196 0.7101136445999146
1654618358.6863945 0.15100860595703125 1.2897415161132812 0.0 0.0 0.0 -0.6931232810020447 0.7208190560340881
1654618358.7858744 0.13768386840820312 1.2370719909667969 0.0 0.0 0.0 -0.6753203868865967 0.7375245094299316
1654618358.8853376 0.12755203247070312 1.1937255859375 0.0 0.0 0.0 -0.6528980731964111 0.757445752620697
1654618358.9848835 0.12286376953125 1.15203857421875 0.0 0.0 0.0 -0.6239786148071289 0.7814414501190186
1654618359.0845594 0.09529876708984375 1.102630615234375 0.0 0.0 0.0 -0.5906962752342224 0.8068940043449402
1654618359.184444 0.09598922729492188 1.065277099609375 0.0 0.0 0.0 -0.5541553497314453 0.8324132561683655
1654618359.284569 0.11205291748046875 1.0575675964355469 0.0 0.0 0.0 -0.5107700824737549 0.8597173690795898
1654618359.3848712 0.109832763671875 1.0351142883300781 0.0 0.0 0.0 -0.46907028555870056 0.8831608295440674
1654618359.4854584 0.11165237426757812 1.0152778625488281 0.0 0.0 0.0 -0.42762038111686707 0.9039584398269653
1654618359.586213 0.10682296752929688 1.0169677734375 0.0 0.0 0.0 -0.3858990967273712 0.9225410223007202
1654618359.6870296 0.09648895263671875 1.0046195983886719 0.0 0.0 0.0 -0.3464188277721405 0.9380799531936646
1654618359.787805 0.08591842651367188 0.9906730651855469 0.0 0.0 0.0 -0.3074300289154053 0.9515706896781921
1654618359.8883784 0.09275054931640625 0.9743156433105469 0.0 0.0 0.0 -0.2663576900959015 0.9638742804527283
1654618359.9887521 0.08134078979492188 0.95751953125 0.0 0.0 0.0 -0.22590114176273346 0.9741502404212952
1654618360.0889552 0.07017135620117188 0.9534912109375 0.0 0.0 0.0 -0.18827959895133972 0.9821154475212097
1654618360.1890488 0.037181854248046875 0.9342155456542969 0.0 0.0 0.0 -0.1543215662240982 0.988020658493042
1654618360.2890604 0.029956817626953125 0.9347724914550781 0.0 0.0 0.0 -0.12441939115524292 0.992229700088501
1654618360.388985 0.02710723876953125 0.9236679077148438 0.0 0.0 0.0 -0.09781090170145035 0.9952050447463989
1654618360.4888468 0.035186767578125 0.9185981750488281 0.0 0.0 0.0 -0.07747546583414078 0.9969942569732666
1654618360.5887096 0.033031463623046875 0.921722412109375 0.0 0.0 0.0 -0.058814097195863724 0.9982689619064331
1654618360.688538 0.025959014892578125 0.9149589538574219 0.0 0.0 0.0 -0.043482810258865356 0.9990541934967041
1654618360.7883344 0.027057647705078125 0.9122314453125 0.0 0.0 0.0 -0.03185892850160599 0.999492347240448
1654618360.888137 0.027118682861328125 0.9138908386230469 0.0 0.0 0.0 -0.021835172548890114 0.9997615814208984
1654618360.9880068 0.032428741455078125 0.9136848449707031 0.0 0.0 0.0 -0.015738703310489655 0.9998761415481567
1654618361.0879252 0.02032470703125 0.9134140014648438 0.0 0.0 0.0 -0.010352577082812786 0.9999464154243469
1654618361.1878865 0.025104522705078125 0.910308837890625 0.0 0.0 0.0 -0.00840788334608078 0.9999646544456482
1654618361.2878892 0.02150726318359375 0.9167404174804688 0.0 0.0 0.0 -0.009348645806312561 0.9999563097953796
1654618361.387944 0.021343231201171875 0.915283203125 0.0 0.0 0.0 -0.010258645750582218 0.9999473690986633
1654618361.487986 0.029743194580078125 0.9202384948730469 0.0 0.0 0.0 -0.013366213999688625 0.9999106526374817
1654618361.5879612 0.02825927734375 0.92169189453125 0.0 0.0 0.0 -0.016333242878317833 0.9998666048049927
1654618361.6878507 0.022541046142578125 0.9171333312988281 0.0 0.0 0.0 -0.01758023165166378 0.9998454451560974
1654618361.7876878 0.02606964111328125 0.91717529296875 0.0 0.0 0.0 -0.019099654629826546 0.9998176097869873
1654618361.887518 0.03418731689453125 0.9193840026855469 0.0 0.0 0.0 -0.01798476278781891 0.9998382329940796
1654618361.9873552 0.031536102294921875 0.9208602905273438 0.0 0.0 0.0 -0.017130641266703606 0.999853253364563
1654618362.0872462 0.02936553955078125 0.9181327819824219 0.0 0.0 0.0 -0.018959252163767815 0.9998202323913574
1654618362.187212 0.024364471435546875 0.9199714660644531 0.0 0.0 0.0 -0.01841074787080288 0.9998304843902588
1654618362.2872186 0.02550506591796875 0.9168701171875 0.0 0.0 0.0 -0.018251987174153328 0.9998334050178528
1654618362.3872585 0.02602386474609375 0.9161186218261719 0.0 0.0 0.0 -0.018885832279920578 0.999821662902832
1654618362.487332 0.026386260986328125 0.92034912109375 0.0 0.0 0.0 -0.01829894818365574 0.9998325705528259
1654618362.5874226 0.027984619140625 0.9167251586914062 0.0 0.0 0.0 -0.017387619242072105 0.9998488426208496
1654618362.687502 0.028411865234375 0.9138717651367188 0.0 0.0 0.0 -0.017367355525493622 0.9998492002487183
1654618362.7875676 0.034332275390625 0.9216690063476562 0.0 0.0 0.0 -0.019825980067253113 0.9998034238815308
