1654618298.5277834 -0.14209747314453125 0.7486038208007812 0.0 0.0 0.0 0.007062883581966162 0.9999750852584839
1654618298.627821 -0.13880538940429688 0.7319831848144531 0.0 0.0 0.0 0.00394897535443306 0.9999921917915344
1654618298.7277474 -0.13286209106445312 0.7514266967773438 0.0 0.0 0.0 0.008501004427671432 0.9999638795852661
1654618298.8276293 -0.14376068115234375 0.710113525390625 0.0 0.0 0.0 0.005537554156035185 0.9999846816062927
1654618298.9274776 -0.12844467163085938 0.7642288208007812 0.0 0.0 0.0 0.008125797845423222 0.9999669790267944
1654618299.0273402 -0.13812255859375 0.7131423950195312 0.0 0.0 0.0 0.006819031201303005 0.9999767541885376
1654618299.1272218 -0.13013839721679688 0.7529373168945312 0.0 0.0 0.0 0.0034690205939114094 0.9999939799308777
1654618299.227134 -0.13822174072265625 0.7277107238769531 0.0 0.0 0.0 0.012166209518909454 0.999925971031189
1654618299.3271074 -0.10564422607421875 0.756591796875 0.0 0.0 0.0 0.007995338179171085 0.9999680519104004
1654618299.4272091 -0.08823013305664062 0.7515487670898438 0.0 0.0 0.0 0.008450392633676529 0.9999642968177795
1654618299.5274286 -0.07236099243164062 0.7565841674804688 0.0 0.0 0.0 0.01276396308094263 0.999918520450592
1654618299.6275985 -0.028644561767578125 0.7248306274414062 0.0 0.0 0.0 0.016242176294326782 0.9998680949211121
1654618299.7277894 0.0208740234375 0.7194404602050781 0.0 0.0 0.0 0.02017972618341446 0.9997963905334473
1654618299.8281062 0.072906494140625 0.723236083984375 0.0 0.0 0.0 0.024294208735227585 0.9997048377990723
1654618299.9282365 0.08347320556640625 0.7220954895019531 0.0 0.0 0.0 0.027290692552924156 0.9996275305747986
1654618300.0281482 0.14166259765625 0.730621337890625 0.0 0.0 0.0 0.038318563252687454 0.9992655515670776
1654618300.1279697 0.19559860229492188 0.73541259765625 0.0 0.0 0.0 0.046286776661872864 0.9989281892776489
1654618300.2278748 0.23954010009765625 0.7307014465332031 0.0 0.0 0.0 0.05687592923641205 0.9983812570571899
1654618300.3279474 0.26071929931640625 0.7276496887207031 0.0 0.0 0.0 0.05962536111474037 0.9982208013534546
1654618300.4280903 0.27660369873046875 0.7292709350585938 0.0 0.0 0.0 0.06125533580780029 0.9981221556663513
1654618300.5282962 0.318939208984375 0.7292098999023438 0.0 0.0 0.0 0.05259329453110695 0.9986160397529602
1654618300.6283882 0.36603546142578125 0.73553466796875 0.0 0.0 0.0 0.03921274468302727 0.9992308616638184
1654618300.7282274 0.4173583984375 0.7432937622070312 0.0 0.0 0.0 0.027577633038163185 0.9996196627616882
1654618300.828161 0.44830322265625 0.7494316101074219 0.0 0.0 0.0 0.022985754534602165 0.9997357726097107
1654618300.928107 0.5073966979980469 0.7479171752929688 0.0 0.0 0.0 0.014377972111105919 0.9998966455459595
1654618301.0279405 0.5781974792480469 0.7571296691894531 0.0 0.0 0.0 0.0056481254287064075 0.9999840259552002
1654618301.1277342 0.6355361938476562 0.7608528137207031 0.0 0.0 0.0 0.00020154466619715095 1.0
1654618301.2275324 0.6752090454101562 0.7624282836914062 0.0 0.0 0.0 -0.0038556084036827087 0.9999925494194031
1654618301.3273208 0.7615242004394531 0.7604751586914062 0.0 0.0 0.0 -0.008667749352753162 0.9999624490737915
1654618301.4270244 0.8173828125 0.763641357421875 0.0 0.0 0.0 -0.009929406456649303 0.9999507069587708
1654618301.5266833 0.8865470886230469 0.7640380859375 0.0 0.0 0.0 -0.009528166614472866 0.9999545812606812
1654618301.6263592 0.9354324340820312 0.7626571655273438 0.0 0.0 0.0 -0.0056227464228868484 0.9999842047691345
1654618301.726207 1.0142745971679688 0.76373291015625 0.0 0.0 0.0 -0.0013443545904010534 0.9999991059303284
1654618301.8262236 1.0825691223144531 0.7638931274414062 0.0 0.0 0.0 0.003615079214796424 0.9999934434890747
1654618301.9263272 1.156890869140625 0.753509521484375 0.0 0.0 0.0 0.00953760091215372 0.9999545216560364
1654618302.0266721 1.213134765625 0.7471542358398438 0.0 0.0 0.0 0.01635275036096573 0.9998663067817688
1654618302.1271906 1.2973136901855469 0.7550277709960938 0.0 0.0 0.0 0.023852959275245667 0.9997155070304871
1654618302.2276523 1.3709831237792969 0.7527580261230469 0.0 0.0 0.0 0.02997336909174919 0.9995507001876831
1654618302.3278913 1.4375686645507812 0.7450447082519531 0.0 0.0 0.0 0.03549173101782799 0.9993699789047241
1654618302.4278862 1.5119094848632812 0.7479171752929688 0.0 0.0 0.0 0.0379767082631588 0.9992786049842834
1654618302.5277922 1.5924453735351562 0.7574539184570312 0.0 0.0 0.0 0.04044858366250992 0.9991816282272339
1654618302.6276004 1.6690864562988281 0.7556037902832031 0.0 0.0 0.0 0.04076560586690903 0.9991687536239624
1654618302.7273614 1.7459297180175781 0.7612800598144531 0.0 0.0 0.0 0.03919919207692146 0.9992313981056213
1654618302.8271341 1.8230514526367188 0.7642745971679688 0.0 0.0 0.0 0.03697982802987099 0.9993160367012024
1654618302.9269233 1.8858261108398438 0.768463134765625 0.0 0.0 0.0 0.03478391841053963 0.9993948340415955
1654618303.0268242 1.9730339050292969 0.7719802856445312 0.0 0.0 0.0 0.036110345274209976 0.9993478059768677
1654618303.1268137 2.049114227294922 0.7740898132324219 0.0 0.0 0.0 0.035569462925195694 0.9993671774864197
1654618303.2268574 2.1390609741210938 0.7726249694824219 0.0 0.0 0.0 0.03530751168727875 0.9993764758110046
1654618303.3268523 2.216693878173828 0.7721672058105469 0.0 0.0 0.0 0.038623105734586716 0.9992538690567017
1654618303.4267995 2.3004074096679688 0.7782096862792969 0.0 0.0 0.0 0.03990403562784195 0.9992035031318665
1654618303.5267253 2.371349334716797 0.78350830078125 0.0 0.0 0.0 0.044308632612228394 0.9990178942680359
1654618303.6268036 2.432453155517578 0.7860298156738281 0.0 0.0 0.0 0.049766819924116135 0.9987608790397644
1654618303.7269955 2.516307830810547 0.7928047180175781 0.0 0.0 0.0 0.054940443485975266 0.9984896183013916
1654618303.8272738 2.5746383666992188 0.7976913452148438 0.0 0.0 0.0 0.0607096329331398 0.9981554746627808
1654618303.9274895 2.643341064453125 0.807830810546875 0.0 0.0 0.0 0.0658944621682167 0.9978265762329102
1654618304.027605 2.714630126953125 0.8140335083007812 0.0 0.0 0.0 0.0716010183095932 0.9974333643913269
1654618304.127703 2.798351287841797 0.8174552917480469 0.0 0.0 0.0 0.07841894775629044 0.9969204664230347
1654618304.227765 2.8659744262695312 0.8250808715820312 0.0 0.0 0.0 0.08370405435562134 0.9964906573295593
1654618304.3276772 2.929363250732422 0.834503173828125 0.0 0.0 0.0 0.08838804066181183 0.9960861206054688
1654618304.4274476 2.994060516357422 0.8463973999023438 0.0 0.0 0.0 0.09428660571575165 0.9955450892448425
1654618304.5272343 3.059642791748047 0.8559989929199219 0.0 0.0 0.0 0.10152771323919296 0.9948326945304871
1654618304.6270554 3.122028350830078 0.8630599975585938 0.0 0.0 0.0 0.10900018364191055 0.9940417408943176
1654618304.7269802 3.1799392700195312 0.8722457885742188 0.0 0.0 0.0 0.12152154743671417 0.9925888180732727
1654618304.8270621 3.231853485107422 0.8799934387207031 0.0 0.0 0.0 0.13909949362277985 0.990278422832489
1654618304.927249 3.290668487548828 0.8899650573730469 0.0 0.0 0.0 0.15731452405452728 0.9875485301017761
1654618305.0274684 3.3278121948242188 0.8990249633789062 0.0 0.0 0.0 0.17964693903923035 0.9837311506271362
1654618305.127676 3.374706268310547 0.9035530090332031 0.0 0.0 0.0 0.2024698704481125 0.9792885184288025
1654618305.2277193 3.4149246215820312 0.9040451049804688 0.0 0.0 0.0 0.22743113338947296 0.973794162273407
1654618305.3277385 3.4429244995117188 0.9032058715820312 0.0 0.0 0.0 0.2568240761756897 0.9664582014083862
1654618305.427717 3.469024658203125 0.902740478515625 0.0 0.0 0.0 0.28495198488235474 0.9585418105125427
1654618305.5278106 3.4983444213867188 0.9090156555175781 0.0 0.0 0.0 0.3124236464500427 0.9499428868293762
1654618305.627774 3.513591766357422 0.9158134460449219 0.0 0.0 0.0 0.3414115011692047 0.9399139285087585
1654618305.727792 3.539398193359375 0.9154853820800781 0.0 0.0 0.0 0.37504473328590393 0.927006721496582
1654618305.8278158 3.5625991821289062 0.9243965148925781 0.0 0.0 0.0 0.40412843227386475 0.9147022366523743
1654618305.9277182 3.5852279663085938 0.922882080078125 0.0 0.0 0.0 0.4369557797908783 0.8994829654693604
1654618306.0276673 3.6017379760742188 0.9250411987304688 0.0 0.0 0.0 0.4692186713218689 0.8830820322036743
1654618306.1276155 3.6178817749023438 0.9371109008789062 0.0 0.0 0.0 0.49739477038383484 0.8675243258476257
1654618306.2275937 3.6366806030273438 0.9485855102539062 0.0 0.0 0.0 0.5228787660598755 0.8524070382118225
1654618306.3277485 3.653827667236328 0.9576225280761719 0.0 0.0 0.0 0.5486820340156555 0.8360311388969421
1654618306.4280643 3.6771011352539062 0.9670906066894531 0.0 0.0 0.0 0.57029128074646 0.8214425444602966
1654618306.528265 3.6956787109375 0.97723388671875 0.0 0.0 0.0 0.5942330360412598 0.8042929172515869
1654618306.6284373 3.7184066772460938 0.998565673828125 0.0 0.0 0.0 0.614080548286438 0.7892434000968933
1654618306.7285678 3.731761932373047 1.015594482421875 0.0 0.0 0.0 0.6330883502960205 0.7740795612335205
1654618306.8285177 3.729625701904297 1.0432205200195312 0.0 0.0 0.0 0.6482789516448975 0.7614029049873352
1654618306.92829 3.737560272216797 1.0756034851074219 0.0 0.0 0.0 0.6597180366516113 0.7515132427215576
1654618307.0279906 3.7556076049804688 1.1121597290039062 0.0 0.0 0.0 0.6687412261962891 0.7434952259063721
1654618307.1278143 3.7667236328125 1.1624565124511719 0.0 0.0 0.0 0.6771103739738464 0.735881507396698
1654618307.2277224 3.776378631591797 1.2143630981445312 0.0 0.0 0.0 0.683057427406311 0.7303646802902222
1654618307.3277643 3.778858184814453 1.2690048217773438 0.0 0.0 0.0 0.6882488131523132 0.7254747152328491
1654618307.4278147 3.785663604736328 1.3262252807617188 0.0 0.0 0.0 0.6925572156906128 0.7213629484176636
1654618307.5277162 3.7859268188476562 1.3943367004394531 0.0 0.0 0.0 0.6926230788230896 0.7212997078895569
1654618307.6275454 3.7963333129882812 1.455780029296875 0.0 0.0 0.0 0.6924378275871277 0.7214775681495667
1654618307.7273855 3.8008346557617188 1.5328903198242188 0.0 0.0 0.0 0.6903282999992371 0.7234962582588196
1654618307.8273027 3.806324005126953 1.5998153686523438 0.0 0.0 0.0 0.6918315887451172 0.722058892250061
1654618307.9272525 3.8036270141601562 1.6747245788574219 0.0 0.0 0.0 0.6912380456924438 0.7226271033287048
1654618308.0272276 3.8096237182617188 1.7403945922851562 0.0 0.0 0.0 0.6928387880325317 0.7210924625396729
1654618308.1272295 3.821258544921875 1.80291748046875 0.0 0.0 0.0 0.6935862898826599 0.7203735709190369
1654618308.2272902 3.821277618408203 1.8675155639648438 0.0 0.0 0.0 0.6951589584350586 0.7188560366630554
1654618308.3273401 3.820629119873047 1.9214286804199219 0.0 0.0 0.0 0.6988113522529602 0.7153060436248779
1654618308.4272566 3.8247909545898438 1.9788932800292969 0.0 0.0 0.0 0.7029686570167542 0.7112208604812622
1654618308.5271428 3.8322525024414062 2.0340194702148438 0.0 0.0 0.0 0.7099651098251343 0.7042368650436401
1654618308.6269014 3.834636688232422 2.089946746826172 0.0 0.0 0.0 0.7177103757858276 0.6963417530059814
1654618308.7267365 3.840282440185547 2.1496810913085938 0.0 0.0 0.0 0.7283522486686707 0.6852028965950012
1654618308.826632 3.838489532470703 2.1961669921875 0.0 0.0 0.0 0.7420669794082642 0.670325756072998
1654618308.9267197 3.8374710083007812 2.2408447265625 0.0 0.0 0.0 0.7557088732719421 0.6549077033996582
1654618309.0269213 3.838817596435547 2.290435791015625 0.0 0.0 0.0 0.7681031227111816 0.6403261423110962
1654618309.1270378 3.8374252319335938 2.339305877685547 0.0 0.0 0.0 0.7818041443824768 0.6235240697860718
1654618309.2271445 3.8203506469726562 2.389629364013672 0.0 0.0 0.0 0.7958486080169678 0.6054956912994385
1654618309.3272076 3.8216018676757812 2.433238983154297 0.0 0.0 0.0 0.8124808669090271 0.5829878449440002
1654618309.4273295 3.8265380859375 2.474212646484375 0.0 0.0 0.0 0.8268948793411255 0.5623565316200256
1654618309.5274284 3.8199081420898438 2.499614715576172 0.0 0.0 0.0 0.84251469373703 0.5386733412742615
1654618309.627412 3.812694549560547 2.537456512451172 0.0 0.0 0.0 0.8563870191574097 0.5163344740867615
1654618309.7273805 3.803020477294922 2.564258575439453 0.0 0.0 0.0 0.8704744577407837 0.49221357703208923
1654618309.827413 3.8035507202148438 2.5803451538085938 0.0 0.0 0.0 0.8850864171981812 0.4654266834259033
1654618309.9273422 3.804187774658203 2.60821533203125 0.0 0.0 0.0 0.8992764949798584 0.4373805522918701
1654618310.0271974 3.8083572387695312 2.6393051147460938 0.0 0.0 0.0 0.9134991765022278 0.40684062242507935
1654618310.1270797 3.801624298095703 2.660778045654297 0.0 0.0 0.0 0.926259458065033 0.3768864870071411
1654618310.2270067 3.795032501220703 2.684429168701172 0.0 0.0 0.0 0.9376490712165833 0.3475834131240845
1654618310.3270113 3.7933273315429688 2.701976776123047 0.0 0.0 0.0 0.9485400915145874 0.31665706634521484
1654618310.4272077 3.7817459106445312 2.728595733642578 0.0 0.0 0.0 0.9579645991325378 0.28688642382621765
1654618310.5275028 3.7703323364257812 2.750629425048828 0.0 0.0 0.0 0.9656980037689209 0.25966784358024597
1654618310.6277988 3.749439239501953 2.786518096923828 0.0 0.0 0.0 0.9718742370605469 0.2355005443096161
1654618310.7280538 3.7279052734375 2.810558319091797 0.0 0.0 0.0 0.9772405028343201 0.21213427186012268
1654618310.8282752 3.697601318359375 2.8321456909179688 0.0 0.0 0.0 0.9814720153808594 0.19160553812980652
1654618310.9283273 3.669158935546875 2.8497695922851562 0.0 0.0 0.0 0.9846389889717102 0.1746024638414383
1654618311.0283098 3.6303787231445312 2.869495391845703 0.0 0.0 0.0 0.9875838756561279 0.15709251165390015
1654618311.1282094 3.590404510498047 2.8862228393554688 0.0 0.0 0.0 0.9893528819084167 0.14553657174110413
1654618311.2281473 3.546112060546875 2.9041976928710938 0.0 0.0 0.0 0.9909393787384033 0.1343098282814026
1654618311.328069 3.4909744262695312 2.916576385498047 0.0 0.0 0.0 0.9931401610374451 0.11693019419908524
1654618311.4279773 3.446247100830078 2.934093475341797 0.0 0.0 0.0 0.9946842789649963 0.10297200828790665
1654618311.5278728 3.3970870971679688 2.94708251953125 0.0 0.0 0.0 0.9959650039672852 0.08974259346723557
1654618311.6275852 3.3457565307617188 2.962451934814453 0.0 0.0 0.0 0.996944010257721 0.0781196653842926
1654618311.7273288 3.288482666015625 2.9741287231445312 0.0 0.0 0.0 0.9978877305984497 0.0649617463350296
1654618311.8272045 3.2187881469726562 2.9920730590820312 0.0 0.0 0.0 0.9985588192939758 0.05366829037666321
1654618311.9272075 3.149211883544922 3.003162384033203 0.0 0.0 0.0 0.9990500807762146 0.043577294796705246
1654618312.0271769 3.08685302734375 3.007038116455078 0.0 0.0 0.0 0.9993759393692017 0.03532266244292259
1654618312.1271884 3.0099105834960938 3.0118637084960938 0.0 0.0 0.0 0.9996623992919922 0.02598322555422783
1654618312.2272563 2.942241668701172 3.0217514038085938 0.0 0.0 0.0 0.999841570854187 0.017799586057662964
1654618312.3274431 2.8716812133789062 3.0261154174804688 0.0 0.0 0.0 0.9999351501464844 0.01138980034738779
1654618312.427598 2.8012161254882812 3.031749725341797 0.0 0.0 0.0 0.9999833703041077 0.005766316317021847
1654618312.5276704 2.727306365966797 3.0334396362304688 0.0 0.0 0.0 -0.9999982118606567 0.001892879488877952
1654618312.627692 2.6576461791992188 3.0338668823242188 0.0 0.0 0.0 -0.9999750256538391 0.007068531587719917
1654618312.7276003 2.581371307373047 3.0412216186523438 0.0 0.0 0.0 -0.9999068975448608 0.01364506222307682
1654618312.8274171 2.503490447998047 3.034259796142578 0.0 0.0 0.0 -0.9998112320899963 0.019429847598075867
1654618312.9272363 2.438335418701172 3.032787322998047 0.0 0.0 0.0 -0.9996466040611267 0.026583952829241753
1654618313.0270853 2.353302001953125 3.03021240234375 0.0 0.0 0.0 -0.9993911981582642 0.03488900884985924
1654618313.1270895 2.2789382934570312 3.0284042358398438 0.0 0.0 0.0 -0.9991965293884277 0.04007823020219803
1654618313.2272804 2.212596893310547 3.030780792236328 0.0 0.0 0.0 -0.9989995360374451 0.044720347970724106
1654618313.327519 2.117938995361328 3.034595489501953 0.0 0.0 0.0 -0.9990087151527405 0.04451563209295273
1654618313.4276392 2.0323715209960938 3.028289794921875 0.0 0.0 0.0 -0.9990841746330261 0.04278743639588356
1654618313.527725 1.9353752136230469 3.0209274291992188 0.0 0.0 0.0 -0.9992654919624329 0.03832029178738594
1654618313.62779 1.846832275390625 3.014495849609375 0.0 0.0 0.0 -0.9994421601295471 0.03339773789048195
1654618313.7277822 1.7771530151367188 3.0043106079101562 0.0 0.0 0.0 -0.9996167421340942 0.027682658284902573
1654618313.8277497 1.6736259460449219 2.995941162109375 0.0 0.0 0.0 -0.9997293949127197 0.0232621468603611
1654618313.927664 1.6045722961425781 2.993946075439453 0.0 0.0 0.0 -0.9998385906219482 0.01796514168381691
1654618314.0275204 1.4996147155761719 2.992961883544922 0.0 0.0 0.0 -0.9999123811721802 0.013237522915005684
1654618314.1274219 1.4071731567382812 2.989879608154297 0.0 0.0 0.0 -0.9999674558639526 0.008070814423263073
1654618314.2272346 1.3191719055175781 2.990856170654297 0.0 0.0 0.0 -0.9999844431877136 0.005582975223660469
1654618314.3269906 1.2233085632324219 2.9915084838867188 0.0 0.0 0.0 -0.9999896883964539 0.00454062270000577
1654618314.4267442 1.1388778686523438 2.990154266357422 0.0 0.0 0.0 -0.9999866485595703 0.005164914298802614
1654618314.5265784 1.0611763000488281 2.985637664794922 0.0 0.0 0.0 -0.9999734163284302 0.0072951423935592175
1654618314.626565 0.9780044555664062 2.9820175170898438 0.0 0.0 0.0 -0.9999551773071289 0.0094676548615098
1654618314.726723 0.896240234375 2.9866561889648438 0.0 0.0 0.0 -0.9999179840087891 0.012808644212782383
1654618314.8271456 0.8244400024414062 2.989818572998047 0.0 0.0 0.0 -0.9998766779899597 0.0157032273709774
1654618314.9274418 0.7443962097167969 2.992725372314453 0.0 0.0 0.0 -0.9998213052749634 0.018902920186519623
1654618315.0276127 0.6596488952636719 2.990253448486328 0.0 0.0 0.0 -0.9997111558914185 0.02403285726904869
1654618315.1276336 0.6011734008789062 2.99029541015625 0.0 0.0 0.0 -0.9995689988136292 0.029357105493545532
1654618315.2274344 0.5329360961914062 2.981639862060547 0.0 0.0 0.0 -0.9993032217025757 0.037323106080293655
1654618315.3271887 0.472015380859375 2.979686737060547 0.0 0.0 0.0 -0.9988546967506409 0.047847192734479904
1654618315.4269903 0.42011260986328125 2.980121612548828 0.0 0.0 0.0 -0.9982266426086426 0.059527426958084106
1654618315.5267315 0.38169097900390625 2.971271514892578 0.0 0.0 0.0 -0.9974328279495239 0.07160843163728714
1654618315.626555 0.321258544921875 2.9746627807617188 0.0 0.0 0.0 -0.9955574870109558 0.09415590018033981
1654618315.7264888 0.2710685729980469 2.9799728393554688 0.0 0.0 0.0 -0.9937861561775208 0.11130617558956146
1654618315.8265293 0.210113525390625 2.9710006713867188 0.0 0.0 0.0 -0.9905409216880798 0.1372174620628357
1654618315.9268131 0.17671585083007812 2.9698715209960938 0.0 0.0 0.0 -0.986520528793335 0.1636374592781067
1654618316.0271199 0.13441085815429688 2.9579696655273438 0.0 0.0 0.0 -0.9825989603996277 0.18573984503746033
1654618316.1274111 0.10022735595703125 2.9639205932617188 0.0 0.0 0.0 -0.9763843417167664 0.21604089438915253
1654618316.2276263 0.063934326171875 2.963348388671875 0.0 0.0 0.0 -0.9692608118057251 0.2460354119539261
1654618316.3277435 0.05486297607421875 2.9507827758789062 0.0 0.0 0.0 -0.9607468843460083 0.2774263918399811
1654618316.4278164 0.037525177001953125 2.9627914428710938 0.0 0.0 0.0 -0.9490209817886353 0.3152129650115967
1654618316.5277874 -0.00144195556640625 2.981739044189453 0.0 0.0 0.0 -0.9360456466674805 0.3518785536289215
1654618316.6277134 -0.018344879150390625 2.982067108154297 0.0 0.0 0.0 -0.9237318634986877 0.3830396831035614
1654618316.7276254 -0.0374298095703125 2.979175567626953 0.0 0.0 0.0 -0.9088192582130432 0.4171900153160095
1654618316.8275769 -0.0502166748046875 2.9825439453125 0.0 0.0 0.0 -0.8927208781242371 0.45061013102531433
1654618316.9276898 -0.05593109130859375 2.9720230102539062 0.0 0.0 0.0 -0.8788259625434875 0.47714242339134216
1654618317.0277815 -0.06576919555664062 2.955890655517578 0.0 0.0 0.0 -0.8717118501663208 0.4900188446044922
1654618317.1278849 -0.07144927978515625 2.973461151123047 0.0 0.0 0.0 -0.8478378653526306 0.5302555561065674
1654618317.2279499 -0.07405853271484375 2.970836639404297 0.0 0.0 0.0 -0.8321061134338379 0.5546164512634277
1654618317.3279705 -0.09341049194335938 2.970294952392578 0.0 0.0 0.0 -0.8161661624908447 0.5778173208236694
1654618317.427889 -0.10980224609375 2.9614791870117188 0.0 0.0 0.0 -0.8014872074127197 0.5980119109153748
1654618317.5277994 -0.12923431396484375 2.953338623046875 0.0 0.0 0.0 -0.787125289440155 0.616793155670166
1654618317.627619 -0.14153289794921875 2.9395065307617188 0.0 0.0 0.0 -0.7746822834014893 0.6323506236076355
1654618317.727432 -0.15459442138671875 2.9131698608398438 0.0 0.0 0.0 -0.7625394463539124 0.6469417214393616
1654618317.8272645 -0.16318893432617188 2.892772674560547 0.0 0.0 0.0 -0.7513626217842102 0.6598895788192749
1654618317.9271617 -0.17276382446289062 2.8540267944335938 0.0 0.0 0.0 -0.7432580590248108 0.6690048575401306
1654618318.0269523 -0.19754409790039062 2.8134536743164062 0.0 0.0 0.0 -0.7348358631134033 0.6782450079917908
1654618318.1268473 -0.20771026611328125 2.771373748779297 0.0 0.0 0.0 -0.728111207485199 0.6854590177536011
1654618318.2268162 -0.21794509887695312 2.7168502807617188 0.0 0.0 0.0 -0.7214697003364563 0.6924459934234619
1654618318.326821 -0.22455215454101562 2.66131591796875 0.0 0.0 0.0 -0.7149209976196289 0.699205219745636
1654618318.4268198 -0.23228836059570312 2.5945816040039062 0.0 0.0 0.0 -0.708809494972229 0.7053999304771423
1654618318.5269306 -0.225555419921875 2.5379104614257812 0.0 0.0 0.0 -0.703165590763092 0.7110260725021362
1654618318.627166 -0.22849273681640625 2.480205535888672 0.0 0.0 0.0 -0.6989241242408752 0.7151958346366882
1654618318.7273855 -0.22261810302734375 2.4207077026367188 0.0 0.0 0.0 -0.6955110430717468 0.7185153961181641
1654618318.827648 -0.21757888793945312 2.349578857421875 0.0 0.0 0.0 -0.6943723559379578 0.7196159362792969
1654618318.9278767 -0.21730804443359375 2.2657394409179688 0.0 0.0 0.0 -0.6949652433395386 0.7190433740615845
1654618319.0278494 -0.23538970947265625 2.176227569580078 0.0 0.0 0.0 -0.6936104893684387 0.7203502058982849
1654618319.1275887 -0.23059844970703125 2.097461700439453 0.0 0.0 0.0 -0.6948018074035645 0.7192012667655945
1654618319.2273085 -0.2204742431640625 2.022022247314453 0.0 0.0 0.0 -0.6956453323364258 0.7183853983879089
1654618319.3270364 -0.21347808837890625 1.940826416015625 0.0 0.0 0.0 -0.6962212920188904 0.7178272604942322
1654618319.4267669 -0.21611785888671875 1.88446044921875 0.0 0.0 0.0 -0.6945716738700867 0.7194235324859619
1654618319.5266678 -0.21703338623046875 1.8055305480957031 0.0 0.0 0.0 -0.6920573711395264 0.7218425273895264
1654618319.6267183 -0.21067428588867188 1.7475471496582031 0.0 0.0 0.0 -0.6907073855400085 0.7231343388557434
1654618319.7268214 -0.21286773681640625 1.666046142578125 0.0 0.0 0.0 -0.6900699138641357 0.7237427234649658
1654618319.8269737 -0.211151123046875 1.5961380004882812 0.0 0.0 0.0 -0.6882537007331848 0.7254700660705566
1654618319.9270923 -0.2242431640625 1.5263748168945312 0.0 0.0 0.0 -0.685588538646698 0.7279892563819885
1654618320.0272512 -0.20957183837890625 1.4524116516113281 0.0 0.0 0.0 -0.6828881502151489 0.7305229306221008
1654618320.127246 -0.20996856689453125 1.3973770141601562 0.0 0.0 0.0 -0.6789168119430542 0.7342151999473572
1654618320.227243 -0.21602249145507812 1.3278694152832031 0.0 0.0 0.0 -0.6762616038322449 0.7366615533828735
1654618320.3273072 -0.21262741088867188 1.265167236328125 0.0 0.0 0.0 -0.6711268424987793 0.7413425445556641
1654618320.427287 -0.20922088623046875 1.2161064147949219 0.0 0.0 0.0 -0.6638280153274536 0.7478852868080139
1654618320.5271695 -0.20314788818359375 1.1641426086425781 0.0 0.0 0.0 -0.6567723155021667 0.7540889382362366
1654618320.6270797 -0.19438934326171875 1.1334342956542969 0.0 0.0 0.0 -0.6457194089889526 0.7635747790336609
1654618320.7270179 -0.19189834594726562 1.0939140319824219 0.0 0.0 0.0 -0.6344398856163025 0.7729722261428833
1654618320.8270152 -0.20352935791015625 1.07537841796875 0.0 0.0 0.0 -0.6179539561271667 0.786214292049408
1654618320.92708 -0.20846176147460938 1.0413398742675781 0.0 0.0 0.0 -0.6031007170677185 0.7976650595664978
1654618321.0271347 -0.19771957397460938 1.0057144165039062 0.0 0.0 0.0 -0.5877869725227356 0.8090157508850098
1654618321.1272814 -0.19768524169921875 0.9763374328613281 0.0 0.0 0.0 -0.5698910355567932 0.8217202425003052
1654618321.2275379 -0.1873321533203125 0.9463310241699219 0.0 0.0 0.0 -0.5526848435401917 0.8333902955055237
1654618321.32774 -0.18926239013671875 0.9171142578125 0.0 0.0 0.0 -0.5361888408660889 0.8440980315208435
1654618321.4278362 -0.18127822875976562 0.8826408386230469 0.0 0.0 0.0 -0.5204823017120361 0.8538724780082703
1654618321.527907 -0.17593765258789062 0.867095947265625 0.0 0.0 0.0 -0.501707911491394 0.8650370836257935
1654618321.627953 -0.17746734619140625 0.8356857299804688 0.0 0.0 0.0 -0.48273754119873047 0.8757650852203369
1654618321.7279458 -0.17974472045898438 0.818115234375 0.0 0.0 0.0 -0.45938605070114136 0.8882367014884949
1654618321.8279326 -0.17782974243164062 0.7908096313476562 0.0 0.0 0.0 -0.4392627775669098 0.8983586430549622
1654618321.927847 -0.17795562744140625 0.7715225219726562 0.0 0.0 0.0 -0.4144971966743469 0.9100505709648132
1654618322.0277364 -0.16635894775390625 0.7442855834960938 0.0 0.0 0.0 -0.39466696977615356 0.9188242554664612
1654618322.127595 -0.16223526000976562 0.73248291015625 0.0 0.0 0.0 -0.36863040924072266 0.92957603931427
1654618322.2273777 -0.16864776611328125 0.709686279296875 0.0 0.0 0.0 -0.34171417355537415 0.939803957939148
1654618322.3271086 -0.17506027221679688 0.6907119750976562 0.0 0.0 0.0 -0.3107622563838959 0.9504876732826233
1654618322.426996 -0.172821044921875 0.6767463684082031 0.0 0.0 0.0 -0.2780960500240326 0.9605532884597778
1654618322.5271227 -0.17609024047851562 0.6687812805175781 0.0 0.0 0.0 -0.2457330971956253 0.969337522983551
1654618322.6272871 -0.169189453125 0.6553459167480469 0.0 0.0 0.0 -0.2153991311788559 0.9765260815620422
1654618322.7275977 -0.1654205322265625 0.650787353515625 0.0 0.0 0.0 -0.18881531059741974 0.9820126295089722
1654618322.8278606 -0.1586456298828125 0.6370849609375 0.0 0.0 0.0 -0.16763031482696533 0.985849916934967
1654618322.9280486 -0.15691757202148438 0.6243362426757812 0.0 0.0 0.0 -0.14475300908088684 0.9894677996635437
1654618323.02813 -0.14133071899414062 0.6124496459960938 0.0 0.0 0.0 -0.12289008498191833 0.9924203157424927
1654618323.1280918 -0.13747406005859375 0.6039352416992188 0.0 0.0 0.0 -0.09750765562057495 0.9952347874641418
1654618323.227971 -0.14211273193359375 0.5940780639648438 0.0 0.0 0.0 -0.06942372769117355 0.997587263584137
1654618323.3279147 -0.12512969970703125 0.5788993835449219 0.0 0.0 0.0 -0.0489298477768898 0.9988022446632385
1654618323.4279277 -0.09336090087890625 0.5814895629882812 0.0 0.0 0.0 -0.029643157497048378 0.999560534954071
1654618323.5280766 -0.07988739013671875 0.5662345886230469 0.0 0.0 0.0 -0.01002691499888897 0.9999497532844543
1654618323.6282878 -0.0421600341796875 0.5956954956054688 0.0 0.0 0.0 0.0040273601189255714 0.9999918937683105
1654618323.7283442 -0.0025787353515625 0.5961532592773438 0.0 0.0 0.0 0.016681097447872162 0.9998608827590942
1654618323.8283358 0.041046142578125 0.5889701843261719 0.0 0.0 0.0 0.027936581522226334 0.9996097087860107
1654618323.9283414 0.08732223510742188 0.5796432495117188 0.0 0.0 0.0 0.032635945826768875 0.9994673132896423
1654618324.0282028 0.14268875122070312 0.5797958374023438 0.0 0.0 0.0 0.0359283871948719 0.999354362487793
1654618324.1280177 0.20609283447265625 0.5814743041992188 0.0 0.0 0.0 0.03560878336429596 0.9993658065795898
1654618324.227766 0.2855415344238281 0.5863151550292969 0.0 0.0 0.0 0.034014586359262466 0.9994213581085205
1654618324.3274915 0.36069488525390625 0.5826950073242188 0.0 0.0 0.0 0.03356050327420235 0.9994366765022278
1654618324.4272366 0.44036865234375 0.5922355651855469 0.0 0.0 0.0 0.03169316053390503 0.999497652053833
1654618324.527019 0.522918701171875 0.5974349975585938 0.0 0.0 0.0 0.03083459660410881 0.9995244741439819
1654618324.6268556 0.5995674133300781 0.5954208374023438 0.0 0.0 0.0 0.03112301044166088 0.9995155334472656
1654618324.7267916 0.678375244140625 0.5977897644042969 0.0 0.0 0.0 0.03202371299266815 0.9994871020317078
1654618324.8266997 0.7505416870117188 0.5939559936523438 0.0 0.0 0.0 0.03424898162484169 0.9994133114814758
1654618324.92667 0.8362007141113281 0.6092033386230469 0.0 0.0 0.0 0.0352972149848938 0.9993768334388733
1654618325.0266986 0.9172248840332031 0.6125907897949219 0.0 0.0 0.0 0.037276580929756165 0.999305009841919
1654618325.1267333 0.9988822937011719 0.6210403442382812 0.0 0.0 0.0 0.040649063885211945 0.9991734623908997
1654618325.226791 1.0654182434082031 0.6223335266113281 0.0 0.0 0.0 0.04672978073358536 0.9989075660705566
1654618325.3267915 1.1471366882324219 0.6256217956542969 0.0 0.0 0.0 0.05016982555389404 0.9987406730651855
1654618325.4267738 1.2336349487304688 0.6293525695800781 0.0 0.0 0.0 0.0527452751994133 0.9986079931259155
1654618325.5266702 1.3276863098144531 0.6416740417480469 0.0 0.0 0.0 0.05581813305616379 0.9984409809112549
1654618325.6265366 1.3956298828125 0.64453125 0.0 0.0 0.0 0.057712752372026443 0.998333215713501
1654618325.7264326 1.4861221313476562 0.6478385925292969 0.0 0.0 0.0 0.05859499052166939 0.9982818365097046
1654618325.8263853 1.5765800476074219 0.6513442993164062 0.0 0.0 0.0 0.05847497284412384 0.9982888698577881
1654618325.9263086 1.6681289672851562 0.6611328125 0.0 0.0 0.0 0.05725400894880295 0.9983596205711365
1654618326.026157 1.7324409484863281 0.670257568359375 0.0 0.0 0.0 0.05604991689324379 0.9984279870986938
1654618326.126033 1.8250617980957031 0.681732177734375 0.0 0.0 0.0 0.054571155458688736 0.9985098838806152
1654618326.2260225 1.9003410339355469 0.6914901733398438 0.0 0.0 0.0 0.053559448570013046 0.9985646605491638
1654618326.3262224 1.9867362976074219 0.7038192749023438 0.0 0.0 0.0 0.05159465968608856 0.9986681342124939
1654618326.4264135 2.075847625732422 0.70953369140625 0.0 0.0 0.0 0.05127730965614319 0.9986844658851624
1654618326.5265417 2.164379119873047 0.71246337890625 0.0 0.0 0.0 0.05145085230469704 0.998675525188446
1654618326.6265955 2.257610321044922 0.7156982421875 0.0 0.0 0.0 0.0506155900657177 0.9987182021141052
1654618326.7267816 2.334117889404297 0.719512939453125 0.0 0.0 0.0 0.05092887207865715 0.9987022876739502
1654618326.8270078 2.423126220703125 0.7299613952636719 0.0 0.0 0.0 0.05292081460356712 0.9985986948013306
1654618326.9272902 2.501628875732422 0.7401199340820312 0.0 0.0 0.0 0.05541948974132538 0.9984631538391113
1654618327.0275276 2.582263946533203 0.7531051635742188 0.0 0.0 0.0 0.057302337139844894 0.9983568787574768
1654618327.127731 2.6644210815429688 0.7640571594238281 0.0 0.0 0.0 0.06163819879293442 0.9980985522270203
1654618327.2278357 2.7466812133789062 0.7725715637207031 0.0 0.0 0.0 0.0646434873342514 0.9979084134101868
1654618327.3279274 2.830120086669922 0.77142333984375 0.0 0.0 0.0 0.07037582248449326 0.9975205659866333
1654618327.4279325 2.904773712158203 0.7852592468261719 0.0 0.0 0.0 0.07593745738267899 0.9971125721931458
1654618327.527789 2.973796844482422 0.7915458679199219 0.0 0.0 0.0 0.08296286314725876 0.9965526461601257
1654618327.6276402 3.05914306640625 0.8101387023925781 0.0 0.0 0.0 0.09298409521579742 0.995667576789856
1654618327.7274177 3.134624481201172 0.8236274719238281 0.0 0.0 0.0 0.10280609130859375 0.9947014451026917
1654618327.8272169 3.213428497314453 0.8354873657226562 0.0 0.0 0.0 0.1179598718881607 0.993018388748169
1654618327.9271076 3.2732315063476562 0.837890625 0.0 0.0 0.0 0.13833972811698914 0.9903848171234131
1654618328.0269876 3.333904266357422 0.8476753234863281 0.0 0.0 0.0 0.1601361334323883 0.9870949387550354
1654618328.1269352 3.3847427368164062 0.8507575988769531 0.0 0.0 0.0 0.18530991673469543 0.9826801419258118
1654618328.227004 3.436023712158203 0.8561172485351562 0.0 0.0 0.0 0.2130325883626938 0.9770451188087463
1654618328.327145 3.451923370361328 0.8619003295898438 0.0 0.0 0.0 0.24028964340686798 0.9707012176513672
1654618328.4272213 3.489971160888672 0.8580322265625 0.0 0.0 0.0 0.26960402727127075 0.9629712700843811
1654618328.5273101 3.5441055297851562 0.8552322387695312 0.0 0.0 0.0 0.30481424927711487 0.9524118304252625
1654618328.6273391 3.56732177734375 0.8677139282226562 0.0 0.0 0.0 0.3357098400592804 0.9419654607772827
1654618328.7273874 3.582416534423828 0.8746757507324219 0.0 0.0 0.0 0.3651449978351593 0.9309506416320801
1654618328.8274424 3.603832244873047 0.8854293823242188 0.0 0.0 0.0 0.39356809854507446 0.9192954897880554
1654618328.9275043 3.6309738159179688 0.8982048034667969 0.0 0.0 0.0 0.41813603043556213 0.9083844423294067
1654618329.0275497 3.650928497314453 0.9119758605957031 0.0 0.0 0.0 0.44134876132011414 0.8973356485366821
1654618329.1275384 3.68359375 0.9314041137695312 0.0 0.0 0.0 0.46122509241104126 0.8872831463813782
1654618329.2273383 3.7143020629882812 0.9547920227050781 0.0 0.0 0.0 0.48014870285987854 0.8771871328353882
1654618329.3270433 3.7461318969726562 0.9846267700195312 0.0 0.0 0.0 0.4966844320297241 0.8679311871528625
1654618329.4266849 3.7764053344726562 1.02191162109375 0.0 0.0 0.0 0.51128751039505 0.859409749507904
1654618329.5265636 3.803638458251953 1.06201171875 0.0 0.0 0.0 0.5285823345184326 0.8488820195198059
1654618329.626558 3.831207275390625 1.1058273315429688 0.0 0.0 0.0 0.5437018275260925 0.8392784595489502
1654618329.7265856 3.865386962890625 1.15545654296875 0.0 0.0 0.0 0.558002233505249 0.8298394680023193
1654618329.826651 3.88812255859375 1.2011032104492188 0.0 0.0 0.0 0.5726935267448425 0.819769561290741
1654618329.926715 3.914825439453125 1.2493400573730469 0.0 0.0 0.0 0.5876429080963135 0.8091204166412354
1654618330.0267153 3.9473495483398438 1.3113899230957031 0.0 0.0 0.0 0.602715790271759 0.7979559302330017
1654618330.1266491 3.9777450561523438 1.3609504699707031 0.0 0.0 0.0 0.6188873052597046 0.7854797840118408
1654618330.2266784 3.9969482421875 1.4265861511230469 0.0 0.0 0.0 0.637408435344696 0.770526111125946
1654618330.326732 4.024749755859375 1.4883346557617188 0.0 0.0 0.0 0.654919445514679 0.7556987404823303
1654618330.4270287 4.030677795410156 1.5565605163574219 0.0 0.0 0.0 0.6726254224777222 0.7399831414222717
1654618330.5273035 4.054027557373047 1.6297531127929688 0.0 0.0 0.0 0.6857092380523682 0.7278755903244019
1654618330.6275733 4.057716369628906 1.6894302368164062 0.0 0.0 0.0 0.7014029026031494 0.7127650380134583
1654618330.7277174 4.064720153808594 1.7649116516113281 0.0 0.0 0.0 0.7139199376106262 0.7002273797988892
1654618330.827829 4.058124542236328 1.8511886596679688 0.0 0.0 0.0 0.7255074381828308 0.6882143020629883
1654618330.9277709 4.051704406738281 1.93231201171875 0.0 0.0 0.0 0.7350445985794067 0.6780187487602234
1654618331.0275106 4.060821533203125 2.0201034545898438 0.0 0.0 0.0 0.74197918176651 0.6704229712486267
1654618331.1271393 4.064231872558594 2.1200180053710938 0.0 0.0 0.0 0.7458738684654236 0.6660872101783752
1654618331.226819 4.05670166015625 2.186351776123047 0.0 0.0 0.0 0.7532978653907776 0.6576794981956482
1654618331.3265588 4.056327819824219 2.256317138671875 0.0 0.0 0.0 0.7594844698905945 0.6505254507064819
1654618331.4263887 4.046092987060547 2.342609405517578 0.0 0.0 0.0 0.766171932220459 0.6426356434822083
1654618331.5262618 4.023277282714844 2.420818328857422 0.0 0.0 0.0 0.7762176990509033 0.6304649710655212
1654618331.6260412 4.000465393066406 2.4823989868164062 0.0 0.0 0.0 0.7891444563865662 0.6142076253890991
1654618331.7260556 3.9852294921875 2.5329971313476562 0.0 0.0 0.0 0.8045859336853027 0.59383624792099
1654618331.8262615 3.9817581176757812 2.595264434814453 0.0 0.0 0.0 0.8191062211990356 0.5736418962478638
1654618331.9264727 3.9716873168945312 2.645923614501953 0.0 0.0 0.0 0.8335204720497131 0.5524886250495911
1654618332.0267434 3.971343994140625 2.6819381713867188 0.0 0.0 0.0 0.8491557240486145 0.5281425714492798
1654618332.1270006 3.9729537963867188 2.698455810546875 0.0 0.0 0.0 0.8646751046180725 0.502331554889679
1654618332.227136 3.968536376953125 2.72552490234375 0.0 0.0 0.0 0.880005955696106 0.47496268153190613
1654618332.3270962 3.979736328125 2.736175537109375 0.0 0.0 0.0 0.895099401473999 0.44586658477783203
1654618332.4270358 3.999958038330078 2.758014678955078 0.0 0.0 0.0 0.9115082025527954 0.411281943321228
1654618332.5269434 3.985767364501953 2.7713851928710938 0.0 0.0 0.0 0.9278618097305298 0.37292420864105225
1654618332.6269114 4.006629943847656 2.771728515625 0.0 0.0 0.0 0.9424602389335632 0.33431828022003174
1654618332.7269235 4.031974792480469 2.7804946899414062 0.0 0.0 0.0 0.9551379680633545 0.2961612343788147
1654618332.8269806 4.051036834716797 2.78228759765625 0.0 0.0 0.0 0.9661458730697632 0.2579963505268097
1654618332.927058 4.0697021484375 2.7994613647460938 0.0 0.0 0.0 0.9750608205795288 0.22193774580955505
1654618333.0271525 4.089366912841797 2.80328369140625 0.0 0.0 0.0 0.9817565083503723 0.19014258682727814
1654618333.1273506 4.094734191894531 2.8065109252929688 0.0 0.0 0.0 0.9869005084037781 0.16133011877536774
1654618333.2275245 4.090583801269531 2.81890869140625 0.0 0.0 0.0 0.9902905225753784 0.13901326060295105
1654618333.3276198 4.095661163330078 2.825855255126953 0.0 0.0 0.0 0.9935858845710754 0.11308006197214127
1654618333.4277394 4.099376678466797 2.829936981201172 0.0 0.0 0.0 0.9956826567649841 0.09282268583774567
1654618333.52784 4.086029052734375 2.83935546875 0.0 0.0 0.0 0.9967114329338074 0.08103317022323608
1654618333.6277661 4.074745178222656 2.840190887451172 0.0 0.0 0.0 0.9977076053619385 0.06767266243696213
1654618333.7276895 4.061420440673828 2.848419189453125 0.0 0.0 0.0 0.9984208941459656 0.05617564171552658
1654618333.827743 4.033943176269531 2.8536911010742188 0.0 0.0 0.0 0.9992021918296814 0.039936721324920654
1654618333.9279547 3.9938125610351562 2.868743896484375 0.0 0.0 0.0 0.999574601650238 0.029164306819438934
1654618334.0282736 3.940929412841797 2.871417999267578 0.0 0.0 0.0 0.9998123049736023 0.019373711198568344
1654618334.1285865 3.8833236694335938 2.875091552734375 0.0 0.0 0.0 0.9998971819877625 0.01433807797729969
1654618334.2288315 3.8106155395507812 2.8858566284179688 0.0 0.0 0.0 0.9999286532402039 0.011945754289627075
1654618334.3288577 3.7271957397460938 2.888439178466797 0.0 0.0 0.0 0.9998584985733032 0.01682114414870739
1654618334.4286354 3.6364212036132812 2.8883590698242188 0.0 0.0 0.0 0.9997631907463074 0.021761681884527206
1654618334.5282438 3.5465621948242188 2.8870315551757812 0.0 0.0 0.0 0.9996334910392761 0.027071820572018623
1654618334.6278827 3.444438934326172 2.895618438720703 0.0 0.0 0.0 0.9994639754295349 0.03273720294237137
1654618334.7275946 3.34869384765625 2.898906707763672 0.0 0.0 0.0 0.9993889927864075 0.03495274856686592
1654618334.8273983 3.2643051147460938 2.9032516479492188 0.0 0.0 0.0 0.9993008971214294 0.03738540783524513
1654618334.9272156 3.174468994140625 2.9149246215820312 0.0 0.0 0.0 0.9993722438812256 0.03542845696210861
1654618335.0270996 3.091461181640625 2.9150924682617188 0.0 0.0 0.0 0.9994213581085205 0.034013938158750534
1654618335.127092 2.9973983764648438 2.9231948852539062 0.0 0.0 0.0 0.9996140599250793 0.02777918055653572
1654618335.2271104 2.912506103515625 2.9289932250976562 0.0 0.0 0.0 0.9997754096984863 0.02119258977472782
1654618335.3272521 2.831317901611328 2.9374160766601562 0.0 0.0 0.0 0.99991375207901 0.013132628053426743
1654618335.427371 2.741924285888672 2.9454345703125 0.0 0.0 0.0 0.99998939037323 0.004610955249518156
1654618335.527511 2.657329559326172 2.948528289794922 0.0 0.0 0.0 -0.9999976754188538 0.0021590732503682375
1654618335.6277099 2.569854736328125 2.942859649658203 0.0 0.0 0.0 -0.9999706149101257 0.0076674227602779865
1654618335.7280126 2.476287841796875 2.944244384765625 0.0 0.0 0.0 -0.9999125599861145 0.013225364498794079
1654618335.8283422 2.381999969482422 2.949066162109375 0.0 0.0 0.0 -0.9998347759246826 0.01817789487540722
1654618335.9285862 2.2901611328125 2.947887420654297 0.0 0.0 0.0 -0.9998111724853516 0.019432947039604187
1654618336.028699 2.190570831298828 2.9439163208007812 0.0 0.0 0.0 -0.9997693300247192 0.02147671952843666
1654618336.1286182 2.091625213623047 2.945545196533203 0.0 0.0 0.0 -0.9997297525405884 0.0232473686337471
1654618336.2284038 1.9978713989257812 2.949512481689453 0.0 0.0 0.0 -0.9997255802154541 0.023426730185747147
1654618336.328018 1.9004745483398438 2.9404296875 0.0 0.0 0.0 -0.9997105598449707 0.024059075862169266
1654618336.427502 1.7970390319824219 2.941089630126953 0.0 0.0 0.0 -0.999688446521759 0.024960028007626534
1654618336.5269213 1.69293212890625 2.9314041137695312 0.0 0.0 0.0 -0.9996504783630371 0.026436423882842064
1654618336.6264493 1.5987472534179688 2.928985595703125 0.0 0.0 0.0 -0.9995985627174377 0.028332212939858437
1654618336.7262633 1.4967041015625 2.9233474731445312 0.0 0.0 0.0 -0.9994619488716125 0.032798681408166885
1654618336.8263135 1.4095878601074219 2.9132156372070312 0.0 0.0 0.0 -0.9993013143539429 0.03737456724047661
1654618336.9265466 1.3107070922851562 2.9235000610351562 0.0 0.0 0.0 -0.9989507794380188 0.04579630121588707
1654618337.0268462 1.2124557495117188 2.917285919189453 0.0 0.0 0.0 -0.9986613988876343 0.051724664866924286
1654618337.1272185 1.1206779479980469 2.9100418090820312 0.0 0.0 0.0 -0.9985021948814392 0.05471150204539299
1654618337.2275722 1.0441093444824219 2.908039093017578 0.0 0.0 0.0 -0.9980541467666626 0.062353502959012985
1654618337.3278887 0.9509353637695312 2.896129608154297 0.0 0.0 0.0 -0.9974914789199829 0.07078690826892853
1654618337.4281213 0.8645248413085938 2.88079833984375 0.0 0.0 0.0 -0.9969822764396667 0.07762942463159561
1654618337.5282078 0.7733154296875 2.86859130859375 0.0 0.0 0.0 -0.9962104558944702 0.08697541058063507
1654618337.6281729 0.6988334655761719 2.861309051513672 0.0 0.0 0.0 -0.9951027631759644 0.09884577244520187
1654618337.7279456 0.623992919921875 2.852458953857422 0.0 0.0 0.0 -0.9937548637390137 0.11158552020788193
1654618337.8275428 0.5734024047851562 2.851367950439453 0.0 0.0 0.0 -0.9913765788078308 0.13104389607906342
1654618337.9270818 0.4947319030761719 2.842754364013672 0.0 0.0 0.0 -0.988222062587738 0.15302647650241852
1654618338.0267296 0.43714141845703125 2.8274154663085938 0.0 0.0 0.0 -0.984218955039978 0.17695492506027222
1654618338.1264896 0.3768310546875 2.823150634765625 0.0 0.0 0.0 -0.9785321354866028 0.20609436929225922
1654618338.2265022 0.34267425537109375 2.807964324951172 0.0 0.0 0.0 -0.9717026352882385 0.23620754480361938
1654618338.3266797 0.288818359375 2.806365966796875 0.0 0.0 0.0 -0.9625056982040405 0.27126142382621765
1654618338.426943 0.2545661926269531 2.8033065795898438 0.0 0.0 0.0 -0.9518646001815796 0.3065188229084015
1654618338.5272148 0.22518157958984375 2.795391082763672 0.0 0.0 0.0 -0.9386461973190308 0.34488168358802795
1654618338.6273508 0.18525314331054688 2.793903350830078 0.0 0.0 0.0 -0.9223417639732361 0.3863750696182251
1654618338.7275124 0.16222000122070312 2.780292510986328 0.0 0.0 0.0 -0.9052278995513916 0.4249264597892761
1654618338.8277683 0.14562225341796875 2.777935028076172 0.0 0.0 0.0 -0.8843421339988708 0.46683940291404724
1654618338.9279542 0.12258148193359375 2.7625656127929688 0.0 0.0 0.0 -0.8644111752510071 0.5027855038642883
1654618339.0280364 0.09059524536132812 2.73150634765625 0.0 0.0 0.0 -0.8401609659194946 0.5423370599746704
1654618339.1279979 0.07518386840820312 2.7154312133789062 0.0 0.0 0.0 -0.8200620412826538 0.5722746253013611
1654618339.2279494 0.05339813232421875 2.6843795776367188 0.0 0.0 0.0 -0.8021750450134277 0.5970889329910278
1654618339.327896 0.015087127685546875 2.6500930786132812 0.0 0.0 0.0 -0.7839093208312988 0.620875358581543
1654618339.4278362 -0.009098052978515625 2.603565216064453 0.0 0.0 0.0 -0.7677549123764038 0.640743613243103
1654618339.5277846 -0.04145050048828125 2.546478271484375 0.0 0.0 0.0 -0.7554695010185242 0.6551838517189026
1654618339.627637 -0.059513092041015625 2.4923171997070312 0.0 0.0 0.0 -0.7416191697120667 0.6708211302757263
1654618339.7275882 -0.06627655029296875 2.4245834350585938 0.0 0.0 0.0 -0.7326639294624329 0.6805906295776367
1654618339.8275578 -0.07751083374023438 2.3503952026367188 0.0 0.0 0.0 -0.7235956192016602 0.6902241110801697
1654618339.927498 -0.06682205200195312 2.274517059326172 0.0 0.0 0.0 -0.7169647216796875 0.6971094608306885
1654618340.0273883 -0.07835769653320312 2.189910888671875 0.0 0.0 0.0 -0.7102245092391968 0.703975260257721
1654618340.1272318 -0.09510040283203125 2.1165390014648438 0.0 0.0 0.0 -0.7018835544586182 0.7122917175292969
1654618340.2270408 -0.08647537231445312 2.027618408203125 0.0 0.0 0.0 -0.6966360211372375 0.717424750328064
1654618340.326914 -0.111663818359375 1.9379196166992188 0.0 0.0 0.0 -0.6841191053390503 0.7293702960014343
1654618340.426818 -0.11203765869140625 1.8668632507324219 0.0 0.0 0.0 -0.6729804277420044 0.7396603226661682
1654618340.5268078 -0.1062774658203125 1.7891120910644531 0.0 0.0 0.0 -0.661098837852478 0.750298798084259
1654618340.6270292 -0.0975494384765625 1.7302627563476562 0.0 0.0 0.0 -0.649741530418396 0.760155200958252
1654618340.7273211 -0.09869003295898438 1.6612319946289062 0.0 0.0 0.0 -0.6397088170051575 0.7686173319816589
1654618340.827483 -0.09780120849609375 1.583038330078125 0.0 0.0 0.0 -0.627225399017334 0.7788378000259399
1654618340.9276073 -0.08011627197265625 1.5167121887207031 0.0 0.0 0.0 -0.6191510558128357 0.785271942615509
1654618341.027606 -0.076171875 1.4508552551269531 0.0 0.0 0.0 -0.6093571186065674 0.7928959131240845
1654618341.1274686 -0.06400680541992188 1.3853950500488281 0.0 0.0 0.0 -0.5985006093978882 0.8011223673820496
1654618341.2272239 -0.04987335205078125 1.3350639343261719 0.0 0.0 0.0 -0.5883700847625732 0.8085917830467224
1654618341.3269033 -0.03675079345703125 1.2779159545898438 0.0 0.0 0.0 -0.5748741030693054 0.8182418346405029
1654618341.4266016 -0.02523040771484375 1.2167129516601562 0.0 0.0 0.0 -0.5590839385986328 0.8291110992431641
1654618341.526405 -0.02802276611328125 1.1858749389648438 0.0 0.0 0.0 -0.5319686532020569 0.846764087677002
1654618341.6263905 -0.028240203857421875 1.1260566711425781 0.0 0.0 0.0 -0.5078113675117493 0.8614683151245117
1654618341.726432 -0.032550811767578125 1.1093978881835938 0.0 0.0 0.0 -0.47142520546913147 0.8819060325622559
1654618341.8264616 -0.03330230712890625 1.0758171081542969 0.0 0.0 0.0 -0.4357044994831085 0.9000897407531738
1654618341.926613 -0.031948089599609375 1.0521965026855469 0.0 0.0 0.0 -0.39828458428382874 0.9172618985176086
1654618342.0268874 -0.03955841064453125 1.0291748046875 0.0 0.0 0.0 -0.3583763837814331 0.9335771799087524
1654618342.1271615 -0.042552947998046875 0.9818038940429688 0.0 0.0 0.0 -0.32319554686546326 0.9463322162628174
1654618342.2275138 -0.03548431396484375 0.9696235656738281 0.0 0.0 0.0 -0.28200894594192505 0.9594117999076843
1654618342.3278687 -0.07136154174804688 0.9795608520507812 0.0 0.0 0.0 -0.2331780642271042 0.9724340438842773
1654618342.4281344 -0.041500091552734375 0.9412765502929688 0.0 0.0 0.0 -0.19734585285186768 0.9803339242935181
1654618342.528496 -0.04409027099609375 0.9411125183105469 0.0 0.0 0.0 -0.15992756187915802 0.987128734588623
1654618342.6288185 -0.037960052490234375 0.9375724792480469 0.0 0.0 0.0 -0.13040930032730103 0.9914602637290955
1654618342.7290626 0.003246307373046875 0.9318428039550781 0.0 0.0 0.0 -0.11323778331279755 0.993567943572998
1654618342.8291013 0.027301788330078125 0.9214248657226562 0.0 0.0 0.0 -0.09650082141160965 0.9953328967094421
1654618342.9288788 0.072967529296875 0.9053268432617188 0.0 0.0 0.0 -0.0865715816617012 0.9962456226348877
1654618343.0285525 0.13640213012695312 0.8890495300292969 0.0 0.0 0.0 -0.07583426684141159 0.9971204400062561
1654618343.128336 0.202911376953125 0.8868026733398438 0.0 0.0 0.0 -0.06704295426607132 0.9977501034736633
1654618343.228182 0.26888275146484375 0.8707771301269531 0.0 0.0 0.0 -0.055335767567157745 0.9984678030014038
1654618343.3280656 0.3660469055175781 0.863433837890625 0.0 0.0 0.0 -0.045448530465364456 0.9989666938781738
1654618343.4278932 0.44866943359375 0.8437576293945312 0.0 0.0 0.0 -0.03263290971517563 0.9994674324989319
1654618343.5276291 0.55035400390625 0.8375740051269531 0.0 0.0 0.0 -0.021351058036088943 0.9997720122337341
1654618343.627358 0.6285209655761719 0.8191413879394531 0.0 0.0 0.0 -0.007916041649878025 0.9999686479568481
1654618343.7272427 0.7262649536132812 0.7992630004882812 0.0 0.0 0.0 0.004594783764332533 0.9999894499778748
1654618343.8272402 0.8258056640625 0.8069572448730469 0.0 0.0 0.0 0.016027402132749557 0.999871551990509
1654618343.927317 0.9363212585449219 0.7997512817382812 0.0 0.0 0.0 0.027025433257222176 0.9996347427368164
1654618344.0275288 1.0275764465332031 0.801239013671875 0.0 0.0 0.0 0.038386907428503036 0.9992629289627075
1654618344.1277092 1.1324577331542969 0.8084602355957031 0.0 0.0 0.0 0.04776904359459877 0.9988583922386169
1654618344.2278335 1.2092666625976562 0.8107490539550781 0.0 0.0 0.0 0.059093061834573746 0.9982524514198303
1654618344.3279855 1.3224601745605469 0.8130683898925781 0.0 0.0 0.0 0.06420688331127167 0.9979366064071655
1654618344.4281597 1.4327163696289062 0.8253250122070312 0.0 0.0 0.0 0.06507553160190582 0.9978803396224976
1654618344.528333 1.5383682250976562 0.8381271362304688 0.0 0.0 0.0 0.06475438177585602 0.9979012608528137
1654618344.628404 1.6472663879394531 0.8435287475585938 0.0 0.0 0.0 0.06459856033325195 0.9979113340377808
1654618344.7283485 1.7471694946289062 0.8601188659667969 0.0 0.0 0.0 0.062496379017829895 0.9980452060699463
1654618344.8281298 1.8339767456054688 0.8760910034179688 0.0 0.0 0.0 0.05983962491154671 0.9982079863548279
1654618344.927885 1.9466476440429688 0.88372802734375 0.0 0.0 0.0 0.05839863792061806 0.9982933402061462
1654618345.0277023 2.0510940551757812 0.897918701171875 0.0 0.0 0.0 0.05750861391425133 0.9983450174331665
1654618345.1275208 2.147411346435547 0.902130126953125 0.0 0.0 0.0 0.0592435784637928 0.9982435703277588
1654618345.2273908 2.24334716796875 0.9135856628417969 0.0 0.0 0.0 0.0601859986782074 0.9981871843338013
1654618345.3272977 2.3519515991210938 0.9253730773925781 0.0 0.0 0.0 0.06395670771598816 0.9979526996612549
1654618345.4272733 2.4477157592773438 0.9302787780761719 0.0 0.0 0.0 0.06795705109834671 0.9976882338523865
1654618345.5272512 2.5282974243164062 0.939361572265625 0.0 0.0 0.0 0.07360127568244934 0.9972877502441406
1654618345.6271603 2.610584259033203 0.9503555297851562 0.0 0.0 0.0 0.08058362454175949 0.9967478513717651
1654618345.7270856 2.6921768188476562 0.9638786315917969 0.0 0.0 0.0 0.09086126834154129 0.9958635568618774
1654618345.8269453 2.7715225219726562 0.97216796875 0.0 0.0 0.0 0.09753786772489548 0.9952318072319031
1654618345.926877 2.848064422607422 0.9737129211425781 0.0 0.0 0.0 0.10823456197977066 0.9941253662109375
1654618346.0268047 2.9194412231445312 1.01129150390625 0.0 0.0 0.0 0.12031025439500809 0.9927363395690918
1654618346.1267996 2.979583740234375 0.98895263671875 0.0 0.0 0.0 0.13340409100055695 0.9910617470741272
1654618346.2268388 3.039875030517578 1.0160331726074219 0.0 0.0 0.0 0.15030671656131744 0.9886394143104553
1654618346.3268483 3.0897903442382812 1.0267715454101562 0.0 0.0 0.0 0.16859754920005798 0.9856849908828735
1654618346.426837 3.1302261352539062 1.0460205078125 0.0 0.0 0.0 0.19159017503261566 0.9814749956130981
1654618346.5269735 3.18756103515625 1.0430374145507812 0.0 0.0 0.0 0.21796844899654388 0.9759558439254761
1654618346.6270902 3.217578887939453 1.0612983703613281 0.0 0.0 0.0 0.24720075726509094 0.9689642786979675
1654618346.72718 3.256755828857422 1.0410232543945312 0.0 0.0 0.0 0.28275030851364136 0.9591935276985168
1654618346.827268 3.3057785034179688 1.0557975769042969 0.0 0.0 0.0 0.3155554533004761 0.9489071369171143
1654618346.9272974 3.350391387939453 1.0600471496582031 0.0 0.0 0.0 0.35309264063835144 0.9355883598327637
1654618347.0274553 3.381458282470703 1.0663871765136719 0.0 0.0 0.0 0.38993313908576965 0.9208431839942932
1654618347.1275706 3.4027633666992188 1.0780754089355469 0.0 0.0 0.0 0.42266419529914856 0.906286358833313
1654618347.2275727 3.4214401245117188 1.08746337890625 0.0 0.0 0.0 0.45671531558036804 0.8896129131317139
1654618347.3275626 3.457286834716797 1.1001815795898438 0.0 0.0 0.0 0.48549097776412964 0.8742416501045227
1654618347.4275074 3.479900360107422 1.1206855773925781 0.0 0.0 0.0 0.5145531892776489 0.8574584722518921
1654618347.5275722 3.5200119018554688 1.1405525207519531 0.0 0.0 0.0 0.5476699471473694 0.8366944789886475
1654618347.627669 3.5436782836914062 1.1710624694824219 0.0 0.0 0.0 0.5736443400382996 0.8191044926643372
1654618347.7278378 3.5731735229492188 1.20660400390625 0.0 0.0 0.0 0.5971018671989441 0.8021654486656189
1654618347.8278956 3.574016571044922 1.2554512023925781 0.0 0.0 0.0 0.6190661191940308 0.7853388786315918
1654618347.9279587 3.594482421875 1.3144454956054688 0.0 0.0 0.0 0.634464681148529 0.7729518413543701
1654618348.0280387 3.6095962524414062 1.3794937133789062 0.0 0.0 0.0 0.645226001739502 0.7639917135238647
1654618348.1281092 3.649250030517578 1.4612350463867188 0.0 0.0 0.0 0.6517295837402344 0.7584514021873474
1654618348.228159 3.6552200317382812 1.5424270629882812 0.0 0.0 0.0 0.6554944515228271 0.7552000284194946
1654618348.3281767 3.674419403076172 1.6334915161132812 0.0 0.0 0.0 0.6571205854415894 0.7537854909896851
1654618348.4280994 3.69140625 1.7258682250976562 0.0 0.0 0.0 0.6587074398994446 0.7523991465568542
1654618348.527937 3.688983917236328 1.8115158081054688 0.0 0.0 0.0 0.6611893773078918 0.7502190470695496
1654618348.6277392 3.7244644165039062 1.9014167785644531 0.0 0.0 0.0 0.6652063727378845 0.7466595768928528
1654618348.7273622 3.738372802734375 1.9848709106445312 0.0 0.0 0.0 0.6717779636383057 0.7407525777816772
1654618348.8268726 3.75274658203125 2.063018798828125 0.0 0.0 0.0 0.680669367313385 0.7325907349586487
1654618348.9265149 3.7766952514648438 2.1491622924804688 0.0 0.0 0.0 0.6919582486152649 0.7219375371932983
1654618349.026262 3.7945556640625 2.2211227416992188 0.0 0.0 0.0 0.7039583921432495 0.7102412581443787
1654618349.1261678 3.776630401611328 2.2911758422851562 0.0 0.0 0.0 0.717592179775238 0.6964635252952576
1654618349.2261243 3.779754638671875 2.353412628173828 0.0 0.0 0.0 0.7306454181671143 0.6827570796012878
1654618349.3261616 3.7721786499023438 2.412311553955078 0.0 0.0 0.0 0.7448300719261169 0.6672542095184326
1654618349.426363 3.7587203979492188 2.4682998657226562 0.0 0.0 0.0 0.7601235508918762 0.6497786045074463
1654618349.5266542 3.778400421142578 2.507862091064453 0.0 0.0 0.0 0.7756946682929993 0.6311084032058716
1654618349.626929 3.7682266235351562 2.553272247314453 0.0 0.0 0.0 0.7904114723205566 0.6125763058662415
1654618349.7269726 3.7491378784179688 2.578716278076172 0.0 0.0 0.0 0.8057317733764648 0.5922805666923523
1654618349.8267891 3.768787384033203 2.601848602294922 0.0 0.0 0.0 0.8235332369804382 0.5672680139541626
1654618349.926499 3.764312744140625 2.6194381713867188 0.0 0.0 0.0 0.8430725336074829 0.5377998948097229
1654618350.0263276 3.7706527709960938 2.651081085205078 0.0 0.0 0.0 0.864092230796814 0.5033335089683533
1654618350.1262076 3.795490264892578 2.656848907470703 0.0 0.0 0.0 0.8842470049858093 0.46701955795288086
1654618350.2261643 3.8082656860351562 2.65716552734375 0.0 0.0 0.0 0.9075196981430054 0.4200094938278198
1654618350.3261864 3.8146133422851562 2.663654327392578 0.0 0.0 0.0 0.9248825907707214 0.38025274872779846
1654618350.4261813 3.8429183959960938 2.6750564575195312 0.0 0.0 0.0 0.940513014793396 0.3397575914859772
1654618350.5262098 3.872722625732422 2.683513641357422 0.0 0.0 0.0 0.9556792974472046 0.2944096624851227
1654618350.6264625 3.885730743408203 2.694713592529297 0.0 0.0 0.0 0.9679069519042969 0.2513089179992676
1654618350.726809 3.908000946044922 2.702178955078125 0.0 0.0 0.0 0.9768093824386597 0.21411065757274628
1654618350.827199 3.9111251831054688 2.714427947998047 0.0 0.0 0.0 0.9836887121200562 0.17987912893295288
1654618350.927599 3.892414093017578 2.725830078125 0.0 0.0 0.0 0.9884917736053467 0.15127459168434143
1654618351.027893 3.8956832885742188 2.740619659423828 0.0 0.0 0.0 0.9917815327644348 0.12794288992881775
1654618351.1278915 3.867877960205078 2.7595443725585938 0.0 0.0 0.0 0.994245171546936 0.10712882876396179
1654618351.2276654 3.853912353515625 2.7667007446289062 0.0 0.0 0.0 0.9966047406196594 0.0823347419500351
1654618351.3274574 3.8162918090820312 2.7840042114257812 0.0 0.0 0.0 0.9982450604438782 0.05921779200434685
1654618351.4271922 3.777912139892578 2.793079376220703 0.0 0.0 0.0 0.9990777373313904 0.0429375022649765
1654618351.5270598 3.7260360717773438 2.795166015625 0.0 0.0 0.0 0.9997090697288513 0.024120094254612923
1654618351.6271062 3.653778076171875 2.8082809448242188 0.0 0.0 0.0 0.9999076128005981 0.013594998978078365
1654618351.727128 3.5801162719726562 2.8092117309570312 0.0 0.0 0.0 0.9999767541885376 0.006822608411312103
1654618351.8270907 3.4971923828125 2.8150405883789062 0.0 0.0 0.0 0.9999988675117493 0.0015089069493114948
1654618351.9269297 3.402118682861328 2.819103240966797 0.0 0.0 0.0 -0.9999979138374329 0.0020564342848956585
1654618352.0267348 3.3009109497070312 2.813018798828125 0.0 0.0 0.0 -0.9999968409538269 0.0025103820953518152
1654618352.1265554 3.200969696044922 2.821514129638672 0.0 0.0 0.0 -0.9999811053276062 0.006150759290903807
1654618352.2263675 3.1130447387695312 2.8121109008789062 0.0 0.0 0.0 -0.999957799911499 0.009185975417494774
1654618352.3262024 3.0261154174804688 2.8137435913085938 0.0 0.0 0.0 -0.9999082088470459 0.01355089619755745
1654618352.4261 2.93890380859375 2.805866241455078 0.0 0.0 0.0 -0.9998300671577454 0.018435105681419373
1654618352.5261223 2.840709686279297 2.805980682373047 0.0 0.0 0.0 -0.9996454119682312 0.026627687737345695
1654618352.6260984 2.7528915405273438 2.803699493408203 0.0 0.0 0.0 -0.9993751645088196 0.035345658659935
1654618352.72602 2.658679962158203 2.8026351928710938 0.0 0.0 0.0 -0.9989957213401794 0.04480525851249695
1654618352.8259523 2.565288543701172 2.799449920654297 0.0 0.0 0.0 -0.9984846711158752 0.05503014475107193
1654618352.925968 2.4885940551757812 2.7901535034179688 0.0 0.0 0.0 -0.9980088472366333 0.06307413429021835
1654618353.0260298 2.398662567138672 2.7793960571289062 0.0 0.0 0.0 -0.9974112510681152 0.07190866023302078
1654618353.1261714 2.2936782836914062 2.775829315185547 0.0 0.0 0.0 -0.9969269037246704 0.07833750545978546
1654618353.2263625 2.1915206909179688 2.772235870361328 0.0 0.0 0.0 -0.9966090321540833 0.08228294551372528
1654618353.326502 2.091747283935547 2.7592697143554688 0.0 0.0 0.0 -0.9965006113052368 0.0835852175951004
1654618353.4266331 1.9967575073242188 2.74493408203125 0.0 0.0 0.0 -0.9964571595191956 0.0841020718216896
1654618353.5268152 1.9093742370605469 2.722667694091797 0.0 0.0 0.0 -0.9963355660438538 0.08553039282560349
1654618353.6269164 1.8095626831054688 2.7127304077148438 0.0 0.0 0.0 -0.9961782693862915 0.08734331279993057
1654618353.7269583 1.7117538452148438 2.702983856201172 0.0 0.0 0.0 -0.9961383938789368 0.08779717981815338
1654618353.8268876 1.6136054992675781 2.687896728515625 0.0 0.0 0.0 -0.995755136013031 0.09204164892435074
1654618353.926731 1.5211677551269531 2.67095947265625 0.0 0.0 0.0 -0.9953246712684631 0.0965856984257698
1654618354.0265822 1.4527702331542969 2.649200439453125 0.0 0.0 0.0 -0.9949529767036438 0.10034247487783432
1654618354.1265047 1.3685073852539062 2.6358642578125 0.0 0.0 0.0 -0.993739902973175 0.11171820014715195
1654618354.2264047 1.2888259887695312 2.622241973876953 0.0 0.0 0.0 -0.992579996585846 0.12159339338541031
1654618354.3264725 1.2128181457519531 2.6124954223632812 0.0 0.0 0.0 -0.991617739200592 0.12920618057250977
1654618354.426737 1.1291732788085938 2.603351593017578 0.0 0.0 0.0 -0.9904722571372986 0.13771256804466248
1654618354.526979 1.0463790893554688 2.577220916748047 0.0 0.0 0.0 -0.9895539879798889 0.14416290819644928
1654618354.6272013 0.9661369323730469 2.5576858520507812 0.0 0.0 0.0 -0.9889931082725525 0.1479615718126297
1654618354.7273188 0.8976821899414062 2.5398178100585938 0.0 0.0 0.0 -0.9887282848358154 0.14972107112407684
1654618354.8272617 0.8258590698242188 2.523540496826172 0.0 0.0 0.0 -0.9880489706993103 0.15414033830165863
1654618354.927125 0.760040283203125 2.5009384155273438 0.0 0.0 0.0 -0.9873270392417908 0.15869882702827454
1654618355.0271618 0.7138290405273438 2.485973358154297 0.0 0.0 0.0 -0.9871485829353333 0.15980522334575653
1654618355.1270862 0.6750373840332031 2.472118377685547 0.0 0.0 0.0 -0.9868738651275635 0.1614929437637329
1654618355.2268355 0.6321525573730469 2.4591598510742188 0.0 0.0 0.0 -0.9862648248672485 0.16517184674739838
1654618355.326483 0.5869331359863281 2.453266143798828 0.0 0.0 0.0 -0.9852595925331116 0.17106592655181885
1654618355.4261086 0.5499763488769531 2.441692352294922 0.0 0.0 0.0 -0.9839023947715759 0.1787068247795105
1654618355.5257964 0.5091361999511719 2.4427566528320312 0.0 0.0 0.0 -0.9818744659423828 0.18953244388103485
1654618355.6256194 0.46512603759765625 2.436817169189453 0.0 0.0 0.0 -0.9780794978141785 0.2082318365573883
1654618355.72562 0.436126708984375 2.431396484375 0.0 0.0 0.0 -0.9732914566993713 0.22957292199134827
1654618355.825865 0.40472412109375 2.4185714721679688 0.0 0.0 0.0 -0.9657073020935059 0.2596331834793091
1654618355.9260893 0.37877655029296875 2.4171829223632812 0.0 0.0 0.0 -0.9576845169067383 0.28782010078430176
1654618356.0263333 0.35927581787109375 2.417316436767578 0.0 0.0 0.0 -0.9452115297317505 0.3264584541320801
1654618356.126432 0.349151611328125 2.4267044067382812 0.0 0.0 0.0 -0.9312047958374023 0.36449646949768066
1654618356.2264364 0.33223724365234375 2.4354476928710938 0.0 0.0 0.0 -0.9137367606163025 0.4063067138195038
1654618356.326542 0.3344841003417969 2.441509246826172 0.0 0.0 0.0 -0.895544707775116 0.44497156143188477
1654618356.4266715 0.31676483154296875 2.4470291137695312 0.0 0.0 0.0 -0.8762175440788269 0.4819157123565674
1654618356.5268571 0.29979705810546875 2.4422073364257812 0.0 0.0 0.0 -0.8605093359947205 0.509434700012207
1654618356.6268995 0.28728485107421875 2.447254180908203 0.0 0.0 0.0 -0.8441010117530823 0.5361841917037964
1654618356.7268 0.2728996276855469 2.441028594970703 0.0 0.0 0.0 -0.8278006911277771 0.5610223412513733
1654618356.8265758 0.25734710693359375 2.438629150390625 0.0 0.0 0.0 -0.8098106384277344 0.5866913795471191
1654618356.9264116 0.23760223388671875 2.422607421875 0.0 0.0 0.0 -0.7934237122535706 0.6086696982383728
1654618357.0262306 0.22617721557617188 2.394145965576172 0.0 0.0 0.0 -0.7788938879966736 0.6271557211875916
1654618357.1260731 0.20783233642578125 2.3673095703125 0.0 0.0 0.0 -0.7651430368423462 0.6438603401184082
1654618357.226078 0.18796539306640625 2.3344039916992188 0.0 0.0 0.0 -0.7488306760787964 0.6627613306045532
1654618357.3261461 0.183990478515625 2.2904739379882812 0.0 0.0 0.0 -0.7379298210144043 0.6748774647712708
1654618357.4261935 0.15966033935546875 2.2361984252929688 0.0 0.0 0.0 -0.7277895212173462 0.6858005523681641
1654618357.5262485 0.15723419189453125 2.174999237060547 0.0 0.0 0.0 -0.7204099297523499 0.6935485005378723
1654618357.6262803 0.15624237060546875 2.1068191528320312 0.0 0.0 0.0 -0.7136236429214478 0.7005292773246765
1654618357.7263362 0.15349197387695312 2.0348587036132812 0.0 0.0 0.0 -0.7075468301773071 0.7066664695739746
1654618357.8263779 0.14921188354492188 1.9621200561523438 0.0 0.0 0.0 -0.7040831446647644 0.710117518901825
1654618357.9262931 0.13964080810546875 1.8853263854980469 0.0 0.0 0.0 -0.7015392780303955 0.7126308083534241
1654618358.0261972 0.14598464965820312 1.800445556640625 0.0 0.0 0.0 -0.7013657689094543 0.7128015756607056
1654618358.126319 0.1468505859375 1.7317695617675781 0.0 0.0 0.0 -0.7024977207183838 0.7116859555244446
1654618358.226398 0.135986328125 1.6525382995605469 0.0 0.0 0.0 -0.7030404806137085 0.7111498117446899
1654618358.3263996 0.13547897338867188 1.561614990234375 0.0 0.0 0.0 -0.7060712575912476 0.7081407904624939
1654618358.4262755 0.12078094482421875 1.479034423828125 0.0 0.0 0.0 -0.7089425325393677 0.7052662968635559
1654618358.5262103 0.11481475830078125 1.4077529907226562 0.0 0.0 0.0 -0.7093750238418579 0.7048312425613403
1654618358.6260786 0.1170654296875 1.3406906127929688 0.0 0.0 0.0 -0.7043039202690125 0.7098985910415649
1654618358.725801 0.10084152221679688 1.2650871276855469 0.0 0.0 0.0 -0.6966676712036133 0.7173939943313599
1654618358.8253267 0.084869384765625 1.2135848999023438 0.0 0.0 0.0 -0.6816686987876892 0.7316609621047974
1654618358.9249659 0.09696578979492188 1.1420974731445312 0.0 0.0 0.0 -0.6652539968490601 0.7466171383857727
1654618359.0248382 0.080047607421875 1.0947990417480469 0.0 0.0 0.0 -0.6398710012435913 0.7684823274612427
1654618359.1250608 0.06757354736328125 1.0587348937988281 0.0 0.0 0.0 -0.6050592660903931 0.7961804270744324
1654618359.225612 0.069305419921875 1.0364875793457031 0.0 0.0 0.0 -0.5660811066627502 0.824349582195282
1654618359.3261507 0.05493927001953125 1.005401611328125 0.0 0.0 0.0 -0.5273101925849915 0.8496728539466858
1654618359.42679 0.03157806396484375 0.9959182739257812 0.0 0.0 0.0 -0.48019295930862427 0.8771628737449646
1654618359.527331 0.010845184326171875 0.9918937683105469 0.0 0.0 0.0 -0.43593260645866394 0.899979293346405
1654618359.6276603 -0.006160736083984375 0.966888427734375 0.0 0.0 0.0 -0.3924293518066406 0.9197821617126465
1654618359.7278326 -0.013111114501953125 0.9557685852050781 0.0 0.0 0.0 -0.3523189127445221 0.9358800053596497
1654618359.8279781 0.000812530517578125 0.9330520629882812 0.0 0.0 0.0 -0.3180276155471802 0.9480814337730408
1654618359.928019 -0.014129638671875 0.93072509765625 0.0 0.0 0.0 -0.2761513590812683 0.9611141681671143
1654618360.0279744 -0.01885223388671875 0.926361083984375 0.0 0.0 0.0 -0.23695051670074463 0.9715217351913452
1654618360.127975 -0.0188140869140625 0.9025993347167969 0.0 0.0 0.0 -0.19949966669082642 0.9798979163169861
1654618360.2279248 -0.032497406005859375 0.8900566101074219 0.0 0.0 0.0 -0.16249561309814453 0.9867092370986938
1654618360.327833 -0.022617340087890625 0.885711669921875 0.0 0.0 0.0 -0.13555452227592468 0.9907698631286621
1654618360.4276912 -0.010868072509765625 0.8840408325195312 0.0 0.0 0.0 -0.11035536974668503 0.9938921928405762
1654618360.5275888 -0.01255035400390625 0.8880500793457031 0.0 0.0 0.0 -0.08666349947452545 0.9962376356124878
1654618360.6275594 -0.01445770263671875 0.8804397583007812 0.0 0.0 0.0 -0.06583636999130249 0.9978304505348206
1654618360.7274535 -0.00860595703125 0.87591552734375 0.0 0.0 0.0 -0.05008166655898094 0.9987451434135437
1654618360.8272765 0.005889892578125 0.8849411010742188 0.0 0.0 0.0 -0.03894050791859627 0.9992415308952332
1654618360.9271886 -0.01305389404296875 0.8757247924804688 0.0 0.0 0.0 -0.026387164369225502 0.9996517896652222
1654618361.027223 -0.01357269287109375 0.8762702941894531 0.0 0.0 0.0 -0.0184441190212965 0.999829888343811
1654618361.127217 -0.004634857177734375 0.8791885375976562 0.0 0.0 0.0 -0.013664447702467442 0.9999066591262817
1654618361.227116 -0.0146331787109375 0.8678054809570312 0.0 0.0 0.0 -0.009039191529154778 0.9999591708183289
1654618361.3270328 -0.016742706298828125 0.8689460754394531 0.0 0.0 0.0 -0.009281414560973644 0.9999569058418274
1654618361.4269757 -0.0181732177734375 0.8718795776367188 0.0 0.0 0.0 -0.009951340034604073 0.9999504685401917
1654618361.5268438 -0.031524658203125 0.8754768371582031 0.0 0.0 0.0 -0.011667614802718163 0.9999319314956665
1654618361.626605 -0.02768707275390625 0.8738327026367188 0.0 0.0 0.0 -0.014603962190449238 0.9998933672904968
1654618361.726419 -0.02320098876953125 0.8775520324707031 0.0 0.0 0.0 -0.017523018643260002 0.9998464584350586
1654618361.8263311 -0.022586822509765625 0.8766708374023438 0.0 0.0 0.0 -0.018308721482753754 0.9998323917388916
1654618361.9263952 -0.01194000244140625 0.8834915161132812 0.0 0.0 0.0 -0.02004241943359375 0.9997991323471069
1654618362.026501 -0.013835906982421875 0.8801193237304688 0.0 0.0 0.0 -0.01970798522233963 0.9998058080673218
1654618362.1265566 -0.01276397705078125 0.8786811828613281 0.0 0.0 0.0 -0.019439101219177246 0.999811053276062
1654618362.2265637 -0.02231597900390625 0.8761825561523438 0.0 0.0 0.0 -0.018575942143797874 0.9998274445533752
1654618362.3265293 -0.020526885986328125 0.8778800964355469 0.0 0.0 0.0 -0.018423141911625862 0.9998303055763245
1654618362.426542 -0.017536163330078125 0.8799057006835938 0.0 0.0 0.0 -0.01920310966670513 0.9998155832290649
1654618362.5265288 -0.015472412109375 0.8779411315917969 0.0 0.0 0.0 -0.0193041805177927 0.9998136758804321
1654618362.6265275 -0.01677703857421875 0.8779716491699219 0.0 0.0 0.0 -0.01929321512579918 0.9998138546943665
1654618362.7264874 -0.01602935791015625 0.8783149719238281 0.0 0.0 0.0 -0.01927533745765686 0.9998142123222351
1654618362.82638 -0.01374053955078125 0.881256103515625 0.0 0.0 0.0 -0.019570205360651016 0.9998084902763367
