1654618298.5877512 -0.14209747314453125 0.7486038208007812 0.0 0.0 0.0 0.007062883581966162 0.9999750852584839
1654618298.6880045 -0.1186676025390625 0.7743911743164062 0.0 0.0 0.0 0.00615163566544652 0.9999811053276062
1654618298.7882204 -0.119873046875 0.77264404296875 0.0 0.0 0.0 0.0066577778197824955 0.9999778270721436
1654618298.8883514 -0.128387451171875 0.7466506958007812 0.0 0.0 0.0 0.003919041249901056 0.999992311000824
1654618298.9883835 -0.13002777099609375 0.7581062316894531 0.0 0.0 0.0 0.004366661887615919 0.9999904632568359
1654618299.0883381 -0.12770843505859375 0.7643814086914062 0.0 0.0 0.0 0.005270396359264851 0.9999861121177673
1654618299.1882117 -0.12728118896484375 0.7594223022460938 0.0 0.0 0.0 0.004597699269652367 0.9999894499778748
1654618299.288021 -0.10585784912109375 0.7528152465820312 0.0 0.0 0.0 0.006541440263390541 0.9999786019325256
1654618299.3878155 -0.09160232543945312 0.7404975891113281 0.0 0.0 0.0 0.008874922059476376 0.9999606013298035
1654618299.487634 -0.06470870971679688 0.7427787780761719 0.0 0.0 0.0 0.011172897182404995 0.9999375939369202
1654618299.5873795 -0.030498504638671875 0.7495346069335938 0.0 0.0 0.0 0.012874376028776169 0.9999171495437622
1654618299.687088 0.01204681396484375 0.7336921691894531 0.0 0.0 0.0 0.018643340095877647 0.999826192855835
1654618299.7869911 0.049957275390625 0.7374382019042969 0.0 0.0 0.0 0.022309351712465286 0.999751091003418
1654618299.886966 0.09557342529296875 0.7336540222167969 0.0 0.0 0.0 0.025744114071130753 0.999668538570404
1654618299.9869196 0.13072967529296875 0.7381706237792969 0.0 0.0 0.0 0.031039925292134285 0.9995181560516357
1654618300.0869977 0.175018310546875 0.7395095825195312 0.0 0.0 0.0 0.04246145114302635 0.9990981221199036
1654618300.1871521 0.22022628784179688 0.7332992553710938 0.0 0.0 0.0 0.05313967540860176 0.9985870718955994
1654618300.2875602 0.2568244934082031 0.7313766479492188 0.0 0.0 0.0 0.06165867671370506 0.99809730052948
1654618300.3881207 0.28771209716796875 0.7366256713867188 0.0 0.0 0.0 0.06213163211941719 0.9980679750442505
1654618300.488729 0.32305145263671875 0.7434158325195312 0.0 0.0 0.0 0.05584223195910454 0.998439610004425
1654618300.5892174 0.3599853515625 0.7423477172851562 0.0 0.0 0.0 0.0438791923224926 0.9990368485450745
1654618300.689238 0.41562652587890625 0.744476318359375 0.0 0.0 0.0 0.03258080407977104 0.9994691014289856
1654618300.7890131 0.4736213684082031 0.7520523071289062 0.0 0.0 0.0 0.021651579067111015 0.9997655749320984
1654618300.8887875 0.5129470825195312 0.75238037109375 0.0 0.0 0.0 0.015732625499367714 0.9998762607574463
1654618300.9883966 0.5796585083007812 0.7505683898925781 0.0 0.0 0.0 0.006720642559230328 0.9999774098396301
1654618301.0879273 0.6216316223144531 0.7544784545898438 0.0 0.0 0.0 0.0018233037553727627 0.9999983310699463
1654618301.1875014 0.7003860473632812 0.7589950561523438 0.0 0.0 0.0 -0.0046101962216198444 0.99998939037323
1654618301.2871754 0.7502975463867188 0.7551383972167969 0.0 0.0 0.0 -0.009881486184895039 0.999951183795929
1654618301.3868794 0.8039016723632812 0.747100830078125 0.0 0.0 0.0 -0.0101418262347579 0.9999485611915588
1654618301.4866648 0.870819091796875 0.7408561706542969 0.0 0.0 0.0 -0.009940849617123604 0.9999505877494812
1654618301.5865421 0.9284896850585938 0.7351493835449219 0.0 0.0 0.0 -0.008714240044355392 0.9999620318412781
1654618301.6864822 0.9959945678710938 0.7312126159667969 0.0 0.0 0.0 -0.005251534283161163 0.9999862313270569
1654618301.7865553 1.0670852661132812 0.7319107055664062 0.0 0.0 0.0 0.0001378929300699383 1.0
1654618301.8867095 1.1304740905761719 0.7293930053710938 0.0 0.0 0.0 0.007552749011665583 0.9999714493751526
1654618301.9869094 1.1935005187988281 0.7229194641113281 0.0 0.0 0.0 0.013472543098032475 0.9999092221260071
1654618302.087156 1.2722091674804688 0.7217597961425781 0.0 0.0 0.0 0.02059178613126278 0.9997879862785339
1654618302.1874325 1.340484619140625 0.71868896484375 0.0 0.0 0.0 0.026416556909680367 0.9996510148048401
1654618302.287714 1.406158447265625 0.7183341979980469 0.0 0.0 0.0 0.03133915364742279 0.999508798122406
1654618302.38794 1.4872817993164062 0.718170166015625 0.0 0.0 0.0 0.03447020798921585 0.9994057416915894
1654618302.488136 1.569732666015625 0.7244071960449219 0.0 0.0 0.0 0.037805818021297455 0.999285101890564
1654618302.588307 1.6396369934082031 0.7236824035644531 0.0 0.0 0.0 0.03905187547206879 0.9992371797561646
1654618302.6884198 1.7257499694824219 0.7276229858398438 0.0 0.0 0.0 0.03813059628009796 0.9992727637290955
1654618302.7884648 1.8144607543945312 0.7317314147949219 0.0 0.0 0.0 0.03844887763261795 0.9992605447769165
1654618302.888421 1.882537841796875 0.7342948913574219 0.0 0.0 0.0 0.03528066724538803 0.999377429485321
1654618302.9883301 1.9787368774414062 0.7358016967773438 0.0 0.0 0.0 0.034718018025159836 0.9993971586227417
1654618303.0881839 2.05828857421875 0.7372016906738281 0.0 0.0 0.0 0.03484416753053665 0.9993927478790283
1654618303.1879973 2.138019561767578 0.7392501831054688 0.0 0.0 0.0 0.03551837429404259 0.9993690252304077
1654618303.2877996 2.2207870483398438 0.73870849609375 0.0 0.0 0.0 0.03685494884848595 0.9993206262588501
1654618303.3876128 2.300994873046875 0.739105224609375 0.0 0.0 0.0 0.0397336483001709 0.9992102980613708
1654618303.4874246 2.3698806762695312 0.7438468933105469 0.0 0.0 0.0 0.043157774955034256 0.9990682601928711
1654618303.587269 2.451618194580078 0.7470283508300781 0.0 0.0 0.0 0.04747666046023369 0.9988723397254944
1654618303.6871605 2.526439666748047 0.7458877563476562 0.0 0.0 0.0 0.05275769159197807 0.998607337474823
1654618303.7871344 2.595867156982422 0.7496147155761719 0.0 0.0 0.0 0.05999201163649559 0.9981988668441772
1654618303.887179 2.674633026123047 0.7575492858886719 0.0 0.0 0.0 0.06603045016527176 0.9978176355361938
1654618303.9873033 2.746776580810547 0.761077880859375 0.0 0.0 0.0 0.07191556692123413 0.9974107146263123
1654618304.0873926 2.827220916748047 0.7695121765136719 0.0 0.0 0.0 0.07742360979318619 0.9969983100891113
1654618304.1875226 2.8934860229492188 0.7683906555175781 0.0 0.0 0.0 0.08311482518911362 0.9965399503707886
1654618304.287652 2.961719512939453 0.77459716796875 0.0 0.0 0.0 0.08754441887140274 0.996160626411438
1654618304.3876925 3.0235824584960938 0.7836227416992188 0.0 0.0 0.0 0.09236212819814682 0.9957255125045776
1654618304.4876106 3.084705352783203 0.7946853637695312 0.0 0.0 0.0 0.09930001944303513 0.9950575232505798
1654618304.5875103 3.1544189453125 0.7978897094726562 0.0 0.0 0.0 0.10620512813329697 0.9943442344665527
1654618304.6873047 3.211559295654297 0.8033447265625 0.0 0.0 0.0 0.11701281368732452 0.9931303858757019
1654618304.7870293 3.262859344482422 0.8099479675292969 0.0 0.0 0.0 0.13059036433696747 0.9914364218711853
1654618304.8867934 3.3086776733398438 0.813995361328125 0.0 0.0 0.0 0.14832903444766998 0.9889380931854248
1654618304.986594 3.353870391845703 0.8188285827636719 0.0 0.0 0.0 0.16692954301834106 0.985968828201294
1654618305.0864706 3.3944473266601562 0.831268310546875 0.0 0.0 0.0 0.1900397539138794 0.9817764163017273
1654618305.1864243 3.424480438232422 0.8416976928710938 0.0 0.0 0.0 0.21531741321086884 0.9765441417694092
1654618305.286427 3.46484375 0.8531684875488281 0.0 0.0 0.0 0.24014492332935333 0.9707370400428772
1654618305.386498 3.48992919921875 0.8562240600585938 0.0 0.0 0.0 0.2668708264827728 0.9637323021888733
1654618305.486667 3.5110549926757812 0.8682174682617188 0.0 0.0 0.0 0.29443109035491943 0.9556727409362793
1654618305.5867937 3.5448226928710938 0.8768806457519531 0.0 0.0 0.0 0.32308197021484375 0.9463710188865662
1654618305.6868818 3.565898895263672 0.886871337890625 0.0 0.0 0.0 0.35283705592155457 0.9356848001480103
1654618305.7869983 3.5966415405273438 0.8921394348144531 0.0 0.0 0.0 0.3842983543872833 0.9232089519500732
1654618305.8870525 3.61529541015625 0.8928451538085938 0.0 0.0 0.0 0.41731971502304077 0.9087597131729126
1654618305.9871542 3.643596649169922 0.8947372436523438 0.0 0.0 0.0 0.4495104253292084 0.8932750821113586
1654618306.0873203 3.6558151245117188 0.909576416015625 0.0 0.0 0.0 0.480586975812912 0.8769470453262329
1654618306.187526 3.674846649169922 0.9189453125 0.0 0.0 0.0 0.5076940059661865 0.8615374565124512
1654618306.2877338 3.6922607421875 0.9318046569824219 0.0 0.0 0.0 0.5354359745979309 0.844575822353363
1654618306.387938 3.7109756469726562 0.942596435546875 0.0 0.0 0.0 0.5593078136444092 0.8289600610733032
1654618306.4880402 3.7337265014648438 0.9508171081542969 0.0 0.0 0.0 0.5831905603408813 0.8123353719711304
1654618306.5881574 3.746837615966797 0.9735183715820312 0.0 0.0 0.0 0.6045864224433899 0.7965395450592041
1654618306.6882277 3.757568359375 0.9883193969726562 0.0 0.0 0.0 0.624557375907898 0.7809789180755615
1654618306.788371 3.7689895629882812 1.0202102661132812 0.0 0.0 0.0 0.6415199041366577 0.7671064138412476
1654618306.8885424 3.7812423706054688 1.0313911437988281 0.0 0.0 0.0 0.6540802121162415 0.7564252018928528
1654618306.9885967 3.7878952026367188 1.0713386535644531 0.0 0.0 0.0 0.6652378439903259 0.7466315627098083
1654618307.088601 3.8081588745117188 1.1040534973144531 0.0 0.0 0.0 0.6773215532302856 0.7356870770454407
1654618307.1885712 3.827350616455078 1.1538009643554688 0.0 0.0 0.0 0.6840402483940125 0.7294442653656006
1654618307.2885008 3.8242111206054688 1.2082710266113281 0.0 0.0 0.0 0.6893380880355835 0.7244397401809692
1654618307.388427 3.8261947631835938 1.2651786804199219 0.0 0.0 0.0 0.6933121681213379 0.7206373810768127
1654618307.4883766 3.8385009765625 1.3134346008300781 0.0 0.0 0.0 0.6955844163894653 0.7184444069862366
1654618307.5883083 3.8429794311523438 1.382080078125 0.0 0.0 0.0 0.6975497007369995 0.7165364027023315
1654618307.6882246 3.850910186767578 1.4573249816894531 0.0 0.0 0.0 0.6980199813842773 0.7160782814025879
1654618307.7880852 3.850261688232422 1.5221443176269531 0.0 0.0 0.0 0.6921968460083008 0.7217087745666504
1654618307.8879328 3.854583740234375 1.5892410278320312 0.0 0.0 0.0 0.6949070692062378 0.7190995216369629
1654618307.9877615 3.8592300415039062 1.672119140625 0.0 0.0 0.0 0.6954207420349121 0.7186027765274048
1654618308.0875506 3.864940643310547 1.7315139770507812 0.0 0.0 0.0 0.6953081488609314 0.718711793422699
1654618308.1873853 3.867176055908203 1.7929611206054688 0.0 0.0 0.0 0.6966236233711243 0.7174367904663086
1654618308.2871957 3.876750946044922 1.8562431335449219 0.0 0.0 0.0 0.6987671852111816 0.7153491973876953
1654618308.3870516 3.87982177734375 1.9161911010742188 0.0 0.0 0.0 0.7031283378601074 0.7110629677772522
1654618308.4869258 3.8844528198242188 1.9741706848144531 0.0 0.0 0.0 0.7093137502670288 0.7048928737640381
1654618308.5868309 3.896240234375 2.0219497680664062 0.0 0.0 0.0 0.7147842645645142 0.6993449926376343
1654618308.6867151 3.903095245361328 2.08648681640625 0.0 0.0 0.0 0.7247222065925598 0.6890411376953125
1654618308.7866287 3.914703369140625 2.139606475830078 0.0 0.0 0.0 0.7372037172317505 0.6756705641746521
1654618308.8866262 3.9207077026367188 2.1941146850585938 0.0 0.0 0.0 0.7502287030220032 0.6611784100532532
1654618308.9867241 3.923046112060547 2.236724853515625 0.0 0.0 0.0 0.7645382881164551 0.6445783376693726
1654618309.0868459 3.92779541015625 2.2798233032226562 0.0 0.0 0.0 0.7773938775062561 0.6290140748023987
1654618309.186937 3.9298477172851562 2.326374053955078 0.0 0.0 0.0 0.7912982106208801 0.6114304065704346
1654618309.2869937 3.920276641845703 2.3663711547851562 0.0 0.0 0.0 0.8072317838668823 0.5902345776557922
1654618309.387078 3.90325927734375 2.4138107299804688 0.0 0.0 0.0 0.8219961524009705 0.5694930553436279
1654618309.4871964 3.9033279418945312 2.454326629638672 0.0 0.0 0.0 0.8374432921409607 0.5465242266654968
1654618309.587292 3.9157791137695312 2.4846267700195312 0.0 0.0 0.0 0.8514673709869385 0.5244075655937195
1654618309.6873379 3.898334503173828 2.515178680419922 0.0 0.0 0.0 0.8656863570213318 0.500586748123169
1654618309.7873614 3.8949356079101562 2.538654327392578 0.0 0.0 0.0 0.8794216513633728 0.476043701171875
1654618309.8872957 3.892681121826172 2.5762863159179688 0.0 0.0 0.0 0.8879672884941101 0.459906667470932
1654618309.98724 3.8954238891601562 2.589344024658203 0.0 0.0 0.0 0.9028916954994202 0.42986804246902466
1654618310.0872223 3.8627700805664062 2.6244888305664062 0.0 0.0 0.0 0.9194713234901428 0.39315712451934814
1654618310.1872075 3.8570556640625 2.6572189331054688 0.0 0.0 0.0 0.9327051043510437 0.3606400489807129
1654618310.2872317 3.845355987548828 2.66937255859375 0.0 0.0 0.0 0.9427815675735474 0.33341100811958313
1654618310.387289 3.836505889892578 2.6918258666992188 0.0 0.0 0.0 0.9532470107078552 0.30219221115112305
1654618310.4874349 3.82586669921875 2.7184371948242188 0.0 0.0 0.0 0.9614125490188599 0.27511081099510193
1654618310.5876307 3.8032760620117188 2.7431106567382812 0.0 0.0 0.0 0.9683433175086975 0.24962209165096283
1654618310.6878235 3.809417724609375 2.772747039794922 0.0 0.0 0.0 0.9747878313064575 0.2231336534023285
1654618310.7880182 3.7823104858398438 2.7926101684570312 0.0 0.0 0.0 0.9795889258384705 0.20101115107536316
1654618310.8882914 3.740947723388672 2.810993194580078 0.0 0.0 0.0 0.9833269119262695 0.18184658885002136
1654618310.988525 3.712505340576172 2.833972930908203 0.0 0.0 0.0 0.9860832691192627 0.16625212132930756
1654618311.088723 3.664173126220703 2.8528976440429688 0.0 0.0 0.0 0.9883033037185669 0.15250103175640106
1654618311.1888244 3.612743377685547 2.8719711303710938 0.0 0.0 0.0 0.9906845092773438 0.1361769735813141
1654618311.2889109 3.570331573486328 2.893871307373047 0.0 0.0 0.0 0.9924463033676147 0.12267965823411942
1654618311.3889756 3.524280548095703 2.906536102294922 0.0 0.0 0.0 0.9940852522850037 0.10860254615545273
1654618311.4889975 3.4764404296875 2.928680419921875 0.0 0.0 0.0 0.9953386187553406 0.09644165635108948
1654618311.5889878 3.428020477294922 2.939769744873047 0.0 0.0 0.0 0.9965412616729736 0.08309946209192276
1654618311.6889205 3.3741226196289062 2.953845977783203 0.0 0.0 0.0 0.9975364208221436 0.07015012949705124
1654618311.7888606 3.2967147827148438 2.973052978515625 0.0 0.0 0.0 0.9984098076820374 0.056372858583927155
1654618311.888827 3.235240936279297 2.99212646484375 0.0 0.0 0.0 0.9989193677902222 0.04647721350193024
1654618311.9887493 3.1547164916992188 3.0044326782226562 0.0 0.0 0.0 0.9993083477020264 0.037185750901699066
1654618312.0886722 3.095428466796875 3.013458251953125 0.0 0.0 0.0 0.9996172189712524 0.027665497735142708
1654618312.1885424 3.031177520751953 3.0161361694335938 0.0 0.0 0.0 0.9997931122779846 0.02034042589366436
1654618312.288435 2.9300003051757812 3.026355743408203 0.0 0.0 0.0 0.9999415874481201 0.010808928869664669
1654618312.3883107 2.888683319091797 3.039226531982422 0.0 0.0 0.0 0.999982476234436 0.005922716110944748
1654618312.4881227 2.7958602905273438 3.042877197265625 0.0 0.0 0.0 -0.9999987483024597 0.0015713725006207824
1654618312.5879736 2.7140884399414062 3.0527267456054688 0.0 0.0 0.0 -0.9999805688858032 0.006229197606444359
1654618312.687854 2.658588409423828 3.057861328125 0.0 0.0 0.0 -0.9999018311500549 0.014010523445904255
1654618312.7877421 2.5659103393554688 3.060901641845703 0.0 0.0 0.0 -0.9997957348823547 0.020211469382047653
1654618312.8876398 2.4881057739257812 3.0584182739257812 0.0 0.0 0.0 -0.9995959997177124 0.02842194028198719
1654618312.9875512 2.420989990234375 3.0557861328125 0.0 0.0 0.0 -0.9994121789932251 0.03428236022591591
1654618313.0875392 2.3350753784179688 3.0521621704101562 0.0 0.0 0.0 -0.9991464018821716 0.041309237480163574
1654618313.1876218 2.2539901733398438 3.052490234375 0.0 0.0 0.0 -0.9989274144172668 0.04630371183156967
1654618313.2878444 2.192401885986328 3.0485458374023438 0.0 0.0 0.0 -0.9988545179367065 0.04785064235329628
1654618313.3881266 2.0929336547851562 3.0541152954101562 0.0 0.0 0.0 -0.9988811016082764 0.04729194566607475
1654618313.4884455 2.0131454467773438 3.040424346923828 0.0 0.0 0.0 -0.9990320205688477 0.043988291174173355
1654618313.588765 1.926727294921875 3.033649444580078 0.0 0.0 0.0 -0.9992351531982422 0.03910338506102562
1654618313.6889703 1.8399467468261719 3.0246963500976562 0.0 0.0 0.0 -0.9994844794273376 0.03210572525858879
1654618313.7890213 1.7545547485351562 3.018878936767578 0.0 0.0 0.0 -0.9996254444122314 0.027367230504751205
1654618313.8889363 1.653167724609375 3.015899658203125 0.0 0.0 0.0 -0.9997686147689819 0.021509971469640732
1654618313.988699 1.5780868530273438 3.0183029174804688 0.0 0.0 0.0 -0.9998490214347839 0.01737765036523342
1654618314.0884116 1.4804000854492188 3.018096923828125 0.0 0.0 0.0 -0.9999169111251831 0.012888627126812935
1654618314.188072 1.3966560363769531 3.0167617797851562 0.0 0.0 0.0 -0.9999644756317139 0.00842890702188015
1654618314.287704 1.3111991882324219 3.0198287963867188 0.0 0.0 0.0 -0.9999730587005615 0.007338533643633127
1654618314.3873706 1.2322463989257812 3.01861572265625 0.0 0.0 0.0 -0.9999666213989258 0.008169873617589474
1654618314.4870903 1.1516647338867188 3.023448944091797 0.0 0.0 0.0 -0.9999637603759766 0.008513900451362133
1654618314.5869048 1.079986572265625 3.020854949951172 0.0 0.0 0.0 -0.999946117401123 0.010379203595221043
1654618314.6868103 0.9982795715332031 3.020282745361328 0.0 0.0 0.0 -0.9999056458473206 0.013736606575548649
1654618314.786858 0.9134101867675781 3.021472930908203 0.0 0.0 0.0 -0.9998465180397034 0.01751936785876751
1654618314.8868845 0.8289108276367188 3.028797149658203 0.0 0.0 0.0 -0.9998071193695068 0.019640926271677017
1654618314.9869413 0.7626571655273438 3.0318603515625 0.0 0.0 0.0 -0.999691367149353 0.024841807782649994
1654618315.0870414 0.6832809448242188 3.0349044799804688 0.0 0.0 0.0 -0.9995848536491394 0.028811834752559662
1654618315.1870906 0.6225814819335938 3.0324935913085938 0.0 0.0 0.0 -0.9993472695350647 0.036124907433986664
1654618315.2871268 0.5606803894042969 3.0354843139648438 0.0 0.0 0.0 -0.998987078666687 0.04499794542789459
1654618315.3871396 0.5042953491210938 3.037372589111328 0.0 0.0 0.0 -0.9984480738639832 0.05569026619195938
1654618315.4871185 0.4617919921875 3.0421218872070312 0.0 0.0 0.0 -0.9976382255554199 0.06868739426136017
1654618315.5870383 0.4075431823730469 3.0422439575195312 0.0 0.0 0.0 -0.9963440895080566 0.08543109893798828
1654618315.687062 0.34947967529296875 3.044464111328125 0.0 0.0 0.0 -0.9943768978118896 0.10589895397424698
1654618315.7870018 0.2900886535644531 3.0368270874023438 0.0 0.0 0.0 -0.9920105338096619 0.12615492939949036
1654618315.8870003 0.23897552490234375 3.047016143798828 0.0 0.0 0.0 -0.9882556200027466 0.15280994772911072
1654618315.987064 0.21356201171875 3.039764404296875 0.0 0.0 0.0 -0.9843087792396545 0.17645449936389923
1654618316.0871062 0.17344284057617188 3.0412063598632812 0.0 0.0 0.0 -0.9791978001594543 0.20290791988372803
1654618316.187202 0.13884735107421875 3.0298995971679688 0.0 0.0 0.0 -0.9726986885070801 0.23207169771194458
1654618316.2872617 0.11240768432617188 3.038013458251953 0.0 0.0 0.0 -0.9648723602294922 0.26271918416023254
1654618316.3874116 0.08137130737304688 3.027313232421875 0.0 0.0 0.0 -0.9550552368164062 0.2964278757572174
1654618316.4875162 0.058055877685546875 3.02593994140625 0.0 0.0 0.0 -0.9440458416938782 0.32981428503990173
1654618316.587662 0.043964385986328125 3.027416229248047 0.0 0.0 0.0 -0.9316100478172302 0.3634593188762665
1654618316.687739 0.01556396484375 3.0362014770507812 0.0 0.0 0.0 -0.9181219339370728 0.39629796147346497
1654618316.7877872 0.00616455078125 3.0280685424804688 0.0 0.0 0.0 -0.9030144810676575 0.42961013317108154
1654618316.8879457 -0.00963592529296875 3.0292282104492188 0.0 0.0 0.0 -0.8859972953796387 0.46369045972824097
1654618316.988136 -0.04685211181640625 3.0336685180664062 0.0 0.0 0.0 -0.869638204574585 0.4936895966529846
1654618317.088226 -0.0745086669921875 3.0530929565429688 0.0 0.0 0.0 -0.851187527179718 0.524861752986908
1654618317.1882863 -0.08728790283203125 3.046924591064453 0.0 0.0 0.0 -0.8351305723190308 0.550051748752594
1654618317.2883441 -0.06933975219726562 3.0298080444335938 0.0 0.0 0.0 -0.8222714066505432 0.5690955519676208
1654618317.388324 -0.088165283203125 3.024066925048828 0.0 0.0 0.0 -0.8061949014663696 0.5916500091552734
1654618317.4883351 -0.09607315063476562 3.020061492919922 0.0 0.0 0.0 -0.7927420735359192 0.6095572710037231
1654618317.5883453 -0.10324859619140625 3.001445770263672 0.0 0.0 0.0 -0.7794118523597717 0.6265118718147278
1654618317.6883543 -0.11948394775390625 2.980712890625 0.0 0.0 0.0 -0.7670896649360657 0.6415398716926575
1654618317.788344 -0.12647247314453125 2.9539718627929688 0.0 0.0 0.0 -0.7551696300506592 0.6555294394493103
1654618317.8883767 -0.1291961669921875 2.922260284423828 0.0 0.0 0.0 -0.7462419271469116 0.6656748056411743
1654618317.9884286 -0.1375579833984375 2.879840850830078 0.0 0.0 0.0 -0.7383861541748047 0.6743781566619873
1654618318.0884118 -0.1478271484375 2.848773956298828 0.0 0.0 0.0 -0.7319307327270508 0.6813790798187256
1654618318.1883428 -0.14863204956054688 2.80474853515625 0.0 0.0 0.0 -0.7262781262397766 0.6874009966850281
1654618318.288261 -0.15205764770507812 2.743804931640625 0.0 0.0 0.0 -0.7205294966697693 0.6934242844581604
1654618318.3881981 -0.187225341796875 2.684051513671875 0.0 0.0 0.0 -0.7121931314468384 0.7019835710525513
1654618318.4881444 -0.2039642333984375 2.63397216796875 0.0 0.0 0.0 -0.7046453952789307 0.7095596790313721
1654618318.5881188 -0.18994522094726562 2.564899444580078 0.0 0.0 0.0 -0.69969242811203 0.7144442200660706
1654618318.688211 -0.18917083740234375 2.507518768310547 0.0 0.0 0.0 -0.6956799030303955 0.7183519005775452
1654618318.7883763 -0.18856430053710938 2.4357528686523438 0.0 0.0 0.0 -0.6911894679069519 0.7226735949516296
1654618318.8885431 -0.20200729370117188 2.3636856079101562 0.0 0.0 0.0 -0.6914559602737427 0.7224186062812805
1654618318.9886465 -0.19783782958984375 2.2829971313476562 0.0 0.0 0.0 -0.6923688054084778 0.7215437889099121
1654618319.088656 -0.19492340087890625 2.193492889404297 0.0 0.0 0.0 -0.6936386823654175 0.7203230857849121
1654618319.1885653 -0.20065689086914062 2.1202163696289062 0.0 0.0 0.0 -0.6941373944282532 0.7198424935340881
1654618319.2884047 -0.20522308349609375 2.0300216674804688 0.0 0.0 0.0 -0.6943723559379578 0.7196159362792969
1654618319.388202 -0.20050048828125 1.9686698913574219 0.0 0.0 0.0 -0.695155143737793 0.7188597321510315
1654618319.4879808 -0.20109176635742188 1.9027786254882812 0.0 0.0 0.0 -0.6943879723548889 0.7196008563041687
1654618319.5878055 -0.19696044921875 1.8365707397460938 0.0 0.0 0.0 -0.6928896903991699 0.721043586730957
1654618319.6876552 -0.19855117797851562 1.762298583984375 0.0 0.0 0.0 -0.692437469959259 0.7214779257774353
1654618319.7875578 -0.197967529296875 1.6922492980957031 0.0 0.0 0.0 -0.6902872920036316 0.7235353589057922
1654618319.8875117 -0.2081451416015625 1.6188545227050781 0.0 0.0 0.0 -0.687428891658783 0.7262516617774963
1654618319.987546 -0.20623397827148438 1.5509147644042969 0.0 0.0 0.0 -0.6840766668319702 0.7294101119041443
1654618320.087624 -0.20713043212890625 1.4855575561523438 0.0 0.0 0.0 -0.680807888507843 0.7324619889259338
1654618320.1877255 -0.20749282836914062 1.4181594848632812 0.0 0.0 0.0 -0.6766831874847412 0.7362743020057678
1654618320.287767 -0.20752334594726562 1.3586502075195312 0.0 0.0 0.0 -0.6729694604873657 0.7396702170372009
1654618320.3877451 -0.21133804321289062 1.3021659851074219 0.0 0.0 0.0 -0.6665538549423218 0.745456874370575
1654618320.4876733 -0.20733642578125 1.24102783203125 0.0 0.0 0.0 -0.6600819826126099 0.7511935830116272
1654618320.5875847 -0.20575714111328125 1.20196533203125 0.0 0.0 0.0 -0.6504746675491333 0.7595279812812805
1654618320.6874995 -0.20241165161132812 1.1743698120117188 0.0 0.0 0.0 -0.6394405364990234 0.7688405513763428
1654618320.7874024 -0.20782852172851562 1.1380500793457031 0.0 0.0 0.0 -0.6273437142372131 0.7787424921989441
1654618320.8873513 -0.20343399047851562 1.1025314331054688 0.0 0.0 0.0 -0.6138182282447815 0.7894473671913147
1654618320.9873345 -0.2017669677734375 1.0688362121582031 0.0 0.0 0.0 -0.5989201664924622 0.8008087277412415
1654618321.0873628 -0.20355606079101562 1.0381278991699219 0.0 0.0 0.0 -0.5827988386154175 0.8126164674758911
1654618321.1874726 -0.20096588134765625 1.006256103515625 0.0 0.0 0.0 -0.5646803379058838 0.825309693813324
1654618321.2875807 -0.19505691528320312 0.98089599609375 0.0 0.0 0.0 -0.5473002791404724 0.8369362950325012
1654618321.387714 -0.18856048583984375 0.9527359008789062 0.0 0.0 0.0 -0.5306591987609863 0.8475853204727173
1654618321.4878206 -0.18453216552734375 0.9207649230957031 0.0 0.0 0.0 -0.5133168697357178 0.8581991195678711
1654618321.5879 -0.17634201049804688 0.8945121765136719 0.0 0.0 0.0 -0.4959106147289276 0.8683735728263855
1654618321.6878846 -0.17071151733398438 0.8660392761230469 0.0 0.0 0.0 -0.47617867588996887 0.8793485760688782
1654618321.7878695 -0.16196441650390625 0.8416671752929688 0.0 0.0 0.0 -0.4553528130054474 0.890311062335968
1654618321.8878393 -0.15914154052734375 0.822479248046875 0.0 0.0 0.0 -0.43305084109306335 0.9013695120811462
1654618321.987832 -0.15721893310546875 0.8074111938476562 0.0 0.0 0.0 -0.40994712710380554 0.9121093153953552
1654618322.0878313 -0.1439208984375 0.7877082824707031 0.0 0.0 0.0 -0.38828492164611816 0.9215393662452698
1654618322.1877635 -0.14211273193359375 0.7792129516601562 0.0 0.0 0.0 -0.36255910992622375 0.9319607615470886
1654618322.2876287 -0.14118194580078125 0.7607345581054688 0.0 0.0 0.0 -0.33332350850105286 0.9428125023841858
1654618322.387508 -0.14019012451171875 0.7387313842773438 0.0 0.0 0.0 -0.3003338575363159 0.9538341164588928
1654618322.487521 -0.14168930053710938 0.7156257629394531 0.0 0.0 0.0 -0.26575762033462524 0.9640398621559143
1654618322.587643 -0.13326644897460938 0.7070121765136719 0.0 0.0 0.0 -0.23479972779750824 0.9720437526702881
1654618322.6879208 -0.12860107421875 0.7067337036132812 0.0 0.0 0.0 -0.205876886844635 0.9785779118537903
1654618322.7882378 -0.14571762084960938 0.69488525390625 0.0 0.0 0.0 -0.17829225957393646 0.9839775562286377
1654618322.8884912 -0.15384674072265625 0.6773910522460938 0.0 0.0 0.0 -0.1542520672082901 0.9880315065383911
1654618322.988551 -0.1522216796875 0.6650276184082031 0.0 0.0 0.0 -0.1339428573846817 0.9909890294075012
1654618323.0884726 -0.13645553588867188 0.6466598510742188 0.0 0.0 0.0 -0.10933186858892441 0.9940053224563599
1654618323.1883833 -0.13629531860351562 0.63848876953125 0.0 0.0 0.0 -0.08445125073194504 0.996427595615387
1654618323.2883081 -0.1226806640625 0.6275520324707031 0.0 0.0 0.0 -0.05927177518606186 0.9982419013977051
1654618323.3882225 -0.10466384887695312 0.6203384399414062 0.0 0.0 0.0 -0.03767924755811691 0.999289870262146
1654618323.4882007 -0.08328628540039062 0.6118049621582031 0.0 0.0 0.0 -0.018788812682032585 0.9998234510421753
1654618323.5882149 -0.055133819580078125 0.6030082702636719 0.0 0.0 0.0 -0.002442985540255904 0.9999970197677612
1654618323.688323 -0.0138092041015625 0.6185073852539062 0.0 0.0 0.0 0.01200125552713871 0.9999279975891113
1654618323.7884266 0.02613067626953125 0.6156692504882812 0.0 0.0 0.0 0.024603398516774178 0.9996972680091858
1654618323.88864 0.07783126831054688 0.60931396484375 0.0 0.0 0.0 0.031979478895664215 0.9994885325431824
1654618323.9887488 0.12086105346679688 0.6116104125976562 0.0 0.0 0.0 0.03491713106632233 0.999390184879303
1654618324.0888095 0.17774200439453125 0.6042289733886719 0.0 0.0 0.0 0.040109384804964066 0.9991952776908875
1654618324.1888216 0.251800537109375 0.6149482727050781 0.0 0.0 0.0 0.036951933056116104 0.9993170499801636
1654618324.2886784 0.328033447265625 0.61505126953125 0.0 0.0 0.0 0.03514669090509415 0.9993821382522583
1654618324.388507 0.40212249755859375 0.6142463684082031 0.0 0.0 0.0 0.03445086255669594 0.9994063973426819
1654618324.4883027 0.48598480224609375 0.6198654174804688 0.0 0.0 0.0 0.031544558703899384 0.9995023608207703
1654618324.5880814 0.5686149597167969 0.6165542602539062 0.0 0.0 0.0 0.031147435307502747 0.9995148181915283
1654618324.6878545 0.648681640625 0.6222419738769531 0.0 0.0 0.0 0.031750019639730453 0.9994958639144897
1654618324.7876742 0.7273979187011719 0.6232795715332031 0.0 0.0 0.0 0.031158048659563065 0.9995144605636597
1654618324.8875265 0.8133125305175781 0.621673583984375 0.0 0.0 0.0 0.03331931307911873 0.9994447827339172
1654618324.9874704 0.8873519897460938 0.625274658203125 0.0 0.0 0.0 0.037247613072395325 0.9993060827255249
1654618325.0873992 0.9664688110351562 0.62164306640625 0.0 0.0 0.0 0.0395486056804657 0.9992176294326782
1654618325.187394 1.0487060546875 0.6311721801757812 0.0 0.0 0.0 0.04237179085612297 0.9991019368171692
1654618325.287459 1.1299514770507812 0.6377143859863281 0.0 0.0 0.0 0.046733975410461426 0.9989073872566223
1654618325.3875592 1.2034072875976562 0.6377677917480469 0.0 0.0 0.0 0.050826385617256165 0.9987075328826904
1654618325.4876688 1.286468505859375 0.6329765319824219 0.0 0.0 0.0 0.055319540202617645 0.9984686970710754
1654618325.587824 1.3775253295898438 0.6445503234863281 0.0 0.0 0.0 0.05590055137872696 0.9984363317489624
1654618325.6879869 1.4631767272949219 0.6552505493164062 0.0 0.0 0.0 0.056571438908576965 0.9983985424041748
1654618325.7881103 1.5461196899414062 0.6622238159179688 0.0 0.0 0.0 0.057005103677511215 0.9983738660812378
1654618325.8882003 1.6273880004882812 0.6660652160644531 0.0 0.0 0.0 0.05651184171438217 0.998401939868927
1654618325.9882185 1.7122917175292969 0.6716232299804688 0.0 0.0 0.0 0.05427519232034683 0.9985260367393494
1654618326.088222 1.8040771484375 0.6821098327636719 0.0 0.0 0.0 0.05275042727589607 0.9986077547073364
1654618326.188158 1.8937568664550781 0.6856498718261719 0.0 0.0 0.0 0.05206646770238876 0.9986436367034912
1654618326.28806 1.9850540161132812 0.698638916015625 0.0 0.0 0.0 0.05022069066762924 0.998738169670105
1654618326.3879383 2.0708541870117188 0.705718994140625 0.0 0.0 0.0 0.04928573966026306 0.9987847208976746
1654618326.4878135 2.160259246826172 0.7035903930664062 0.0 0.0 0.0 0.04922770708799362 0.9987875819206238
1654618326.587678 2.262042999267578 0.7080497741699219 0.0 0.0 0.0 0.0462033711373806 0.9989320635795593
1654618326.6875374 2.337352752685547 0.7040596008300781 0.0 0.0 0.0 0.04883383959531784 0.998806893825531
1654618326.7873776 2.422382354736328 0.7132034301757812 0.0 0.0 0.0 0.051089197397232056 0.998694121837616
1654618326.8873127 2.505603790283203 0.7174568176269531 0.0 0.0 0.0 0.05372548848390579 0.9985557198524475
1654618326.987281 2.6055526733398438 0.7228775024414062 0.0 0.0 0.0 0.05525137484073639 0.9984724521636963
1654618327.0873387 2.6905441284179688 0.7184219360351562 0.0 0.0 0.0 0.06070592999458313 0.9981557130813599
1654618327.1873662 2.7771682739257812 0.7364692687988281 0.0 0.0 0.0 0.06460646539926529 0.9979107975959778
1654618327.2873836 2.8363113403320312 0.7376823425292969 0.0 0.0 0.0 0.06932984292507172 0.9975938200950623
1654618327.387378 2.914775848388672 0.74688720703125 0.0 0.0 0.0 0.07253844290971756 0.9973655939102173
1654618327.4873414 2.981201171875 0.7460250854492188 0.0 0.0 0.0 0.0803922563791275 0.996763288974762
1654618327.587325 3.0626907348632812 0.7620353698730469 0.0 0.0 0.0 0.08802413195371628 0.9961183667182922
1654618327.6873293 3.139892578125 0.770233154296875 0.0 0.0 0.0 0.0979963019490242 0.9951868057250977
1654618327.7872646 3.207744598388672 0.777740478515625 0.0 0.0 0.0 0.10884027183055878 0.9940592646598816
1654618327.887156 3.27984619140625 0.7878036499023438 0.0 0.0 0.0 0.127572700381279 0.9918292164802551
1654618327.9870546 3.3230514526367188 0.778228759765625 0.0 0.0 0.0 0.14248982071876526 0.9897962808609009
1654618328.086936 3.388141632080078 0.7943611145019531 0.0 0.0 0.0 0.1734801083803177 0.9848373532295227
1654618328.1868885 3.4358291625976562 0.7918930053710938 0.0 0.0 0.0 0.19204755127429962 0.9813856482505798
1654618328.2869852 3.473773956298828 0.7927131652832031 0.0 0.0 0.0 0.22671954333782196 0.9739601016044617
1654618328.3870864 3.5147171020507812 0.8101081848144531 0.0 0.0 0.0 0.25547096133232117 0.9668167233467102
1654618328.4872487 3.5327224731445312 0.8157272338867188 0.0 0.0 0.0 0.2821671962738037 0.9593652486801147
1654618328.5873876 3.553760528564453 0.8325576782226562 0.0 0.0 0.0 0.31515464186668396 0.9490403532981873
1654618328.6876156 3.594074249267578 0.8396186828613281 0.0 0.0 0.0 0.34706294536590576 0.9378418326377869
1654618328.7879033 3.61676025390625 0.8533821105957031 0.0 0.0 0.0 0.3733331263065338 0.9276973605155945
1654618328.8881748 3.6467361450195312 0.8647880554199219 0.0 0.0 0.0 0.4025273323059082 0.9154079556465149
1654618328.9884262 3.6798782348632812 0.8816604614257812 0.0 0.0 0.0 0.426347941160202 0.9045592546463013
1654618329.0886407 3.694011688232422 0.88629150390625 0.0 0.0 0.0 0.4492025673389435 0.8934299349784851
1654618329.1887677 3.721954345703125 0.9095230102539062 0.0 0.0 0.0 0.4698472321033478 0.8827477693557739
1654618329.2887352 3.754669189453125 0.9384384155273438 0.0 0.0 0.0 0.4855204224586487 0.8742253184318542
1654618329.3885558 3.789520263671875 0.966461181640625 0.0 0.0 0.0 0.5027731657028198 0.8644183874130249
1654618329.488288 3.826313018798828 1.003143310546875 0.0 0.0 0.0 0.522888720035553 0.8524009585380554
1654618329.5880485 3.845325469970703 1.0527267456054688 0.0 0.0 0.0 0.5354301333427429 0.8445795178413391
1654618329.6877677 3.8805160522460938 1.097259521484375 0.0 0.0 0.0 0.5519591569900513 0.8338711261749268
1654618329.7874706 3.901721954345703 1.1543960571289062 0.0 0.0 0.0 0.5670654773712158 0.8236727118492126
1654618329.887247 3.926288604736328 1.2051200866699219 0.0 0.0 0.0 0.5808265805244446 0.8140273094177246
1654618329.9870872 3.960559844970703 1.2655868530273438 0.0 0.0 0.0 0.5964334011077881 0.8026625514030457
1654618330.086905 3.989055633544922 1.326019287109375 0.0 0.0 0.0 0.6147574782371521 0.788716197013855
1654618330.1867993 4.005577087402344 1.3798141479492188 0.0 0.0 0.0 0.6320061087608337 0.77496337890625
1654618330.2867596 4.029472351074219 1.4465751647949219 0.0 0.0 0.0 0.6500688791275024 0.7598752975463867
1654618330.3868868 4.046356201171875 1.5055046081542969 0.0 0.0 0.0 0.6677843928337097 0.744354784488678
1654618330.4870906 4.058673858642578 1.5806808471679688 0.0 0.0 0.0 0.6847028732299805 0.7288223505020142
1654618330.5873566 4.067920684814453 1.6263809204101562 0.0 0.0 0.0 0.6991242170333862 0.7150002121925354
1654618330.6876397 4.088489532470703 1.6966629028320312 0.0 0.0 0.0 0.7120901942253113 0.7020879983901978
1654618330.7879596 4.088478088378906 1.774139404296875 0.0 0.0 0.0 0.7239676117897034 0.68983393907547
1654618330.888237 4.097362518310547 1.8646469116210938 0.0 0.0 0.0 0.733889639377594 0.6792687177658081
1654618330.988434 4.103271484375 1.947723388671875 0.0 0.0 0.0 0.7416660785675049 0.6707692742347717
1654618331.0885413 4.101978302001953 2.0311355590820312 0.0 0.0 0.0 0.7486120462417603 0.6630083322525024
1654618331.1885107 4.097057342529297 2.1189804077148438 0.0 0.0 0.0 0.7546289563179016 0.6561517715454102
1654618331.288337 4.093791961669922 2.203765869140625 0.0 0.0 0.0 0.760830283164978 0.6489509344100952
1654618331.3880029 4.08642578125 2.2739028930664062 0.0 0.0 0.0 0.7670056819915771 0.641640305519104
1654618331.4875581 4.100360870361328 2.350727081298828 0.0 0.0 0.0 0.7760632634162903 0.63065505027771
1654618331.5870392 4.090965270996094 2.421722412109375 0.0 0.0 0.0 0.785856306552887 0.6184091567993164
1654618331.6865683 4.070625305175781 2.486133575439453 0.0 0.0 0.0 0.7986215353012085 0.6018335223197937
1654618331.7862356 4.073905944824219 2.5434951782226562 0.0 0.0 0.0 0.8130910396575928 0.5821365714073181
1654618331.8860278 4.0869140625 2.590747833251953 0.0 0.0 0.0 0.8274385929107666 0.5615562200546265
1654618331.9859219 4.08154296875 2.6300430297851562 0.0 0.0 0.0 0.8431650400161743 0.5376548171043396
1654618332.0860121 4.080696105957031 2.666187286376953 0.0 0.0 0.0 0.8580069541931152 0.5136380791664124
1654618332.186216 4.069446563720703 2.7020187377929688 0.0 0.0 0.0 0.873216986656189 0.48733165860176086
1654618332.2864082 4.062530517578125 2.7060928344726562 0.0 0.0 0.0 0.8858751058578491 0.46392375230789185
1654618332.386571 4.056114196777344 2.718311309814453 0.0 0.0 0.0 0.9013316631317139 0.43312951922416687
1654618332.4867496 4.063945770263672 2.727252960205078 0.0 0.0 0.0 0.9179591536521912 0.39667487144470215
1654618332.586919 4.055805206298828 2.7297134399414062 0.0 0.0 0.0 0.9330201745033264 0.359824001789093
1654618332.687093 4.056251525878906 2.755950927734375 0.0 0.0 0.0 0.9446952939033508 0.32794931530952454
1654618332.787348 4.071380615234375 2.751781463623047 0.0 0.0 0.0 0.957585334777832 0.28814977407455444
1654618332.8876643 4.09710693359375 2.7552490234375 0.0 0.0 0.0 0.967876672744751 0.25142544507980347
1654618332.9879673 4.10089111328125 2.762065887451172 0.0 0.0 0.0 0.977436900138855 0.21122749149799347
1654618333.0882812 4.117809295654297 2.77020263671875 0.0 0.0 0.0 0.9839454889297485 0.17846918106079102
1654618333.1884978 4.130718231201172 2.7782363891601562 0.0 0.0 0.0 0.9886524081230164 0.15022103488445282
1654618333.2886426 4.150043487548828 2.788604736328125 0.0 0.0 0.0 0.9921706914901733 0.12488912791013718
1654618333.3887284 4.178077697753906 2.8019027709960938 0.0 0.0 0.0 0.9948351383209229 0.10150416940450668
1654618333.4887848 4.159324645996094 2.808124542236328 0.0 0.0 0.0 0.996380090713501 0.08500992506742477
1654618333.588728 4.140693664550781 2.8149185180664062 0.0 0.0 0.0 0.9973651170730591 0.07254547625780106
1654618333.6884487 4.132709503173828 2.815826416015625 0.0 0.0 0.0 0.9981254935264587 0.06120021641254425
1654618333.7881238 4.111724853515625 2.8247451782226562 0.0 0.0 0.0 0.9989176988601685 0.04651246219873428
1654618333.8878312 4.052440643310547 2.8393478393554688 0.0 0.0 0.0 0.9994999766349792 0.031620074063539505
1654618333.9876297 3.999248504638672 2.848278045654297 0.0 0.0 0.0 0.9997805953025818 0.02094540372490883
1654618334.0874898 3.9454421997070312 2.856456756591797 0.0 0.0 0.0 0.9999181032180786 0.012798631563782692
1654618334.187555 3.8949813842773438 2.868297576904297 0.0 0.0 0.0 0.9999557733535767 0.009407933801412582
1654618334.2877126 3.810199737548828 2.872150421142578 0.0 0.0 0.0 0.9999504089355469 0.009957939386367798
1654618334.3878493 3.7252731323242188 2.876293182373047 0.0 0.0 0.0 0.9998911619186401 0.014755265787243843
1654618334.487861 3.621612548828125 2.8829574584960938 0.0 0.0 0.0 0.9997876286506653 0.020608829334378242
1654618334.5878453 3.539043426513672 2.8796310424804688 0.0 0.0 0.0 0.9996468424797058 0.026575135067105293
1654618334.6876626 3.4485244750976562 2.8875503540039062 0.0 0.0 0.0 0.9994950294494629 0.03177580237388611
1654618334.7874541 3.349712371826172 2.8952560424804688 0.0 0.0 0.0 0.999405562877655 0.03447524458169937
1654618334.8871636 3.253021240234375 2.905487060546875 0.0 0.0 0.0 0.9994245767593384 0.03391933813691139
1654618334.9868662 3.175647735595703 2.914398193359375 0.0 0.0 0.0 0.999454915523529 0.033014096319675446
1654618335.0865753 3.0692214965820312 2.9257583618164062 0.0 0.0 0.0 0.999579906463623 0.02898390032351017
1654618335.1863687 2.973602294921875 2.934642791748047 0.0 0.0 0.0 0.999740481376648 0.0227820985019207
1654618335.286287 2.9007034301757812 2.9432296752929688 0.0 0.0 0.0 0.9998874664306641 0.015002121217548847
1654618335.3863652 2.792163848876953 2.955158233642578 0.0 0.0 0.0 0.999976396560669 0.006867549382150173
1654618335.486557 2.7275466918945312 2.959789276123047 0.0 0.0 0.0 -0.9999999403953552 0.0003082315088249743
1654618335.5868237 2.642242431640625 2.969104766845703 0.0 0.0 0.0 -0.9999746084213257 0.0071251546032726765
1654618335.687155 2.5400161743164062 2.972187042236328 0.0 0.0 0.0 -0.9998933672904968 0.014601621776819229
1654618335.7874794 2.4369430541992188 2.9760208129882812 0.0 0.0 0.0 -0.9998029470443726 0.019849741831421852
1654618335.8877676 2.3637619018554688 2.979278564453125 0.0 0.0 0.0 -0.9997609853744507 0.021862031891942024
1654618335.9879367 2.2651138305664062 2.977550506591797 0.0 0.0 0.0 -0.9997024536132812 0.024392765015363693
1654618336.088011 2.1619491577148438 2.9743576049804688 0.0 0.0 0.0 -0.99965500831604 0.026266014203429222
1654618336.1879911 2.0635604858398438 2.972015380859375 0.0 0.0 0.0 -0.999650239944458 0.02644607611000538
1654618336.287889 1.9785232543945312 2.9706954956054688 0.0 0.0 0.0 -0.9996566772460938 0.026201900094747543
1654618336.3877466 1.8781852722167969 2.9733810424804688 0.0 0.0 0.0 -0.9996353387832642 0.027003537863492966
1654618336.487568 1.7822456359863281 2.9686355590820312 0.0 0.0 0.0 -0.9995973110198975 0.028376063331961632
1654618336.587393 1.6943855285644531 2.972808837890625 0.0 0.0 0.0 -0.9995182752609253 0.0310352835804224
1654618336.6872058 1.6002082824707031 2.969676971435547 0.0 0.0 0.0 -0.9993861317634583 0.03503328561782837
1654618336.7870579 1.4971122741699219 2.9674072265625 0.0 0.0 0.0 -0.9991948008537292 0.04012206569314003
1654618336.8869615 1.416900634765625 2.9632644653320312 0.0 0.0 0.0 -0.9989538192749023 0.04573092237114906
1654618336.9869611 1.3343315124511719 2.952991485595703 0.0 0.0 0.0 -0.9986626505851746 0.051700375974178314
1654618337.0869863 1.2304611206054688 2.9567794799804688 0.0 0.0 0.0 -0.9983499050140381 0.057423174381256104
1654618337.1870122 1.1374130249023438 2.955913543701172 0.0 0.0 0.0 -0.99799644947052 0.06326960027217865
1654618337.2870488 1.0462837219238281 2.946197509765625 0.0 0.0 0.0 -0.997483491897583 0.07089903950691223
1654618337.3870842 0.9668693542480469 2.936290740966797 0.0 0.0 0.0 -0.9970264434814453 0.07705987989902496
1654618337.4871264 0.8808059692382812 2.926189422607422 0.0 0.0 0.0 -0.9962544441223145 0.08646996319293976
1654618337.5871072 0.7941474914550781 2.917877197265625 0.0 0.0 0.0 -0.9953277707099915 0.09655354917049408
1654618337.6870322 0.7199211120605469 2.913055419921875 0.0 0.0 0.0 -0.9941699504852295 0.1078241840004921
1654618337.7869432 0.6514396667480469 2.908203125 0.0 0.0 0.0 -0.9922122955322266 0.12455818802118301
1654618337.8868117 0.5908317565917969 2.911346435546875 0.0 0.0 0.0 -0.9897236824035645 0.14299318194389343
1654618337.9867218 0.541961669921875 2.908092498779297 0.0 0.0 0.0 -0.9861278533935547 0.16598762571811676
1654618338.0866997 0.4799003601074219 2.89459228515625 0.0 0.0 0.0 -0.9814597964286804 0.19166801869869232
1654618338.1867597 0.432769775390625 2.885478973388672 0.0 0.0 0.0 -0.9751700162887573 0.22145743668079376
1654618338.28679 0.38787841796875 2.87567138671875 0.0 0.0 0.0 -0.9677733778953552 0.2518227994441986
1654618338.3868637 0.341400146484375 2.854633331298828 0.0 0.0 0.0 -0.9576764702796936 0.28784680366516113
1654618338.4869678 0.29981231689453125 2.8423385620117188 0.0 0.0 0.0 -0.946235179901123 0.3234795331954956
1654618338.5870016 0.2782096862792969 2.8331832885742188 0.0 0.0 0.0 -0.9337829947471619 0.3578397333621979
1654618338.6870756 0.24327850341796875 2.819244384765625 0.0 0.0 0.0 -0.9165852069854736 0.3998394012451172
1654618338.7871203 0.22159957885742188 2.804595947265625 0.0 0.0 0.0 -0.8990514278411865 0.43784308433532715
1654618338.887389 0.17656326293945312 2.787750244140625 0.0 0.0 0.0 -0.8786370754241943 0.4774901866912842
1654618338.9878078 0.14984130859375 2.7813720703125 0.0 0.0 0.0 -0.8535832166671753 0.5209565758705139
1654618339.0882947 0.10086822509765625 2.79193115234375 0.0 0.0 0.0 -0.8283414840698242 0.5602235198020935
1654618339.1888387 0.08125686645507812 2.7559585571289062 0.0 0.0 0.0 -0.8041762113571167 0.5943909883499146
1654618339.289309 0.058452606201171875 2.7251358032226562 0.0 0.0 0.0 -0.7921518087387085 0.6103241443634033
1654618339.3896043 0.03874969482421875 2.6830215454101562 0.0 0.0 0.0 -0.7775366306304932 0.6288376450538635
1654618339.4897525 0.026702880859375 2.6241836547851562 0.0 0.0 0.0 -0.7629099488258362 0.6465047597885132
1654618339.589726 0.011310577392578125 2.558940887451172 0.0 0.0 0.0 -0.7502188086509705 0.6611896753311157
1654618339.689575 -0.0167236328125 2.4945907592773438 0.0 0.0 0.0 -0.7398719191551208 0.6727477312088013
1654618339.7892675 -0.02777862548828125 2.4233169555664062 0.0 0.0 0.0 -0.730218768119812 0.6832134127616882
1654618339.8889284 -0.03340911865234375 2.360057830810547 0.0 0.0 0.0 -0.7217257022857666 0.6921792030334473
1654618339.9885545 -0.047702789306640625 2.275646209716797 0.0 0.0 0.0 -0.7130916714668274 0.7010707855224609
1654618340.0881581 -0.0524749755859375 2.208221435546875 0.0 0.0 0.0 -0.708134114742279 0.7060779929161072
1654618340.1877005 -0.06557083129882812 2.110309600830078 0.0 0.0 0.0 -0.6999698281288147 0.7141724228858948
1654618340.2872088 -0.07502365112304688 2.0455703735351562 0.0 0.0 0.0 -0.6929749846458435 0.7209616303443909
1654618340.3868082 -0.08786773681640625 1.9681282043457031 0.0 0.0 0.0 -0.6813132762908936 0.7319919466972351
1654618340.486561 -0.08271026611328125 1.9090042114257812 0.0 0.0 0.0 -0.6702689528465271 0.742118239402771
1654618340.5864666 -0.08081817626953125 1.834747314453125 0.0 0.0 0.0 -0.6585157513618469 0.752566933631897
1654618340.6865282 -0.08453369140625 1.7533187866210938 0.0 0.0 0.0 -0.6464949250221252 0.7629182934761047
1654618340.7867398 -0.07891845703125 1.6739006042480469 0.0 0.0 0.0 -0.6350957751274109 0.7724334001541138
1654618340.886996 -0.07286834716796875 1.6105117797851562 0.0 0.0 0.0 -0.6255285739898682 0.780201256275177
1654618340.9872742 -0.06443023681640625 1.5435371398925781 0.0 0.0 0.0 -0.6165095567703247 0.7873474359512329
1654618341.0875294 -0.05698394775390625 1.4811935424804688 0.0 0.0 0.0 -0.6063920855522156 0.7951657772064209
1654618341.18769 -0.04534912109375 1.4132270812988281 0.0 0.0 0.0 -0.5974442362785339 0.8019104599952698
1654618341.2876825 -0.04071807861328125 1.3477783203125 0.0 0.0 0.0 -0.5857988595962524 0.8104564547538757
1654618341.3875065 -0.02451324462890625 1.2984237670898438 0.0 0.0 0.0 -0.5701028108596802 0.8215733766555786
1654618341.4872308 -0.011020660400390625 1.2533683776855469 0.0 0.0 0.0 -0.5496332049369812 0.8354061245918274
1654618341.5869262 -0.00679779052734375 1.2084579467773438 0.0 0.0 0.0 -0.5261057615280151 0.8504191637039185
1654618341.6866 0.000946044921875 1.1648178100585938 0.0 0.0 0.0 -0.49866747856140137 0.8667933344841003
1654618341.7862957 0.016204833984375 1.1288528442382812 0.0 0.0 0.0 -0.4672742784023285 0.8841124176979065
1654618341.8860667 0.02099609375 1.109222412109375 0.0 0.0 0.0 -0.42930370569229126 0.9031602144241333
1654618341.9859867 0.022144317626953125 1.0929069519042969 0.0 0.0 0.0 -0.39177951216697693 0.9200591444969177
1654618342.0860848 0.03246307373046875 1.0635871887207031 0.0 0.0 0.0 -0.3540096580982208 0.9352417588233948
1654618342.1862957 0.028339385986328125 1.0580940246582031 0.0 0.0 0.0 -0.31072938442230225 0.9504984021186829
1654618342.2865937 0.028919219970703125 1.026580810546875 0.0 0.0 0.0 -0.2675621211528778 0.9635406136512756
1654618342.3869977 0.02199554443359375 1.0159187316894531 0.0 0.0 0.0 -0.2272995561361313 0.9738249182701111
1654618342.4875143 0.01528167724609375 0.9919815063476562 0.0 0.0 0.0 -0.18369680643081665 0.9829829335212708
1654618342.5881686 -0.00662994384765625 0.99407958984375 0.0 0.0 0.0 -0.14606334269046783 0.9892752170562744
1654618342.688833 0.009113311767578125 0.9779739379882812 0.0 0.0 0.0 -0.12378797680139542 0.9923086762428284
1654618342.7893555 0.04735565185546875 0.9706840515136719 0.0 0.0 0.0 -0.10579648613929749 0.9943878054618835
1654618342.8895862 0.09207916259765625 0.9467887878417969 0.0 0.0 0.0 -0.09274715185165405 0.9956896901130676
1654618342.9894774 0.13887405395507812 0.9350776672363281 0.0 0.0 0.0 -0.08344060182571411 0.996512770652771
1654618343.0892506 0.20226287841796875 0.9206314086914062 0.0 0.0 0.0 -0.07224950194358826 0.9973865747451782
1654618343.1887991 0.2569999694824219 0.9030685424804688 0.0 0.0 0.0 -0.06091246381402016 0.9981431365013123
1654618343.288301 0.34784698486328125 0.8911972045898438 0.0 0.0 0.0 -0.04939563199877739 0.998779296875
1654618343.387801 0.42455291748046875 0.8724136352539062 0.0 0.0 0.0 -0.038547176867723465 0.9992567896842957
1654618343.4873855 0.49645233154296875 0.8629684448242188 0.0 0.0 0.0 -0.025754138827323914 0.999668300151825
1654618343.587058 0.6143302917480469 0.8482131958007812 0.0 0.0 0.0 -0.015814272686839104 0.9998749494552612
1654618343.6868672 0.6989669799804688 0.8454360961914062 0.0 0.0 0.0 -0.003901622723788023 0.9999923706054688
1654618343.786856 0.8034782409667969 0.8314743041992188 0.0 0.0 0.0 0.008313419297337532 0.9999654293060303
1654618343.8869205 0.9106330871582031 0.8168525695800781 0.0 0.0 0.0 0.018902933225035667 0.9998213052749634
1654618343.9870958 0.995513916015625 0.8238143920898438 0.0 0.0 0.0 0.032214101403951645 0.9994809627532959
1654618344.0872931 1.1027641296386719 0.8202438354492188 0.0 0.0 0.0 0.04469947889447212 0.9990004897117615
1654618344.1875792 1.1922378540039062 0.8239669799804688 0.0 0.0 0.0 0.05084453523159027 0.998706579208374
1654618344.2878776 1.2972526550292969 0.8248367309570312 0.0 0.0 0.0 0.056996677070856094 0.998374342918396
1654618344.388202 1.3982734680175781 0.827606201171875 0.0 0.0 0.0 0.05999947339296341 0.998198390007019
1654618344.488474 1.5153884887695312 0.839691162109375 0.0 0.0 0.0 0.06148816645145416 0.9981077909469604
1654618344.5886462 1.619171142578125 0.8517837524414062 0.0 0.0 0.0 0.06146752089262009 0.9981091022491455
1654618344.68868 1.734344482421875 0.8674736022949219 0.0 0.0 0.0 0.060057058930397034 0.9981949329376221
1654618344.7885911 1.8489265441894531 0.8782844543457031 0.0 0.0 0.0 0.05638420581817627 0.9984091520309448
1654618344.888386 1.9457817077636719 0.88861083984375 0.0 0.0 0.0 0.056379783898591995 0.9984093904495239
1654618344.9881287 2.0545425415039062 0.8960075378417969 0.0 0.0 0.0 0.053713470697402954 0.99855637550354
1654618345.0878685 2.1472549438476562 0.8926467895507812 0.0 0.0 0.0 0.05624203756451607 0.9984171390533447
1654618345.1875825 2.2433395385742188 0.9020881652832031 0.0 0.0 0.0 0.05558454245328903 0.9984539747238159
1654618345.287274 2.339252471923828 0.9028396606445312 0.0 0.0 0.0 0.06040028855204582 0.998174250125885
1654618345.3869894 2.429931640625 0.9067459106445312 0.0 0.0 0.0 0.06560931354761124 0.9978454113006592
1654618345.4867861 2.5343551635742188 0.9104118347167969 0.0 0.0 0.0 0.07180817425251007 0.9974184632301331
1654618345.5866518 2.624462127685547 0.9113655090332031 0.0 0.0 0.0 0.07725123316049576 0.997011661529541
1654618345.6866095 2.735950469970703 0.9278945922851562 0.0 0.0 0.0 0.08697719126939774 0.9962102770805359
1654618345.7866616 2.789234161376953 0.9401473999023438 0.0 0.0 0.0 0.09568419307470322 0.99541175365448
1654618345.8867655 2.868663787841797 0.9494247436523438 0.0 0.0 0.0 0.10497985035181046 0.9944743514060974
1654618345.9868498 2.928966522216797 0.954254150390625 0.0 0.0 0.0 0.11477703601121902 0.9933912754058838
1654618346.0869079 2.989757537841797 0.9683036804199219 0.0 0.0 0.0 0.12813477218151093 0.9917567372322083
1654618346.18692 3.036579132080078 0.9631576538085938 0.0 0.0 0.0 0.13973744213581085 0.9901885986328125
1654618346.2868676 3.099506378173828 0.9769287109375 0.0 0.0 0.0 0.15894828736782074 0.9872869253158569
1654618346.3867362 3.1422500610351562 1.0019912719726562 0.0 0.0 0.0 0.17741596698760986 0.9841359257698059
1654618346.4866147 3.1822586059570312 1.0012321472167969 0.0 0.0 0.0 0.20305733382701874 0.9791668653488159
1654618346.586458 3.2232284545898438 1.00958251953125 0.0 0.0 0.0 0.23144802451133728 0.9728472828865051
1654618346.6862962 3.2678298950195312 1.01953125 0.0 0.0 0.0 0.2614575922489166 0.9652149677276611
1654618346.7861454 3.3153915405273438 1.0265388488769531 0.0 0.0 0.0 0.2931819558143616 0.9560566544532776
1654618346.8861558 3.345081329345703 1.025787353515625 0.0 0.0 0.0 0.3292955160140991 0.9442269206047058
1654618346.9862185 3.38330078125 1.0409469604492188 0.0 0.0 0.0 0.3656293749809265 0.9307605028152466
1654618347.0864003 3.411327362060547 1.0527114868164062 0.0 0.0 0.0 0.3994019627571106 0.9167759418487549
1654618347.1866865 3.4409713745117188 1.0769577026367188 0.0 0.0 0.0 0.42864376306533813 0.9034736156463623
1654618347.286958 3.4742355346679688 1.08233642578125 0.0 0.0 0.0 0.46651095151901245 0.8845154047012329
1654618347.3871944 3.499011993408203 1.1149063110351562 0.0 0.0 0.0 0.4977063834667206 0.8673455715179443
1654618347.4873655 3.52825927734375 1.141021728515625 0.0 0.0 0.0 0.5303792357444763 0.8477604985237122
1654618347.5875995 3.554973602294922 1.1502876281738281 0.0 0.0 0.0 0.5612483620643616 0.8276474475860596
1654618347.687831 3.5826416015625 1.1941909790039062 0.0 0.0 0.0 0.589333176612854 0.8078900575637817
1654618347.7880597 3.592548370361328 1.2401313781738281 0.0 0.0 0.0 0.6108946800231934 0.7917118668556213
1654618347.8883114 3.61749267578125 1.2793045043945312 0.0 0.0 0.0 0.6338924169540405 0.7734212279319763
1654618347.9886022 3.6369247436523438 1.3404731750488281 0.0 0.0 0.0 0.6468639969825745 0.7626053690910339
1654618348.0888517 3.6567764282226562 1.4117546081542969 0.0 0.0 0.0 0.6536611318588257 0.7567873597145081
1654618348.1889372 3.676746368408203 1.4757804870605469 0.0 0.0 0.0 0.6568478345870972 0.7540231347084045
1654618348.2888348 3.688129425048828 1.571746826171875 0.0 0.0 0.0 0.6600555181503296 0.7512168288230896
1654618348.388578 3.707775115966797 1.6624679565429688 0.0 0.0 0.0 0.6622591614723206 0.7492748498916626
1654618348.4881873 3.720897674560547 1.747772216796875 0.0 0.0 0.0 0.6644803285598755 0.7473057508468628
1654618348.587715 3.7332763671875 1.8490715026855469 0.0 0.0 0.0 0.6675466895103455 0.7445679306983948
1654618348.6871748 3.753376007080078 1.9338493347167969 0.0 0.0 0.0 0.673954963684082 0.738772451877594
1654618348.7866518 3.7716598510742188 1.9967536926269531 0.0 0.0 0.0 0.6789880990982056 0.7341492772102356
1654618348.886198 3.7842330932617188 2.08636474609375 0.0 0.0 0.0 0.6896377801895142 0.7241544723510742
1654618348.9859073 3.8051376342773438 2.1538772583007812 0.0 0.0 0.0 0.7013663053512573 0.7128010392189026
1654618349.0857747 3.8163375854492188 2.237163543701172 0.0 0.0 0.0 0.71526038646698 0.6988580226898193
1654618349.1857948 3.841541290283203 2.303730010986328 0.0 0.0 0.0 0.7261785864830017 0.6875060796737671
1654618349.2859604 3.831623077392578 2.378070831298828 0.0 0.0 0.0 0.7421663403511047 0.6702157258987427
1654618349.386181 3.837352752685547 2.433032989501953 0.0 0.0 0.0 0.7556198239326477 0.655010461807251
1654618349.4864852 3.850811004638672 2.47747802734375 0.0 0.0 0.0 0.7697959542274475 0.6382900476455688
1654618349.5868137 3.851665496826172 2.5065994262695312 0.0 0.0 0.0 0.7844634056091309 0.6201751232147217
1654618349.6870646 3.85888671875 2.542736053466797 0.0 0.0 0.0 0.7986884713172913 0.6017447113990784
1654618349.7871969 3.855693817138672 2.5734786987304688 0.0 0.0 0.0 0.817411482334137 0.5760541558265686
1654618349.8872437 3.861072540283203 2.594646453857422 0.0 0.0 0.0 0.8342154622077942 0.5514386296272278
1654618349.987214 3.871479034423828 2.609661102294922 0.0 0.0 0.0 0.8554086685180664 0.5179536938667297
1654618350.0871747 3.8740768432617188 2.623058319091797 0.0 0.0 0.0 0.8750520348548889 0.4840288758277893
1654618350.1871116 3.869792938232422 2.6313400268554688 0.0 0.0 0.0 0.8948017358779907 0.4464637339115143
1654618350.2871726 3.8692703247070312 2.646984100341797 0.0 0.0 0.0 0.910727858543396 0.4130069613456726
1654618350.3873045 3.8984298706054688 2.653606414794922 0.0 0.0 0.0 0.9257567524909973 0.37811964750289917
1654618350.4874806 3.852222442626953 2.6744613647460938 0.0 0.0 0.0 0.9374570250511169 0.3481009900569916
1654618350.587702 3.850505828857422 2.671398162841797 0.0 0.0 0.0 0.9498406648635864 0.3127341866493225
1654618350.687943 3.8982620239257812 2.672931671142578 0.0 0.0 0.0 0.9614736437797546 0.27489715814590454
1654618350.7882454 3.841327667236328 2.7153549194335938 0.0 0.0 0.0 0.9658806324005127 0.25898775458335876
1654618350.8885963 3.8826370239257812 2.7166976928710938 0.0 0.0 0.0 0.9728525280952454 0.23142589628696442
1654618350.988883 3.8769760131835938 2.740436553955078 0.0 0.0 0.0 0.9788273572921753 0.20468769967556
1654618351.0889423 3.8660507202148438 2.7462539672851562 0.0 0.0 0.0 0.9825464487075806 0.18601755797863007
1654618351.1887689 3.849803924560547 2.7581558227539062 0.0 0.0 0.0 0.9863035082817078 0.1649406999349594
1654618351.2885146 3.929088592529297 2.7615585327148438 0.0 0.0 0.0 0.990261971950531 0.13921654224395752
1654618351.3882744 3.8941726684570312 2.7787551879882812 0.0 0.0 0.0 0.9928550720214844 0.11932656913995743
1654618351.4881237 3.936664581298828 2.782207489013672 0.0 0.0 0.0 0.9946780204772949 0.10303224623203278
1654618351.588082 3.874755859375 2.8074951171875 0.0 0.0 0.0 0.996082067489624 0.08843342214822769
1654618351.68806 3.7693710327148438 2.8372879028320312 0.0 0.0 0.0 0.9967330098152161 0.08076678216457367
1654618351.7880352 3.617259979248047 2.89202880859375 0.0 0.0 0.0 0.9975858330726624 0.06944446265697479
1654618351.8880174 3.558025360107422 2.907787322998047 0.0 0.0 0.0 0.997941255569458 0.06413497030735016
1654618351.9879963 3.49273681640625 2.917705535888672 0.0 0.0 0.0 0.9980336427688599 0.0626806914806366
1654618352.0878975 3.39801025390625 2.9376220703125 0.0 0.0 0.0 0.9981895685195923 0.06014680117368698
1654618352.1877642 3.3060531616210938 2.954944610595703 0.0 0.0 0.0 0.9982951879501343 0.058367159217596054
1654618352.2876065 3.200531005859375 2.973346710205078 0.0 0.0 0.0 0.9984182715415955 0.05622229725122452
1654618352.387402 3.1076583862304688 2.991771697998047 0.0 0.0 0.0 0.9988157749176025 0.04865175113081932
1654618352.487163 2.9868392944335938 3.0072250366210938 0.0 0.0 0.0 0.9989844560623169 0.04505641758441925
1654618352.5870245 2.9107742309570312 3.017536163330078 0.0 0.0 0.0 0.9993222951889038 0.03680954873561859
1654618352.6869624 2.83062744140625 3.0387649536132812 0.0 0.0 0.0 0.999616265296936 0.027701485902071
1654618352.787015 2.707569122314453 3.0482177734375 0.0 0.0 0.0 0.99986332654953 0.016531862318515778
1654618352.887118 2.616954803466797 3.0411148071289062 0.0 0.0 0.0 0.9999406337738037 0.010896781459450722
1654618352.9873104 2.5292587280273438 3.063152313232422 0.0 0.0 0.0 0.9999998211860657 0.0006442824378609657
1654618353.0875633 2.4373245239257812 3.069782257080078 0.0 0.0 0.0 -0.9999827146530151 0.0058768210001289845
1654618353.18782 2.347156524658203 3.074329376220703 0.0 0.0 0.0 -0.9999342560768127 0.011465015821158886
1654618353.2880082 2.2776870727539062 3.0806198120117188 0.0 0.0 0.0 -0.999873697757721 0.01589238829910755
1654618353.3881261 2.209064483642578 3.069377899169922 0.0 0.0 0.0 -0.9999014735221863 0.014035673812031746
1654618353.4881587 2.117504119873047 3.0673828125 0.0 0.0 0.0 -0.9999096989631653 0.013440399430692196
1654618353.588119 2.026611328125 3.070098876953125 0.0 0.0 0.0 -0.9998522400856018 0.017190996557474136
1654618353.6880336 1.9314498901367188 3.081695556640625 0.0 0.0 0.0 -0.9998257756233215 0.01866561733186245
1654618353.7878492 1.8542289733886719 3.092823028564453 0.0 0.0 0.0 -0.9997372031211853 0.022925470024347305
1654618353.8876138 1.7442626953125 3.074626922607422 0.0 0.0 0.0 -0.9997050166130066 0.024288605898618698
1654618353.987436 1.6607894897460938 3.0687026977539062 0.0 0.0 0.0 -0.9996015429496765 0.028227588161826134
1654618354.0872753 1.56964111328125 3.076263427734375 0.0 0.0 0.0 -0.9992950558662415 0.03754217550158501
1654618354.1871643 1.4789810180664062 3.094135284423828 0.0 0.0 0.0 -0.9984493851661682 0.055667534470558167
1654618354.2871537 1.4080009460449219 3.092529296875 0.0 0.0 0.0 -0.9977803230285645 0.06659173220396042
1654618354.387294 1.3249626159667969 3.122333526611328 0.0 0.0 0.0 -0.9967146515846252 0.08099313080310822
1654618354.4874678 1.2517814636230469 3.0978622436523438 0.0 0.0 0.0 -0.996726930141449 0.08084199577569962
1654618354.587682 1.1640510559082031 3.085315704345703 0.0 0.0 0.0 -0.9964629411697388 0.08403340727090836
1654618354.6878014 1.0892448425292969 3.067829132080078 0.0 0.0 0.0 -0.9961520433425903 0.08764197677373886
1654618354.7878914 1.0021591186523438 3.0676498413085938 0.0 0.0 0.0 -0.9957175850868225 0.09244748204946518
1654618354.887926 0.9448165893554688 3.056720733642578 0.0 0.0 0.0 -0.9953677654266357 0.09614039212465286
1654618354.9879587 0.9007797241210938 3.0508193969726562 0.0 0.0 0.0 -0.9952141642570496 0.09771793335676193
1654618355.0879526 0.8268966674804688 2.939281463623047 0.0 0.0 0.0 -0.9920164346694946 0.1261088103055954
1654618355.1878886 0.7030220031738281 2.524810791015625 0.0 0.0 0.0 -0.9860250353813171 0.16659723222255707
1654618355.2877312 0.65435791015625 2.510875701904297 0.0 0.0 0.0 -0.9851192235946655 0.17187240719795227
1654618355.3875005 0.621337890625 2.5067062377929688 0.0 0.0 0.0 -0.9841974973678589 0.177074134349823
1654618355.4872205 0.5817184448242188 2.499053955078125 0.0 0.0 0.0 -0.9823405146598816 0.18710194528102875
1654618355.5868638 0.55133056640625 2.499889373779297 0.0 0.0 0.0 -0.9801031947135925 0.19848871231079102
1654618355.6864913 0.5181503295898438 2.499114990234375 0.0 0.0 0.0 -0.9757030010223389 0.21909727156162262
1654618355.786153 0.4929389953613281 2.484333038330078 0.0 0.0 0.0 -0.9700343012809753 0.24296797811985016
1654618355.8859715 0.45540618896484375 2.4795455932617188 0.0 0.0 0.0 -0.9629285335540771 0.2697567343711853
1654618355.9858015 0.4402656555175781 2.46978759765625 0.0 0.0 0.0 -0.9533395767211914 0.3019000291824341
1654618356.0858035 0.41182708740234375 2.4788818359375 0.0 0.0 0.0 -0.9403117299079895 0.3403142988681793
1654618356.1858735 0.396484375 2.4766845703125 0.0 0.0 0.0 -0.9254279136657715 0.3789236843585968
1654618356.2861779 0.3740425109863281 2.464771270751953 0.0 0.0 0.0 -0.9072393774986267 0.42061468958854675
1654618356.3866649 0.3601799011230469 2.478870391845703 0.0 0.0 0.0 -0.8879556655883789 0.4599289894104004
1654618356.4873934 0.3478889465332031 2.474407196044922 0.0 0.0 0.0 -0.8687547445297241 0.4952425956726074
1654618356.5880404 0.32631683349609375 2.475353240966797 0.0 0.0 0.0 -0.852705717086792 0.5223915576934814
1654618356.6885052 0.3008308410644531 2.511871337890625 0.0 0.0 0.0 -0.8317151665687561 0.5552025437355042
1654618356.7887695 0.2817192077636719 2.490428924560547 0.0 0.0 0.0 -0.813224196434021 0.5819504857063293
1654618356.8888052 0.2767333984375 2.4885635375976562 0.0 0.0 0.0 -0.7978377342224121 0.6028722524642944
1654618356.9886944 0.2528572082519531 2.4653701782226562 0.0 0.0 0.0 -0.7832263112068176 0.6217367649078369
1654618357.0884848 0.238372802734375 2.4329452514648438 0.0 0.0 0.0 -0.7708925008773804 0.6369653344154358
1654618357.1882327 0.23357391357421875 2.398975372314453 0.0 0.0 0.0 -0.7566671371459961 0.653800368309021
1654618357.287985 0.22023773193359375 2.358745574951172 0.0 0.0 0.0 -0.746068000793457 0.6658697724342346
1654618357.3877487 0.20365142822265625 2.299816131591797 0.0 0.0 0.0 -0.7350785136222839 0.677981972694397
1654618357.487499 0.19496536254882812 2.2445907592773438 0.0 0.0 0.0 -0.7267651557922363 0.6868860125541687
1654618357.5872643 0.18341827392578125 2.1758346557617188 0.0 0.0 0.0 -0.7190064191818237 0.6950033903121948
1654618357.6870959 0.175689697265625 2.1103439331054688 0.0 0.0 0.0 -0.7122104167938232 0.7019660472869873
1654618357.787019 0.17171096801757812 2.0369186401367188 0.0 0.0 0.0 -0.7073518633842468 0.7068616151809692
1654618357.8870134 0.16603851318359375 1.970001220703125 0.0 0.0 0.0 -0.704565703868866 0.709638774394989
1654618357.9870825 0.15726852416992188 1.8903579711914062 0.0 0.0 0.0 -0.7028588652610779 0.7113292813301086
1654618358.087215 0.156707763671875 1.8151130676269531 0.0 0.0 0.0 -0.7027055621147156 0.7114807963371277
1654618358.1873446 0.15850830078125 1.7349014282226562 0.0 0.0 0.0 -0.7052522897720337 0.7089564204216003
1654618358.2873936 0.15413665771484375 1.6458511352539062 0.0 0.0 0.0 -0.7069541811943054 0.7072592973709106
1654618358.3873293 0.15634918212890625 1.5631942749023438 0.0 0.0 0.0 -0.7102340459823608 0.7039656043052673
1654618358.487132 0.139617919921875 1.4727783203125 0.0 0.0 0.0 -0.7096193432807922 0.7045852541923523
1654618358.5868077 0.13466262817382812 1.4156684875488281 0.0 0.0 0.0 -0.7085641026496887 0.7056464552879333
1654618358.6863945 0.13042449951171875 1.3514823913574219 0.0 0.0 0.0 -0.7027950882911682 0.711392343044281
1654618358.7858744 0.12093353271484375 1.2914505004882812 0.0 0.0 0.0 -0.6931686401367188 0.7207754254341125
1654618358.8853376 0.11894607543945312 1.2420463562011719 0.0 0.0 0.0 -0.6776152849197388 0.7354165315628052
1654618358.9848835 0.123199462890625 1.1993522644042969 0.0 0.0 0.0 -0.6538785099983215 0.7565996050834656
1654618359.0845594 0.07173919677734375 1.142791748046875 0.0 0.0 0.0 -0.6241673231124878 0.7812907099723816
1654618359.184444 0.08068084716796875 1.1039009094238281 0.0 0.0 0.0 -0.5884427428245544 0.8085388541221619
1654618359.284569 0.09368896484375 1.08917236328125 0.0 0.0 0.0 -0.5524154305458069 0.8335689902305603
1654618359.3848712 0.092071533203125 1.0659103393554688 0.0 0.0 0.0 -0.5114051699638367 0.859339714050293
1654618359.4854584 0.08253860473632812 1.0503730773925781 0.0 0.0 0.0 -0.46944987773895264 0.8829591274261475
1654618359.586213 0.07660675048828125 1.0341911315917969 0.0 0.0 0.0 -0.4261626899242401 0.9046465158462524
1654618359.6870296 0.073394775390625 1.0222892761230469 0.0 0.0 0.0 -0.38636359572410583 0.9223465919494629
1654618359.787805 0.06304931640625 1.0147705078125 0.0 0.0 0.0 -0.34578782320022583 0.9383127093315125
1654618359.8883784 0.04720306396484375 1.0039138793945312 0.0 0.0 0.0 -0.3046468198299408 0.9524654150009155
1654618359.9887521 0.05171966552734375 0.9661369323730469 0.0 0.0 0.0 -0.2650008797645569 0.9642481803894043
1654618360.0889552 0.041461944580078125 0.9857254028320312 0.0 0.0 0.0 -0.2257392555475235 0.9741877317428589
1654618360.1890488 0.043872833251953125 0.9533882141113281 0.0 0.0 0.0 -0.18785998225212097 0.9821957945823669
1654618360.2890604 0.026805877685546875 0.9443244934082031 0.0 0.0 0.0 -0.15589798986911774 0.9877731800079346
1654618360.388985 0.000579833984375 0.9314689636230469 0.0 0.0 0.0 -0.12425048649311066 0.9922508597373962
1654618360.4888468 -0.00043487548828125 0.9300613403320312 0.0 0.0 0.0 -0.09583420306444168 0.9953973293304443
1654618360.5887096 0.008991241455078125 0.9251213073730469 0.0 0.0 0.0 -0.07649752497673035 0.997069776058197
1654618360.688538 0.003498077392578125 0.9177017211914062 0.0 0.0 0.0 -0.05755119025707245 0.9983425736427307
1654618360.7883344 0.01009368896484375 0.912078857421875 0.0 0.0 0.0 -0.043831758201122284 0.9990389347076416
1654618360.888137 -0.003078460693359375 0.914886474609375 0.0 0.0 0.0 -0.029065003618597984 0.999577522277832
1654618360.9880068 -0.003971099853515625 0.913360595703125 0.0 0.0 0.0 -0.020669808611273766 0.999786376953125
1654618361.0879252 -0.002391815185546875 0.9160995483398438 0.0 0.0 0.0 -0.01386589277535677 0.9999038577079773
1654618361.1878865 0.00176239013671875 0.91357421875 0.0 0.0 0.0 -0.009636880829930305 0.99995356798172
1654618361.2878892 0.00201416015625 0.9120368957519531 0.0 0.0 0.0 -0.008404068648815155 0.999964714050293
1654618361.387944 0.00023651123046875 0.91632080078125 0.0 0.0 0.0 -0.009264964610338211 0.9999570846557617
1654618361.487986 0.007976531982421875 0.9233207702636719 0.0 0.0 0.0 -0.011818761937320232 0.9999301433563232
1654618361.5879612 0.006946563720703125 0.9289169311523438 0.0 0.0 0.0 -0.013846582733094692 0.9999041557312012
1654618361.6878507 0.018573760986328125 0.9267959594726562 0.0 0.0 0.0 -0.01662192866206169 0.9998618364334106
1654618361.7876878 0.004627227783203125 0.9237136840820312 0.0 0.0 0.0 -0.017210261896252632 0.9998518824577332
1654618361.887518 0.00603485107421875 0.9173965454101562 0.0 0.0 0.0 -0.017254361882805824 0.9998511075973511
1654618361.9873552 0.004222869873046875 0.9148788452148438 0.0 0.0 0.0 -0.01718999817967415 0.9998522400856018
1654618362.0872462 0.00284576416015625 0.9185600280761719 0.0 0.0 0.0 -0.016889873892068863 0.9998573660850525
1654618362.187212 0.004253387451171875 0.9189033508300781 0.0 0.0 0.0 -0.01730942912399769 0.9998501539230347
1654618362.2872186 0.00243377685546875 0.9169540405273438 0.0 0.0 0.0 -0.017945192754268646 0.9998389482498169
1654618362.3872585 0.003265380859375 0.9225959777832031 0.0 0.0 0.0 -0.01892969384789467 0.9998208284378052
1654618362.487332 0.003997802734375 0.921966552734375 0.0 0.0 0.0 -0.018918728455901146 0.9998210072517395
1654618362.5874226 0.0048828125 0.9263916015625 0.0 0.0 0.0 -0.018592629581689835 0.9998271465301514
1654618362.687502 0.00760650634765625 0.9217529296875 0.0 0.0 0.0 -0.017789052799344063 0.9998417496681213
1654618362.7875676 0.00890350341796875 0.9223861694335938 0.0 0.0 0.0 -0.017402635887265205 0.9998485445976257
