1654618298.4276657 -0.14209747314453125 0.7486038208007812 0.0 0.0 0.0 0.007062883581966162 0.9999750852584839
1654618298.5277834 -0.14533233642578125 0.7282333374023438 0.0 0.0 0.0 0.0047427997924387455 0.9999887347221375
1654618298.627821 -0.13202667236328125 0.73297119140625 0.0 0.0 0.0 0.011624294333159924 0.9999324083328247
1654618298.7277474 -0.16183853149414062 0.7209243774414062 0.0 0.0 0.0 0.007216293830424547 0.9999739527702332
1654618298.8276293 -0.1591033935546875 0.721893310546875 0.0 0.0 0.0 0.006952477619051933 0.999975860118866
1654618298.9274776 -0.1509246826171875 0.7326545715332031 0.0 0.0 0.0 0.011487125419080257 0.9999340176582336
1654618299.0273402 -0.14882278442382812 0.7235488891601562 0.0 0.0 0.0 0.009316627867519855 0.9999566078186035
1654618299.1272218 -0.12705230712890625 0.732513427734375 0.0 0.0 0.0 0.011354031972587109 0.9999355673789978
1654618299.227134 -0.11396026611328125 0.7297744750976562 0.0 0.0 0.0 0.011426017619669437 0.999934732913971
1654618299.3271074 -0.094757080078125 0.7285957336425781 0.0 0.0 0.0 0.013397221453487873 0.9999102354049683
1654618299.4272091 -0.061370849609375 0.7223091125488281 0.0 0.0 0.0 0.016850082203745842 0.999858021736145
1654618299.5274286 -0.01690673828125 0.7424736022949219 0.0 0.0 0.0 0.016556795686483383 0.9998629093170166
1654618299.6275985 0.021148681640625 0.7507514953613281 0.0 0.0 0.0 0.023595577105879784 0.9997215867042542
1654618299.7277894 0.06425857543945312 0.7297248840332031 0.0 0.0 0.0 0.026596862822771072 0.9996462464332581
1654618299.8281062 0.0928955078125 0.7305831909179688 0.0 0.0 0.0 0.03037937730550766 0.9995384216308594
1654618299.9282365 0.14478302001953125 0.7320442199707031 0.0 0.0 0.0 0.0392099991440773 0.9992309808731079
1654618300.0281482 0.19029998779296875 0.7384567260742188 0.0 0.0 0.0 0.04782013222575188 0.9988559484481812
1654618300.1279697 0.21925735473632812 0.73681640625 0.0 0.0 0.0 0.05931529775261879 0.998239278793335
1654618300.2278748 0.25109100341796875 0.7324943542480469 0.0 0.0 0.0 0.06317804753780365 0.998002290725708
1654618300.3279474 0.28653717041015625 0.7326126098632812 0.0 0.0 0.0 0.06177958473563194 0.9980897903442383
1654618300.4280903 0.3297233581542969 0.7343940734863281 0.0 0.0 0.0 0.053363338112831116 0.9985751509666443
1654618300.5282962 0.3668632507324219 0.7366523742675781 0.0 0.0 0.0 0.03948242589831352 0.9992202520370483
1654618300.6283882 0.4069404602050781 0.7507400512695312 0.0 0.0 0.0 0.03182871267199516 0.9994933605194092
1654618300.7282274 0.4385490417480469 0.7562637329101562 0.0 0.0 0.0 0.025991737842559814 0.9996621608734131
1654618300.828161 0.5089645385742188 0.7596359252929688 0.0 0.0 0.0 0.016273386776447296 0.9998675584793091
1654618300.928107 0.56866455078125 0.7660293579101562 0.0 0.0 0.0 0.008781432174146175 0.9999614357948303
1654618301.0279405 0.6287841796875 0.7742538452148438 0.0 0.0 0.0 0.004930987488478422 0.9999878406524658
1654618301.1277342 0.6801872253417969 0.7737350463867188 0.0 0.0 0.0 -0.002283245325088501 0.9999973773956299
1654618301.2275324 0.7476387023925781 0.779388427734375 0.0 0.0 0.0 -0.004928958136588335 0.9999878406524658
1654618301.3273208 0.8194084167480469 0.7784500122070312 0.0 0.0 0.0 -0.00806671753525734 0.9999674558639526
1654618301.4270244 0.8805046081542969 0.7806282043457031 0.0 0.0 0.0 -0.006109111942350864 0.9999813437461853
1654618301.5266833 0.9272270202636719 0.7759590148925781 0.0 0.0 0.0 -0.0028051419649273157 0.9999960660934448
1654618301.6263592 1.01068115234375 0.7792472839355469 0.0 0.0 0.0 0.0015559442108497024 0.9999988079071045
1654618301.726207 1.0798873901367188 0.7727737426757812 0.0 0.0 0.0 0.006342003121972084 0.9999799132347107
1654618301.8262236 1.145050048828125 0.771270751953125 0.0 0.0 0.0 0.01132179144769907 0.9999359250068665
1654618301.9263272 1.1938896179199219 0.7659187316894531 0.0 0.0 0.0 0.019695496186614037 0.9998060464859009
1654618302.0266721 1.2788162231445312 0.7723464965820312 0.0 0.0 0.0 0.026446474716067314 0.999650239944458
1654618302.1271906 1.3516845703125 0.7653121948242188 0.0 0.0 0.0 0.03346874937415123 0.9994397759437561
1654618302.2276523 1.4217414855957031 0.76947021484375 0.0 0.0 0.0 0.03751948103308678 0.9992958903312683
1654618302.3278913 1.4935111999511719 0.7717704772949219 0.0 0.0 0.0 0.040430039167404175 0.9991823434829712
1654618302.4278862 1.5873184204101562 0.7868843078613281 0.0 0.0 0.0 0.042079489678144455 0.9991142749786377
1654618302.5277922 1.6555557250976562 0.7819747924804688 0.0 0.0 0.0 0.04364405572414398 0.9990471601486206
1654618302.6276004 1.749359130859375 0.7874031066894531 0.0 0.0 0.0 0.040510933846235275 0.9991791248321533
1654618302.7273614 1.8225288391113281 0.8032722473144531 0.0 0.0 0.0 0.03867737203836441 0.9992517232894897
1654618302.8271341 1.8982124328613281 0.8002853393554688 0.0 0.0 0.0 0.037954624742269516 0.9992794394493103
1654618302.9269233 1.9788284301757812 0.7985343933105469 0.0 0.0 0.0 0.03757285699248314 0.999293863773346
1654618303.0268242 2.0537338256835938 0.806060791015625 0.0 0.0 0.0 0.03634806349873543 0.9993391633033752
1654618303.1268137 2.140045166015625 0.8123397827148438 0.0 0.0 0.0 0.03647702559828758 0.9993345141410828
1654618303.2268574 2.2227249145507812 0.8112983703613281 0.0 0.0 0.0 0.04029539227485657 0.9991878271102905
1654618303.3268523 2.294281005859375 0.8240432739257812 0.0 0.0 0.0 0.03993631899356842 0.9992022514343262
1654618303.4267995 2.372650146484375 0.8267326354980469 0.0 0.0 0.0 0.04588837921619415 0.9989465475082397
1654618303.5267253 2.432445526123047 0.8298110961914062 0.0 0.0 0.0 0.05228252336382866 0.9986323118209839
1654618303.6268036 2.500469207763672 0.8355293273925781 0.0 0.0 0.0 0.05718747898936272 0.9983634352684021
1654618303.7269955 2.5631637573242188 0.8416557312011719 0.0 0.0 0.0 0.06289637833833694 0.9980200529098511
1654618303.8272738 2.64324951171875 0.8500251770019531 0.0 0.0 0.0 0.06922357529401779 0.9976011514663696
1654618303.9274895 2.7193222045898438 0.8591842651367188 0.0 0.0 0.0 0.07304587960243225 0.9973285794258118
1654618304.027605 2.7937088012695312 0.8673820495605469 0.0 0.0 0.0 0.0786198303103447 0.9969046711921692
1654618304.127703 2.8576431274414062 0.8771286010742188 0.0 0.0 0.0 0.08338727802038193 0.9965172410011292
1654618304.227765 2.9238357543945312 0.885467529296875 0.0 0.0 0.0 0.08925855159759521 0.9960085153579712
1654618304.3276772 2.988636016845703 0.8937149047851562 0.0 0.0 0.0 0.09503107517957687 0.9954742789268494
1654618304.4274476 3.0492019653320312 0.9064559936523438 0.0 0.0 0.0 0.10087424516677856 0.9948992133140564
1654618304.5272343 3.113300323486328 0.9110641479492188 0.0 0.0 0.0 0.11051595956087112 0.9938743710517883
1654618304.6270554 3.181304931640625 0.91485595703125 0.0 0.0 0.0 0.12298025190830231 0.9924091100692749
1654618304.7269802 3.2228622436523438 0.918853759765625 0.0 0.0 0.0 0.14197930693626404 0.9898696541786194
1654618304.8270621 3.273632049560547 0.9294662475585938 0.0 0.0 0.0 0.16019675135612488 0.9870851039886475
1654618304.927249 3.320140838623047 0.9402275085449219 0.0 0.0 0.0 0.18260729312896729 0.9831859469413757
1654618305.0274684 3.3572769165039062 0.9404182434082031 0.0 0.0 0.0 0.2065688818693161 0.9784320592880249
1654618305.127676 3.396129608154297 0.9433670043945312 0.0 0.0 0.0 0.23118464648723602 0.9729098677635193
1654618305.2277193 3.426738739013672 0.9461288452148438 0.0 0.0 0.0 0.2593373656272888 0.9657868146896362
1654618305.3277385 3.4490127563476562 0.948211669921875 0.0 0.0 0.0 0.28660085797309875 0.9580500721931458
1654618305.427717 3.4714736938476562 0.9525833129882812 0.0 0.0 0.0 0.31490445137023926 0.9491233825683594
1654618305.5278106 3.4920883178710938 0.9659652709960938 0.0 0.0 0.0 0.3432377576828003 0.9392485618591309
1654618305.627774 3.5124435424804688 0.9613723754882812 0.0 0.0 0.0 0.37821274995803833 0.9257187247276306
1654618305.727792 3.5405502319335938 0.9704093933105469 0.0 0.0 0.0 0.4066999852657318 0.9135617613792419
1654618305.8278158 3.571216583251953 0.9699211120605469 0.0 0.0 0.0 0.4398193657398224 0.8980862498283386
1654618305.9277182 3.590564727783203 0.9671630859375 0.0 0.0 0.0 0.4723423421382904 0.8814151883125305
1654618306.0276673 3.6019973754882812 0.9781913757324219 0.0 0.0 0.0 0.5000559687614441 0.865993082523346
1654618306.1276155 3.618755340576172 0.9921760559082031 0.0 0.0 0.0 0.5272133350372314 0.8497329354286194
1654618306.2275937 3.643108367919922 1.003997802734375 0.0 0.0 0.0 0.5524777173995972 0.833527684211731
1654618306.3277485 3.656055450439453 1.0096321105957031 0.0 0.0 0.0 0.5764225721359253 0.8171517848968506
1654618306.4280643 3.672679901123047 1.018157958984375 0.0 0.0 0.0 0.5999478101730347 0.8000391125679016
1654618306.528265 3.6967697143554688 1.0423355102539062 0.0 0.0 0.0 0.6189046502113342 0.7854661345481873
1654618306.6284373 3.6998825073242188 1.0655288696289062 0.0 0.0 0.0 0.6366784572601318 0.7711294293403625
1654618306.7285678 3.7062301635742188 1.089385986328125 0.0 0.0 0.0 0.6505497097969055 0.7594636678695679
1654618306.8285177 3.713146209716797 1.123809814453125 0.0 0.0 0.0 0.6605901718139648 0.7507467269897461
1654618306.92829 3.7278823852539062 1.1611328125 0.0 0.0 0.0 0.6707445383071899 0.7416884899139404
1654618307.0279906 3.741077423095703 1.211944580078125 0.0 0.0 0.0 0.6793402433395386 0.7338234186172485
1654618307.1278143 3.750835418701172 1.2648735046386719 0.0 0.0 0.0 0.6833876371383667 0.7300557494163513
1654618307.2277224 3.747547149658203 1.3138656616210938 0.0 0.0 0.0 0.6899953484535217 0.7238137722015381
1654618307.3277643 3.7535781860351562 1.3733940124511719 0.0 0.0 0.0 0.6922391653060913 0.7216681838035583
1654618307.4278147 3.7636947631835938 1.4427375793457031 0.0 0.0 0.0 0.693030595779419 0.7209081649780273
1654618307.5277162 3.768817901611328 1.5031929016113281 0.0 0.0 0.0 0.6931681632995605 0.7207759022712708
1654618307.6275454 3.7829360961914062 1.5765914916992188 0.0 0.0 0.0 0.6907919049263 0.7230536341667175
1654618307.7273855 3.772754669189453 1.6450309753417969 0.0 0.0 0.0 0.6914755702018738 0.7223998308181763
1654618307.8273027 3.777099609375 1.7210502624511719 0.0 0.0 0.0 0.6921970844268799 0.7217085361480713
1654618307.9272525 3.780895233154297 1.7905464172363281 0.0 0.0 0.0 0.6913837790489197 0.7224876880645752
1654618308.0272276 3.785358428955078 1.8496322631835938 0.0 0.0 0.0 0.6928870677947998 0.7210460901260376
1654618308.1272295 3.7959213256835938 1.9171371459960938 0.0 0.0 0.0 0.6951715350151062 0.7188438773155212
1654618308.2272902 3.792583465576172 1.9730148315429688 0.0 0.0 0.0 0.6977617740631104 0.7163298726081848
1654618308.3273401 3.796905517578125 2.028392791748047 0.0 0.0 0.0 0.7018360495567322 0.7123385071754456
1654618308.4272566 3.806537628173828 2.0850448608398438 0.0 0.0 0.0 0.7097643613815308 0.7044391632080078
1654618308.5271428 3.814891815185547 2.137451171875 0.0 0.0 0.0 0.7192015051841736 0.6948015689849854
1654618308.6269014 3.819629669189453 2.2008132934570312 0.0 0.0 0.0 0.7293787002563477 0.684110164642334
1654618308.7267365 3.824848175048828 2.2453384399414062 0.0 0.0 0.0 0.7433052659034729 0.6689523458480835
1654618308.826632 3.8173446655273438 2.297412872314453 0.0 0.0 0.0 0.75483638048172 0.6559131741523743
1654618308.9267197 3.819713592529297 2.3413467407226562 0.0 0.0 0.0 0.7692769169807434 0.638915479183197
1654618309.0269213 3.811138153076172 2.386943817138672 0.0 0.0 0.0 0.7827875018119812 0.6222891211509705
1654618309.1270378 3.808368682861328 2.443023681640625 0.0 0.0 0.0 0.7971706390380859 0.6037541031837463
1654618309.2271445 3.8018875122070312 2.475109100341797 0.0 0.0 0.0 0.8145256042480469 0.5801275372505188
1654618309.3272076 3.8054733276367188 2.5203628540039062 0.0 0.0 0.0 0.8281329274177551 0.560531735420227
1654618309.4273295 3.7995071411132812 2.5491256713867188 0.0 0.0 0.0 0.8440390229225159 0.5362817049026489
1654618309.5274284 3.7960281372070312 2.594470977783203 0.0 0.0 0.0 0.8588358759880066 0.5122509002685547
1654618309.627412 3.782093048095703 2.6082687377929688 0.0 0.0 0.0 0.874200701713562 0.4855647683143616
1654618309.7273805 3.7882003784179688 2.626983642578125 0.0 0.0 0.0 0.8880907893180847 0.4596680700778961
1654618309.827413 3.790557861328125 2.6588134765625 0.0 0.0 0.0 0.9017724990844727 0.4322110414505005
1654618309.9273422 3.7696456909179688 2.6921463012695312 0.0 0.0 0.0 0.9128021001815796 0.40840214490890503
1654618310.0271974 3.7772598266601562 2.717845916748047 0.0 0.0 0.0 0.9265289306640625 0.37622353434562683
1654618310.1270797 3.775989532470703 2.7439041137695312 0.0 0.0 0.0 0.9362796545028687 0.35125550627708435
1654618310.2270067 3.7575454711914062 2.763774871826172 0.0 0.0 0.0 0.9471220970153809 0.32087332010269165
1654618310.3270113 3.742511749267578 2.7922286987304688 0.0 0.0 0.0 0.9567527174949646 0.2909025251865387
1654618310.4272077 3.735271453857422 2.809093475341797 0.0 0.0 0.0 0.9651603698730469 0.26165908575057983
1654618310.5275028 3.714763641357422 2.842487335205078 0.0 0.0 0.0 0.971350371837616 0.237651988863945
1654618310.6277988 3.688617706298828 2.861907958984375 0.0 0.0 0.0 0.9773273468017578 0.21173398196697235
1654618310.7280538 3.660747528076172 2.875873565673828 0.0 0.0 0.0 0.9815928339958191 0.19098563492298126
1654618310.8282752 3.6332778930664062 2.907878875732422 0.0 0.0 0.0 0.9840738773345947 0.17775997519493103
1654618310.9283273 3.596771240234375 2.916004180908203 0.0 0.0 0.0 0.9876152873039246 0.15689507126808167
1654618311.0283098 3.548076629638672 2.934661865234375 0.0 0.0 0.0 0.9892925024032593 0.14594639837741852
1654618311.1282094 3.5041885375976562 2.953155517578125 0.0 0.0 0.0 0.9912732243537903 0.13182325661182404
1654618311.2281473 3.4652938842773438 2.9701004028320312 0.0 0.0 0.0 0.9930049180984497 0.11807294934988022
1654618311.328069 3.420574188232422 2.980224609375 0.0 0.0 0.0 0.9948982000350952 0.10088378190994263
1654618311.4279773 3.369110107421875 3.001415252685547 0.0 0.0 0.0 0.9958797693252563 0.09068311750888824
1654618311.5278728 3.3144302368164062 3.0179672241210938 0.0 0.0 0.0 0.9968371987342834 0.07947098463773727
1654618311.6275852 3.2603759765625 3.031024932861328 0.0 0.0 0.0 0.9979047775268555 0.0646996796131134
1654618311.7273288 3.1924362182617188 3.040912628173828 0.0 0.0 0.0 0.9987084865570068 0.05080724507570267
1654618311.8272045 3.127704620361328 3.061756134033203 0.0 0.0 0.0 0.9989554286003113 0.04569496214389801
1654618311.9272075 3.052581787109375 3.0569076538085938 0.0 0.0 0.0 0.9995158314704895 0.03111475706100464
1654618312.0271769 2.983001708984375 3.0667190551757812 0.0 0.0 0.0 0.9996399879455566 0.02683122456073761
1654618312.1271884 2.908782958984375 3.058483123779297 0.0 0.0 0.0 0.9998972415924072 0.014334024861454964
1654618312.2272563 2.8374862670898438 3.0730514526367188 0.0 0.0 0.0 0.9999575614929199 0.009215776808559895
1654618312.3274431 2.77093505859375 3.0806961059570312 0.0 0.0 0.0 0.9999924302101135 0.0038963020779192448
1654618312.427598 2.70196533203125 3.082244873046875 0.0 0.0 0.0 -0.9999927878379822 0.0037962861824780703
1654618312.5276704 2.6192626953125 3.083728790283203 0.0 0.0 0.0 -0.999954879283905 0.009496621787548065
1654618312.627692 2.5501022338867188 3.08587646484375 0.0 0.0 0.0 -0.9998813271522522 0.01540690939873457
1654618312.7276003 2.4695205688476562 3.0872421264648438 0.0 0.0 0.0 -0.9997353553771973 0.02300579659640789
1654618312.8274171 2.3962783813476562 3.081157684326172 0.0 0.0 0.0 -0.9995651841163635 0.029486272484064102
1654618312.9272363 2.321613311767578 3.085254669189453 0.0 0.0 0.0 -0.9993705749511719 0.03547456115484238
1654618313.0270853 2.2479171752929688 3.0771560668945312 0.0 0.0 0.0 -0.9991274476051331 0.041764818131923676
1654618313.1270895 2.169891357421875 3.071929931640625 0.0 0.0 0.0 -0.9989759922027588 0.04524374380707741
1654618313.2272804 2.084583282470703 3.0758285522460938 0.0 0.0 0.0 -0.9988970756530762 0.04695293679833412
1654618313.327519 1.9981613159179688 3.0689163208007812 0.0 0.0 0.0 -0.999031662940979 0.04399722442030907
1654618313.4276392 1.920318603515625 3.0653076171875 0.0 0.0 0.0 -0.9991745352745056 0.040622811764478683
1654618313.527725 1.8300895690917969 3.0618057250976562 0.0 0.0 0.0 -0.9993853569030762 0.03505532443523407
1654618313.62779 1.7485275268554688 3.0488967895507812 0.0 0.0 0.0 -0.9995848536491394 0.028811834752559662
1654618313.7277822 1.6547431945800781 3.035125732421875 0.0 0.0 0.0 -0.9996981620788574 0.02456735260784626
1654618313.8277497 1.5760383605957031 3.035186767578125 0.0 0.0 0.0 -0.9998307228088379 0.018397560343146324
1654618313.927664 1.4681472778320312 3.0405502319335938 0.0 0.0 0.0 -0.9999053478240967 0.013759373687207699
1654618314.0275204 1.3803176879882812 3.0308761596679688 0.0 0.0 0.0 -0.9999629855155945 0.008602707646787167
1654618314.1274219 1.2972831726074219 3.033355712890625 0.0 0.0 0.0 -0.9999803900718689 0.006262217648327351
1654618314.2272346 1.2085647583007812 3.029041290283203 0.0 0.0 0.0 -0.9999827742576599 0.005869072861969471
1654618314.3269906 1.1260185241699219 3.02740478515625 0.0 0.0 0.0 -0.9999737739562988 0.007242095656692982
1654618314.4267442 1.0354423522949219 3.0280075073242188 0.0 0.0 0.0 -0.999966025352478 0.008243781514465809
1654618314.5265784 0.9453010559082031 3.02911376953125 0.0 0.0 0.0 -0.99994295835495 0.010679117403924465
1654618314.626565 0.8791999816894531 3.0282058715820312 0.0 0.0 0.0 -0.9998759031295776 0.015753528103232384
1654618314.726723 0.7797966003417969 3.0355453491210938 0.0 0.0 0.0 -0.9998354911804199 0.018139038234949112
1654618314.8271456 0.7006416320800781 3.0334548950195312 0.0 0.0 0.0 -0.9998078346252441 0.019604455679655075
1654618314.9274418 0.6201248168945312 3.0383834838867188 0.0 0.0 0.0 -0.9996331334114075 0.027085762470960617
1654618315.0276127 0.5593070983886719 3.031383514404297 0.0 0.0 0.0 -0.9994370937347412 0.033548928797245026
1654618315.1276336 0.4920463562011719 3.027141571044922 0.0 0.0 0.0 -0.9991986155509949 0.040026772767305374
1654618315.2274344 0.43526458740234375 3.0232772827148438 0.0 0.0 0.0 -0.9987905621528625 0.049166832119226456
1654618315.3271887 0.37514495849609375 3.0174560546875 0.0 0.0 0.0 -0.9980632662773132 0.062207162380218506
1654618315.4269903 0.3175773620605469 3.019603729248047 0.0 0.0 0.0 -0.9970248937606812 0.07708008587360382
1654618315.5267315 0.2672004699707031 3.017730712890625 0.0 0.0 0.0 -0.9952061176300049 0.09779967367649078
1654618315.626555 0.221832275390625 3.0155563354492188 0.0 0.0 0.0 -0.9931600093841553 0.11676136404275894
1654618315.7264888 0.16944122314453125 3.012378692626953 0.0 0.0 0.0 -0.9900116324424744 0.1409858614206314
1654618315.8265293 0.12591552734375 3.0064468383789062 0.0 0.0 0.0 -0.9859845638275146 0.1668364405632019
1654618315.9268131 0.08649444580078125 3.0067672729492188 0.0 0.0 0.0 -0.9813370108604431 0.19229580461978912
1654618316.0271199 0.04796600341796875 3.0073928833007812 0.0 0.0 0.0 -0.9746604561805725 0.22368942201137543
1654618316.1274111 0.028461456298828125 3.0074996948242188 0.0 0.0 0.0 -0.9673215746879578 0.25355279445648193
1654618316.2276263 0.000110626220703125 3.0030441284179688 0.0 0.0 0.0 -0.9577921032905579 0.28746169805526733
1654618316.3277435 -0.02529144287109375 3.008831024169922 0.0 0.0 0.0 -0.9473276138305664 0.32026615738868713
1654618316.4278164 -0.0501556396484375 3.0155868530273438 0.0 0.0 0.0 -0.9352384805679321 0.35401830077171326
1654618316.5277874 -0.06833267211914062 3.0198440551757812 0.0 0.0 0.0 -0.9217924475669861 0.3876837491989136
1654618316.6277134 -0.08648681640625 3.02423095703125 0.0 0.0 0.0 -0.9063794612884521 0.4224644899368286
1654618316.7276254 -0.09259414672851562 3.019695281982422 0.0 0.0 0.0 -0.8913942575454712 0.4532286822795868
1654618316.8275769 -0.10823822021484375 3.0147628784179688 0.0 0.0 0.0 -0.8767346739768982 0.48097431659698486
1654618316.9276898 -0.12168121337890625 3.0187454223632812 0.0 0.0 0.0 -0.8608801364898682 0.5088077783584595
1654618317.0277815 -0.12300491333007812 3.0162734985351562 0.0 0.0 0.0 -0.8453629612922668 0.5341923832893372
1654618317.1278849 -0.12819671630859375 3.0111312866210938 0.0 0.0 0.0 -0.8297215104103088 0.5581775903701782
1654618317.2279499 -0.14110183715820312 3.0093994140625 0.0 0.0 0.0 -0.8146420121192932 0.5799641609191895
1654618317.3279705 -0.1682891845703125 3.0040512084960938 0.0 0.0 0.0 -0.7983708381652832 0.6021661162376404
1654618317.427889 -0.1718902587890625 2.9937667846679688 0.0 0.0 0.0 -0.7862035632133484 0.6179676055908203
1654618317.5277994 -0.18517303466796875 2.9757308959960938 0.0 0.0 0.0 -0.7731316089630127 0.6342455744743347
1654618317.627619 -0.1978607177734375 2.95355224609375 0.0 0.0 0.0 -0.7608769536018372 0.6488961577415466
1654618317.727432 -0.20455169677734375 2.9301071166992188 0.0 0.0 0.0 -0.7497584223747253 0.6617116332054138
1654618317.8272645 -0.22156524658203125 2.897563934326172 0.0 0.0 0.0 -0.7416275143623352 0.6708119511604309
1654618317.9271617 -0.23510360717773438 2.8551712036132812 0.0 0.0 0.0 -0.7349865436553955 0.6780816912651062
1654618318.0269523 -0.24591827392578125 2.813629150390625 0.0 0.0 0.0 -0.7276821136474609 0.6859145760536194
1654618318.1268473 -0.2522430419921875 2.7645263671875 0.0 0.0 0.0 -0.7207103371620178 0.6932363510131836
1654618318.2268162 -0.2550468444824219 2.705158233642578 0.0 0.0 0.0 -0.7153778076171875 0.6987378597259521
1654618318.326821 -0.2633018493652344 2.645832061767578 0.0 0.0 0.0 -0.7078226208686829 0.7063902616500854
1654618318.4268198 -0.2616996765136719 2.5850143432617188 0.0 0.0 0.0 -0.7022470831871033 0.7119333148002625
1654618318.5269306 -0.2617301940917969 2.522449493408203 0.0 0.0 0.0 -0.696620762348175 0.7174395322799683
1654618318.627166 -0.2645301818847656 2.457965850830078 0.0 0.0 0.0 -0.6930968165397644 0.7208445072174072
1654618318.7273855 -0.2616424560546875 2.3838577270507812 0.0 0.0 0.0 -0.6916937828063965 0.7221909165382385
1654618318.827648 -0.25711822509765625 2.3133926391601562 0.0 0.0 0.0 -0.6922463178634644 0.7216613292694092
1654618318.9278767 -0.2664337158203125 2.2217788696289062 0.0 0.0 0.0 -0.6915984153747559 0.7222822308540344
1654618319.0278494 -0.25438690185546875 2.150066375732422 0.0 0.0 0.0 -0.6937856674194336 0.7201815247535706
1654618319.1275887 -0.2568855285644531 2.069042205810547 0.0 0.0 0.0 -0.6948944330215454 0.7191118001937866
1654618319.2273085 -0.25403594970703125 1.9964981079101562 0.0 0.0 0.0 -0.6955711841583252 0.7184572219848633
1654618319.3270364 -0.258087158203125 1.9306144714355469 0.0 0.0 0.0 -0.6942863464355469 0.7196988463401794
1654618319.4267669 -0.248382568359375 1.862030029296875 0.0 0.0 0.0 -0.6929070353507996 0.7210268974304199
1654618319.5266678 -0.24025344848632812 1.7826919555664062 0.0 0.0 0.0 -0.6906039714813232 0.723233163356781
1654618319.6267183 -0.23848724365234375 1.7191352844238281 0.0 0.0 0.0 -0.6888781785964966 0.724877119064331
1654618319.7268214 -0.24644851684570312 1.6433029174804688 0.0 0.0 0.0 -0.6870825290679932 0.7265793681144714
1654618319.8269737 -0.23978042602539062 1.5655097961425781 0.0 0.0 0.0 -0.6846239566802979 0.7288964986801147
1654618319.9270923 -0.25087738037109375 1.508544921875 0.0 0.0 0.0 -0.6799612045288086 0.7332481145858765
1654618320.0272512 -0.23229217529296875 1.4353408813476562 0.0 0.0 0.0 -0.6775365471839905 0.7354890704154968
1654618320.127246 -0.2318878173828125 1.3619766235351562 0.0 0.0 0.0 -0.6740411520004272 0.7386937737464905
1654618320.227243 -0.23240280151367188 1.3186569213867188 0.0 0.0 0.0 -0.6680376529693604 0.7441275119781494
1654618320.3273072 -0.23482513427734375 1.2595024108886719 0.0 0.0 0.0 -0.6604307889938354 0.7508869171142578
1654618320.427287 -0.23640060424804688 1.2010612487792969 0.0 0.0 0.0 -0.6534891128540039 0.7569358944892883
1654618320.5271695 -0.221923828125 1.165771484375 0.0 0.0 0.0 -0.6435761451721191 0.7653821110725403
1654618320.6270797 -0.22637176513671875 1.1222457885742188 0.0 0.0 0.0 -0.6317718625068665 0.7751544117927551
1654618320.7270179 -0.23253631591796875 1.1104736328125 0.0 0.0 0.0 -0.6170868277549744 0.7868950963020325
1654618320.8270152 -0.22780609130859375 1.0745162963867188 0.0 0.0 0.0 -0.601813554763794 0.7986366152763367
1654618320.92708 -0.22190093994140625 1.0441360473632812 0.0 0.0 0.0 -0.5863978862762451 0.8100231289863586
1654618321.0271347 -0.21379852294921875 1.0081863403320312 0.0 0.0 0.0 -0.5689979195594788 0.8223389387130737
1654618321.1272814 -0.20822525024414062 0.9752616882324219 0.0 0.0 0.0 -0.5508989095687866 0.8345719575881958
1654618321.2275379 -0.20872116088867188 0.9364700317382812 0.0 0.0 0.0 -0.5358619689941406 0.8443055748939514
1654618321.32774 -0.2091827392578125 0.9202041625976562 0.0 0.0 0.0 -0.5179134011268616 0.8554330468177795
1654618321.4278362 -0.20522689819335938 0.8882064819335938 0.0 0.0 0.0 -0.49988090991973877 0.866094172000885
1654618321.527907 -0.2044677734375 0.8644790649414062 0.0 0.0 0.0 -0.4820830225944519 0.8761255145072937
1654618321.627953 -0.2088165283203125 0.8552780151367188 0.0 0.0 0.0 -0.45765310525894165 0.8891308307647705
1654618321.7279458 -0.19858932495117188 0.822540283203125 0.0 0.0 0.0 -0.4384579062461853 0.8987517356872559
1654618321.8279326 -0.20856094360351562 0.8035964965820312 0.0 0.0 0.0 -0.41348302364349365 0.9105117917060852
1654618321.927847 -0.1958465576171875 0.78546142578125 0.0 0.0 0.0 -0.3893882632255554 0.9210737347602844
1654618322.0277364 -0.19189453125 0.7746505737304688 0.0 0.0 0.0 -0.36396318674087524 0.9314133524894714
1654618322.127595 -0.20062255859375 0.7663764953613281 0.0 0.0 0.0 -0.3347383737564087 0.9423111081123352
1654618322.2273777 -0.20544052124023438 0.7480659484863281 0.0 0.0 0.0 -0.30165982246398926 0.9534156322479248
1654618322.3271086 -0.19509124755859375 0.72601318359375 0.0 0.0 0.0 -0.27218201756477356 0.962245762348175
1654618322.426996 -0.18790817260742188 0.7117996215820312 0.0 0.0 0.0 -0.24305963516235352 0.9700113534927368
1654618322.5271227 -0.18971633911132812 0.6923446655273438 0.0 0.0 0.0 -0.21075400710105896 0.9775391221046448
1654618322.6272871 -0.1830291748046875 0.6804924011230469 0.0 0.0 0.0 -0.18636783957481384 0.9824800491333008
1654618322.7275977 -0.18317031860351562 0.6610488891601562 0.0 0.0 0.0 -0.16307595372200012 0.9866135120391846
1654618322.8278606 -0.17826080322265625 0.6538276672363281 0.0 0.0 0.0 -0.14215824007987976 0.9898439645767212
1654618322.9280486 -0.16926193237304688 0.6456108093261719 0.0 0.0 0.0 -0.11765550076961517 0.9930544495582581
1654618323.02813 -0.16124343872070312 0.6309127807617188 0.0 0.0 0.0 -0.09285397827625275 0.9956797361373901
1654618323.1280918 -0.14382171630859375 0.6282768249511719 0.0 0.0 0.0 -0.07002069801092148 0.9975455403327942
1654618323.227971 -0.13814544677734375 0.6156234741210938 0.0 0.0 0.0 -0.04667603597044945 0.9989100694656372
1654618323.3279147 -0.11624908447265625 0.6101570129394531 0.0 0.0 0.0 -0.025712667033076286 0.9996693730354309
1654618323.4279277 -0.07802963256835938 0.6232681274414062 0.0 0.0 0.0 -0.011613020673394203 0.999932587146759
1654618323.5280766 -0.0550689697265625 0.6227951049804688 0.0 0.0 0.0 0.007077365648001432 0.9999749660491943
1654618323.6282878 -0.02248382568359375 0.6242790222167969 0.0 0.0 0.0 0.02018853649497032 0.9997962117195129
1654618323.7283442 0.012542724609375 0.6194381713867188 0.0 0.0 0.0 0.030831800773739815 0.9995245933532715
1654618323.8283358 0.062835693359375 0.6114006042480469 0.0 0.0 0.0 0.03563293069601059 0.999364972114563
1654618323.9283414 0.11695480346679688 0.6111068725585938 0.0 0.0 0.0 0.03909332677721977 0.9992355704307556
1654618324.0282028 0.184722900390625 0.6069107055664062 0.0 0.0 0.0 0.040312331169843674 0.9991871118545532
1654618324.1280177 0.2585334777832031 0.614288330078125 0.0 0.0 0.0 0.037877243012189865 0.9992824196815491
1654618324.227766 0.3306465148925781 0.6110343933105469 0.0 0.0 0.0 0.03719229996204376 0.9993081092834473
1654618324.3274915 0.4075736999511719 0.6215400695800781 0.0 0.0 0.0 0.036065783351659775 0.9993494153022766
1654618324.4272366 0.4946174621582031 0.6249198913574219 0.0 0.0 0.0 0.034736186265945435 0.9993965029716492
1654618324.527019 0.5760612487792969 0.6304397583007812 0.0 0.0 0.0 0.033298421651124954 0.9994454383850098
1654618324.6268556 0.6506423950195312 0.6293449401855469 0.0 0.0 0.0 0.03501850739121437 0.9993866682052612
1654618324.7267916 0.72808837890625 0.6319503784179688 0.0 0.0 0.0 0.035788919776678085 0.9993593692779541
1654618324.8266997 0.8096733093261719 0.6387443542480469 0.0 0.0 0.0 0.038433123379945755 0.999261200428009
1654618324.92667 0.8859977722167969 0.6410140991210938 0.0 0.0 0.0 0.04073980450630188 0.9991697669029236
1654618325.0266986 0.9655380249023438 0.6502456665039062 0.0 0.0 0.0 0.043924201279878616 0.9990348815917969
1654618325.1267333 1.0383834838867188 0.6615219116210938 0.0 0.0 0.0 0.05035610496997833 0.9987313151359558
1654618325.226791 1.1289176940917969 0.6645736694335938 0.0 0.0 0.0 0.053663164377212524 0.9985591173171997
1654618325.3267915 1.1996040344238281 0.6642570495605469 0.0 0.0 0.0 0.05733048543334007 0.9983552694320679
1654618325.4267738 1.2948722839355469 0.6824951171875 0.0 0.0 0.0 0.05861244723200798 0.9982808232307434
1654618325.5266702 1.3679275512695312 0.67974853515625 0.0 0.0 0.0 0.061973392963409424 0.9980778098106384
1654618325.6265366 1.4511337280273438 0.6902046203613281 0.0 0.0 0.0 0.06063712015748024 0.9981598854064941
1654618325.7264326 1.542877197265625 0.6928520202636719 0.0 0.0 0.0 0.06094912439584732 0.9981408715248108
1654618325.8263853 1.635955810546875 0.6990470886230469 0.0 0.0 0.0 0.061363574117422104 0.9981154799461365
1654618325.9263086 1.7099075317382812 0.7026252746582031 0.0 0.0 0.0 0.061490483582019806 0.9981076717376709
1654618326.026157 1.8035469055175781 0.7175788879394531 0.0 0.0 0.0 0.05881637707352638 0.9982688426971436
1654618326.126033 1.8745956420898438 0.7260971069335938 0.0 0.0 0.0 0.057498712092638016 0.9983455538749695
1654618326.2260225 1.9847335815429688 0.7409858703613281 0.0 0.0 0.0 0.054769210517406464 0.9984990358352661
1654618326.3262224 2.0761489868164062 0.7488937377929688 0.0 0.0 0.0 0.05440625548362732 0.9985188841819763
1654618326.4264135 2.1549072265625 0.7548141479492188 0.0 0.0 0.0 0.05376480519771576 0.9985536336898804
1654618326.5265417 2.245037078857422 0.7574348449707031 0.0 0.0 0.0 0.054212991148233414 0.9985293745994568
1654618326.6265955 2.332355499267578 0.771087646484375 0.0 0.0 0.0 0.05263901501893997 0.9986135959625244
1654618326.7267816 2.4223556518554688 0.78271484375 0.0 0.0 0.0 0.05509354546666145 0.9984812140464783
1654618326.8270078 2.4999008178710938 0.7881660461425781 0.0 0.0 0.0 0.057904571294784546 0.9983221292495728
1654618326.9272902 2.5840225219726562 0.8036880493164062 0.0 0.0 0.0 0.06028330698609352 0.9981812834739685
1654618327.0275276 2.667572021484375 0.8163337707519531 0.0 0.0 0.0 0.06338217854499817 0.9979893565177917
1654618327.127731 2.7518844604492188 0.82122802734375 0.0 0.0 0.0 0.06762918084859848 0.9977105259895325
1654618327.2278357 2.824291229248047 0.8253860473632812 0.0 0.0 0.0 0.07357180118560791 0.9972898960113525
1654618327.3279274 2.903034210205078 0.8341140747070312 0.0 0.0 0.0 0.07794848829507828 0.9969573616981506
1654618327.4279325 2.979236602783203 0.8469467163085938 0.0 0.0 0.0 0.08482594788074493 0.9963957667350769
1654618327.527789 3.0566329956054688 0.8546333312988281 0.0 0.0 0.0 0.09405392408370972 0.9955670833587646
1654618327.6276402 3.13470458984375 0.8654594421386719 0.0 0.0 0.0 0.10580131411552429 0.9943872690200806
1654618327.7274177 3.200428009033203 0.87847900390625 0.0 0.0 0.0 0.12077007442712784 0.9926804900169373
1654618327.8272169 3.266845703125 0.881622314453125 0.0 0.0 0.0 0.1416964828968048 0.9899101257324219
1654618327.9271076 3.321025848388672 0.8892135620117188 0.0 0.0 0.0 0.16355808079242706 0.9865337014198303
1654618328.0269876 3.365020751953125 0.8896980285644531 0.0 0.0 0.0 0.19164276123046875 0.9814647436141968
1654618328.1269352 3.4069442749023438 0.8989181518554688 0.0 0.0 0.0 0.21845224499702454 0.9758476614952087
1654618328.227004 3.4458084106445312 0.8970451354980469 0.0 0.0 0.0 0.24713827669620514 0.9689801931381226
1654618328.327145 3.471405029296875 0.9049491882324219 0.0 0.0 0.0 0.275120347738266 0.9614098072052002
1654618328.4272213 3.504627227783203 0.9084701538085938 0.0 0.0 0.0 0.30695340037345886 0.9517245292663574
1654618328.5273101 3.5165481567382812 0.9197998046875 0.0 0.0 0.0 0.3373655378818512 0.9413737058639526
1654618328.6273391 3.55120849609375 0.931060791015625 0.0 0.0 0.0 0.3670675754547119 0.9301942586898804
1654618328.7273874 3.579570770263672 0.9399795532226562 0.0 0.0 0.0 0.3945675194263458 0.9188669323921204
1654618328.8274424 3.606822967529297 0.9532699584960938 0.0 0.0 0.0 0.4209694564342499 0.9070748090744019
1654618328.9275043 3.633392333984375 0.96636962890625 0.0 0.0 0.0 0.44314655661582947 0.8964491486549377
1654618329.0275497 3.6554641723632812 0.9849433898925781 0.0 0.0 0.0 0.4639420211315155 0.8858655691146851
1654618329.1275384 3.68865966796875 1.0099601745605469 0.0 0.0 0.0 0.48102280497550964 0.8767080903053284
1654618329.2273383 3.7075271606445312 1.0371170043945312 0.0 0.0 0.0 0.49697715044021606 0.8677636384963989
1654618329.3270433 3.744293212890625 1.0754470825195312 0.0 0.0 0.0 0.5131930112838745 0.8582732081413269
1654618329.4266849 3.7729873657226562 1.1109695434570312 0.0 0.0 0.0 0.5306426286697388 0.8475956916809082
1654618329.5265636 3.809864044189453 1.1582756042480469 0.0 0.0 0.0 0.5451367497444153 0.8383471369743347
1654618329.626558 3.8323440551757812 1.2054672241210938 0.0 0.0 0.0 0.5591897964477539 0.8290396332740784
1654618329.7265856 3.8682022094726562 1.2527961730957031 0.0 0.0 0.0 0.5734320282936096 0.819253146648407
1654618329.826651 3.8952560424804688 1.3034744262695312 0.0 0.0 0.0 0.5887390375137329 0.8083232045173645
1654618329.926715 3.9279403686523438 1.3604850769042969 0.0 0.0 0.0 0.6037400364875793 0.7971813082695007
1654618330.0267153 3.9516525268554688 1.4125480651855469 0.0 0.0 0.0 0.6212973594665527 0.7835748791694641
1654618330.1266491 3.973438262939453 1.4788131713867188 0.0 0.0 0.0 0.6389092206954956 0.7692821025848389
1654618330.2266784 4.006999969482422 1.5476913452148438 0.0 0.0 0.0 0.6564128398895264 0.7544018626213074
1654618330.326732 4.020946502685547 1.6112289428710938 0.0 0.0 0.0 0.6730800867080688 0.7395696043968201
1654618330.4270287 4.024444580078125 1.6738052368164062 0.0 0.0 0.0 0.688713014125824 0.7250340580940247
1654618330.5273035 4.024444580078125 1.74346923828125 0.0 0.0 0.0 0.7028670907020569 0.7113211750984192
1654618330.6275733 4.040264129638672 1.8281364440917969 0.0 0.0 0.0 0.7146735787391663 0.699458122253418
1654618330.7277174 4.036651611328125 1.9055595397949219 0.0 0.0 0.0 0.726051390171051 0.6876404285430908
1654618330.827829 4.0382080078125 1.9892463684082031 0.0 0.0 0.0 0.7348527908325195 0.6782266497612
1654618330.9277709 4.051586151123047 2.077098846435547 0.0 0.0 0.0 0.742301881313324 0.6700656414031982
1654618331.0275106 4.033531188964844 2.1677627563476562 0.0 0.0 0.0 0.7467931509017944 0.6650563478469849
1654618331.1271393 4.021556854248047 2.248554229736328 0.0 0.0 0.0 0.7518554329872131 0.659328043460846
1654618331.226819 4.019004821777344 2.3207778930664062 0.0 0.0 0.0 0.7598996162414551 0.6500404477119446
1654618331.3265588 4.016990661621094 2.3958816528320312 0.0 0.0 0.0 0.7680720686912537 0.6403634548187256
1654618331.4263887 4.003273010253906 2.475879669189453 0.0 0.0 0.0 0.7769904732704163 0.629512369632721
1654618331.5262618 3.9896469116210938 2.5401077270507812 0.0 0.0 0.0 0.7920501828193665 0.6104559898376465
1654618331.6260412 3.971893310546875 2.59381103515625 0.0 0.0 0.0 0.8054932355880737 0.59260493516922
1654618331.7260556 3.9576644897460938 2.653766632080078 0.0 0.0 0.0 0.8224658370018005 0.5688145160675049
1654618331.8262615 3.962848663330078 2.7064208984375 0.0 0.0 0.0 0.8363198041915894 0.548241913318634
1654618331.9264727 3.954181671142578 2.7360000610351562 0.0 0.0 0.0 0.8511126041412354 0.5249831676483154
1654618332.0267434 3.9471969604492188 2.7499923706054688 0.0 0.0 0.0 0.8665969371795654 0.49900877475738525
1654618332.1270006 3.9519119262695312 2.778533935546875 0.0 0.0 0.0 0.8807243704795837 0.4736291170120239
1654618332.227136 3.9561538696289062 2.794567108154297 0.0 0.0 0.0 0.8977108001708984 0.4405851364135742
1654618332.3270962 3.9708633422851562 2.8106460571289062 0.0 0.0 0.0 0.912911057472229 0.4081585109233856
1654618332.4270358 3.9827041625976562 2.827220916748047 0.0 0.0 0.0 0.9282641410827637 0.3719216585159302
1654618332.5269434 3.9805908203125 2.8306198120117188 0.0 0.0 0.0 0.9426107406616211 0.33389365673065186
1654618332.6269114 4.001842498779297 2.83233642578125 0.0 0.0 0.0 0.9554558992385864 0.29513391852378845
1654618332.7269235 4.0068359375 2.8435134887695312 0.0 0.0 0.0 0.965364396572113 0.260905385017395
1654618332.8269806 4.033378601074219 2.8577499389648438 0.0 0.0 0.0 0.9740509390830994 0.22632886469364166
1654618332.927058 4.04302978515625 2.8644180297851562 0.0 0.0 0.0 0.9808022379875183 0.19500499963760376
1654618333.0271525 4.062915802001953 2.86016845703125 0.0 0.0 0.0 0.9869223237037659 0.16119647026062012
1654618333.1273506 4.069267272949219 2.866973876953125 0.0 0.0 0.0 0.9909273982048035 0.13439807295799255
1654618333.2275245 4.068061828613281 2.87847900390625 0.0 0.0 0.0 0.9937012791633606 0.11206161230802536
1654618333.3276198 4.066761016845703 2.887920379638672 0.0 0.0 0.0 0.9956994652748108 0.0926421508193016
1654618333.4277394 4.063060760498047 2.902179718017578 0.0 0.0 0.0 0.997046947479248 0.07679435610771179
1654618333.52784 4.048908233642578 2.896747589111328 0.0 0.0 0.0 0.9978724122047424 0.0651969239115715
1654618333.6277661 4.030738830566406 2.902545928955078 0.0 0.0 0.0 0.9986305832862854 0.05231621116399765
1654618333.7276895 4.002235412597656 2.9207229614257812 0.0 0.0 0.0 0.9992725253105164 0.038137082010507584
1654618333.827743 3.969104766845703 2.9314041137695312 0.0 0.0 0.0 0.9996833801269531 0.02516118995845318
1654618333.9279547 3.9182052612304688 2.9296035766601562 0.0 0.0 0.0 0.9998576641082764 0.016872158274054527
1654618334.0282736 3.855083465576172 2.937835693359375 0.0 0.0 0.0 0.9999581575393677 0.00914723426103592
1654618334.1285865 3.777759552001953 2.9392623901367188 0.0 0.0 0.0 0.9999470114707947 0.010291589424014091
1654618334.2288315 3.688762664794922 2.945079803466797 0.0 0.0 0.0 0.9999143481254578 0.013088405132293701
1654618334.3288577 3.60052490234375 2.9450302124023438 0.0 0.0 0.0 0.9997787475585938 0.02103443443775177
1654618334.4286354 3.50909423828125 2.941883087158203 0.0 0.0 0.0 0.9997009038925171 0.024456879124045372
1654618334.5282438 3.4071731567382812 2.948314666748047 0.0 0.0 0.0 0.9995153546333313 0.031128816306591034
1654618334.6278827 3.3175582885742188 2.95562744140625 0.0 0.0 0.0 0.9994481801986694 0.033215925097465515
1654618334.7275946 3.2284774780273438 2.9617538452148438 0.0 0.0 0.0 0.9993832111358643 0.035116083920001984
1654618334.8273983 3.1445999145507812 2.9659423828125 0.0 0.0 0.0 0.9994084239006042 0.0343911312520504
1654618334.9272156 3.0526504516601562 2.96990966796875 0.0 0.0 0.0 0.9994552135467529 0.033003609627485275
1654618335.0270996 2.961181640625 2.979900360107422 0.0 0.0 0.0 0.9996647834777832 0.025890154764056206
1654618335.127092 2.880401611328125 2.981761932373047 0.0 0.0 0.0 0.9998316168785095 0.018349170684814453
1654618335.2271104 2.7960586547851562 2.994213104248047 0.0 0.0 0.0 0.9999417066574097 0.010798439383506775
1654618335.3272521 2.703052520751953 2.999980926513672 0.0 0.0 0.0 0.9999951124191284 0.003122876863926649
1654618335.427371 2.6212081909179688 3.006519317626953 0.0 0.0 0.0 -0.9999938011169434 0.0035151925403624773
1654618335.527511 2.5396652221679688 3.0060195922851562 0.0 0.0 0.0 -0.9999472498893738 0.010269775055348873
1654618335.6277099 2.43939208984375 3.002166748046875 0.0 0.0 0.0 -0.999872088432312 0.015992749482393265
1654618335.7280126 2.340679168701172 3.007129669189453 0.0 0.0 0.0 -0.9998102188110352 0.019480621442198753
1654618335.8283422 2.2498779296875 3.01043701171875 0.0 0.0 0.0 -0.9997670650482178 0.02158326841890812
1654618335.9285862 2.1527938842773438 2.9947128295898438 0.0 0.0 0.0 -0.9997466206550598 0.02250870317220688
1654618336.028699 2.0547409057617188 3.000354766845703 0.0 0.0 0.0 -0.9996873736381531 0.025004001334309578
1654618336.1286182 1.9632568359375 2.993633270263672 0.0 0.0 0.0 -0.9997076988220215 0.024177536368370056
1654618336.2284038 1.8669624328613281 2.995868682861328 0.0 0.0 0.0 -0.9996816515922546 0.02523007057607174
1654618336.328018 1.7650680541992188 2.991374969482422 0.0 0.0 0.0 -0.9996733069419861 0.02555910125374794
1654618336.427502 1.6607284545898438 2.987293243408203 0.0 0.0 0.0 -0.9996132850646973 0.027807779610157013
1654618336.5269213 1.558502197265625 2.984149932861328 0.0 0.0 0.0 -0.999556839466095 0.02976795844733715
1654618336.6264493 1.4648513793945312 2.978961944580078 0.0 0.0 0.0 -0.9993517994880676 0.03600005805492401
1654618336.7262633 1.3693313598632812 2.972545623779297 0.0 0.0 0.0 -0.9991887807846069 0.040270715951919556
1654618336.8263135 1.2833366394042969 2.9686279296875 0.0 0.0 0.0 -0.9988890290260315 0.047124169766902924
1654618336.9265466 1.1876029968261719 2.961090087890625 0.0 0.0 0.0 -0.998690128326416 0.05116714537143707
1654618337.0268462 1.0884933471679688 2.9635848999023438 0.0 0.0 0.0 -0.9983015656471252 0.058258384466171265
1654618337.1272185 0.9993515014648438 2.9580001831054688 0.0 0.0 0.0 -0.9980005621910095 0.06320500373840332
1654618337.2275722 0.9096755981445312 2.944805145263672 0.0 0.0 0.0 -0.9974867105484009 0.07085373252630234
1654618337.3278887 0.8268814086914062 2.9355392456054688 0.0 0.0 0.0 -0.9968884587287903 0.07882534712553024
1654618337.4281213 0.7345085144042969 2.91552734375 0.0 0.0 0.0 -0.9961405396461487 0.08777248114347458
1654618337.5282078 0.6604995727539062 2.9104385375976562 0.0 0.0 0.0 -0.9949088096618652 0.10077917575836182
1654618337.6281729 0.5828018188476562 2.905010223388672 0.0 0.0 0.0 -0.9933732748031616 0.11493281275033951
1654618337.7279456 0.5126571655273438 2.9027175903320312 0.0 0.0 0.0 -0.9909631013870239 0.13413463532924652
1654618337.8275428 0.4541816711425781 2.8870010375976562 0.0 0.0 0.0 -0.9879761338233948 0.1546066403388977
1654618337.9270818 0.4015922546386719 2.8793106079101562 0.0 0.0 0.0 -0.983504593372345 0.18088316917419434
1654618338.0267296 0.351531982421875 2.8709945678710938 0.0 0.0 0.0 -0.9778727293014526 0.20920076966285706
1654618338.1264896 0.30348968505859375 2.8597793579101562 0.0 0.0 0.0 -0.9705014228820801 0.24109548330307007
1654618338.2265022 0.25881195068359375 2.8479843139648438 0.0 0.0 0.0 -0.9611329436302185 0.27608588337898254
1654618338.3266797 0.22587203979492188 2.8498611450195312 0.0 0.0 0.0 -0.950151264667511 0.3117893636226654
1654618338.426943 0.18355178833007812 2.843517303466797 0.0 0.0 0.0 -0.9374983906745911 0.34798967838287354
1654618338.5272148 0.14989089965820312 2.841594696044922 0.0 0.0 0.0 -0.9207325577735901 0.39019420742988586
1654618338.6273508 0.13100433349609375 2.8243331909179688 0.0 0.0 0.0 -0.9027501344680786 0.43016529083251953
1654618338.7275124 0.10115432739257812 2.8172607421875 0.0 0.0 0.0 -0.8814841508865356 0.4722135663032532
1654618338.8277683 0.071807861328125 2.7977218627929688 0.0 0.0 0.0 -0.8596519231796265 0.510880172252655
1654618338.9279542 0.052703857421875 2.7762985229492188 0.0 0.0 0.0 -0.8384350538253784 0.5450014472007751
1654618339.0280364 0.02954864501953125 2.75323486328125 0.0 0.0 0.0 -0.8186588883399963 0.5742800831794739
1654618339.1279979 0.003826141357421875 2.7270889282226562 0.0 0.0 0.0 -0.8002283573150635 0.5996953845024109
1654618339.2279494 -0.018993377685546875 2.6902999877929688 0.0 0.0 0.0 -0.7837014198303223 0.6211376786231995
1654618339.327896 -0.04993438720703125 2.6513748168945312 0.0 0.0 0.0 -0.7665811777114868 0.642147421836853
1654618339.4278362 -0.06588363647460938 2.594268798828125 0.0 0.0 0.0 -0.7541298270225525 0.6567253470420837
1654618339.5277846 -0.08171844482421875 2.5358810424804688 0.0 0.0 0.0 -0.7425071001052856 0.6698381900787354
1654618339.627637 -0.09975051879882812 2.4662094116210938 0.0 0.0 0.0 -0.7327090501785278 0.6805420517921448
1654618339.7275882 -0.09653091430664062 2.390148162841797 0.0 0.0 0.0 -0.7247653007507324 0.6889958381652832
1654618339.8275578 -0.10329437255859375 2.3187332153320312 0.0 0.0 0.0 -0.7160035371780396 0.6980966329574585
1654618339.927498 -0.12064361572265625 2.238513946533203 0.0 0.0 0.0 -0.7089983224868774 0.7052101492881775
1654618340.0273883 -0.12540054321289062 2.148731231689453 0.0 0.0 0.0 -0.7016911506652832 0.7124812602996826
1654618340.1272318 -0.12496566772460938 2.077526092529297 0.0 0.0 0.0 -0.6937240362167358 0.7202408909797668
1654618340.2270408 -0.13508987426757812 1.99127197265625 0.0 0.0 0.0 -0.6846179962158203 0.7289020419120789
1654618340.326914 -0.12357330322265625 1.9135017395019531 0.0 0.0 0.0 -0.6707605123519897 0.74167400598526
1654618340.426818 -0.12989425659179688 1.8472480773925781 0.0 0.0 0.0 -0.6600739359855652 0.7512006759643555
1654618340.5268078 -0.12350082397460938 1.7801437377929688 0.0 0.0 0.0 -0.6479663848876953 0.7616689801216125
1654618340.6270292 -0.11835861206054688 1.7044906616210938 0.0 0.0 0.0 -0.6358196139335632 0.7718377113342285
1654618340.7273211 -0.11388397216796875 1.6346855163574219 0.0 0.0 0.0 -0.6252809762954712 0.780399739742279
1654618340.827483 -0.09609222412109375 1.5649528503417969 0.0 0.0 0.0 -0.6163832545280457 0.7874463200569153
1654618340.9276073 -0.09939193725585938 1.4833793640136719 0.0 0.0 0.0 -0.6071941256523132 0.7945535182952881
1654618341.027606 -0.08062362670898438 1.4381484985351562 0.0 0.0 0.0 -0.5970417261123657 0.8022102117538452
1654618341.1274686 -0.08076858520507812 1.3729629516601562 0.0 0.0 0.0 -0.5856282114982605 0.810579776763916
1654618341.2272239 -0.056331634521484375 1.314208984375 0.0 0.0 0.0 -0.5726664066314697 0.8197885155677795
1654618341.3269033 -0.05178070068359375 1.2671585083007812 0.0 0.0 0.0 -0.5527102947235107 0.833373486995697
1654618341.4266016 -0.042415618896484375 1.2087783813476562 0.0 0.0 0.0 -0.5310562252998352 0.8473365902900696
1654618341.526405 -0.0347442626953125 1.1661872863769531 0.0 0.0 0.0 -0.5054894685745239 0.86283278465271
1654618341.6263905 -0.029384613037109375 1.1287117004394531 0.0 0.0 0.0 -0.4747125506401062 0.8801409006118774
1654618341.726432 -0.0364532470703125 1.1094169616699219 0.0 0.0 0.0 -0.4355911910533905 0.9001445770263672
1654618341.8264616 -0.0396728515625 1.0810966491699219 0.0 0.0 0.0 -0.39766955375671387 0.9175286889076233
1654618341.926613 -0.0545654296875 1.0651931762695312 0.0 0.0 0.0 -0.35672181844711304 0.9342106580734253
1654618342.0268874 -0.055484771728515625 1.0451126098632812 0.0 0.0 0.0 -0.315408855676651 0.9489558935165405
1654618342.1271615 -0.056804656982421875 1.0466423034667969 0.0 0.0 0.0 -0.271683931350708 0.9623865485191345
1654618342.2275138 -0.07020187377929688 1.02899169921875 0.0 0.0 0.0 -0.22972603142261505 0.9732553362846375
1654618342.3278687 -0.08121490478515625 1.0083198547363281 0.0 0.0 0.0 -0.18986621499061584 0.9818099737167358
1654618342.4281344 -0.07944488525390625 0.9891128540039062 0.0 0.0 0.0 -0.1527664214372635 0.9882622957229614
1654618342.528496 -0.05184173583984375 0.9715385437011719 0.0 0.0 0.0 -0.12902657687664032 0.9916411638259888
1654618342.6288185 -0.03769683837890625 0.9696578979492188 0.0 0.0 0.0 -0.10578487068414688 0.9943890571594238
1654618342.7290626 0.00101470947265625 0.9456901550292969 0.0 0.0 0.0 -0.09377903491258621 0.9955930113792419
1654618342.8291013 0.045673370361328125 0.9298934936523438 0.0 0.0 0.0 -0.08297871798276901 0.9965513348579407
1654618342.9288788 0.10565185546875 0.9185256958007812 0.0 0.0 0.0 -0.07305464893579483 0.9973279237747192
1654618343.0285525 0.17992019653320312 0.9064407348632812 0.0 0.0 0.0 -0.0644134134054184 0.9979233145713806
1654618343.128336 0.23640823364257812 0.8910408020019531 0.0 0.0 0.0 -0.05107817053794861 0.998694658279419
1654618343.228182 0.31760406494140625 0.8866043090820312 0.0 0.0 0.0 -0.04069840535521507 0.9991714954376221
1654618343.3280656 0.4131278991699219 0.8835334777832031 0.0 0.0 0.0 -0.030725086107850075 0.9995278716087341
1654618343.4278932 0.5081977844238281 0.8725776672363281 0.0 0.0 0.0 -0.020717957988381386 0.9997853636741638
1654618343.5276291 0.5900039672851562 0.8585739135742188 0.0 0.0 0.0 -0.0078323595225811 0.9999693036079407
1654618343.627358 0.6954727172851562 0.8486824035644531 0.0 0.0 0.0 0.0038767089135944843 0.9999924898147583
1654618343.7272427 0.7904243469238281 0.8449516296386719 0.0 0.0 0.0 0.016102833673357964 0.9998703598976135
1654618343.8272402 0.9041328430175781 0.8478813171386719 0.0 0.0 0.0 0.026554225012660027 0.9996473789215088
1654618343.927317 0.9979934692382812 0.8484420776367188 0.0 0.0 0.0 0.03811401501297951 0.999273419380188
1654618344.0275288 1.0881271362304688 0.8464126586914062 0.0 0.0 0.0 0.04917937517166138 0.9987899661064148
1654618344.1277092 1.19171142578125 0.8446769714355469 0.0 0.0 0.0 0.0578385628759861 0.9983259439468384
1654618344.2278335 1.2996139526367188 0.8511962890625 0.0 0.0 0.0 0.06458675861358643 0.9979121088981628
1654618344.3279855 1.4017868041992188 0.8621330261230469 0.0 0.0 0.0 0.06827836483716965 0.9976662993431091
1654618344.4281597 1.4944572448730469 0.8617439270019531 0.0 0.0 0.0 0.07074443995952606 0.9974944591522217
1654618344.528333 1.61346435546875 0.87847900390625 0.0 0.0 0.0 0.06941579282283783 0.9975878000259399
1654618344.628404 1.7357597351074219 0.9032363891601562 0.0 0.0 0.0 0.06474966555833817 0.9979015588760376
1654618344.7283485 1.8309440612792969 0.9121932983398438 0.0 0.0 0.0 0.06313848495483398 0.9980047941207886
1654618344.8281298 1.9351387023925781 0.9211235046386719 0.0 0.0 0.0 0.061799947172403336 0.998088538646698
1654618344.927885 2.0423049926757812 0.9325675964355469 0.0 0.0 0.0 0.06127393618226051 0.9981209635734558
1654618345.0277023 2.133563995361328 0.9498214721679688 0.0 0.0 0.0 0.06057320907711983 0.9981637597084045
1654618345.1275208 2.243640899658203 0.9628715515136719 0.0 0.0 0.0 0.06245533749461174 0.9980477690696716
1654618345.2273908 2.339519500732422 0.974853515625 0.0 0.0 0.0 0.06685729324817657 0.9977625608444214
1654618345.3272977 2.4316787719726562 0.97723388671875 0.0 0.0 0.0 0.07293423265218735 0.997336745262146
1654618345.4272733 2.520599365234375 0.9905815124511719 0.0 0.0 0.0 0.07952918857336044 0.996832549571991
1654618345.5272512 2.602733612060547 1.005615234375 0.0 0.0 0.0 0.08586163818836212 0.9963070750236511
1654618345.6271603 2.687480926513672 1.0192642211914062 0.0 0.0 0.0 0.0939054787158966 0.9955810904502869
1654618345.7270856 2.764240264892578 1.0278244018554688 0.0 0.0 0.0 0.10369029641151428 0.9946096539497375
1654618345.8269453 2.8455886840820312 1.0408401489257812 0.0 0.0 0.0 0.11146485060453415 0.9937683939933777
1654618345.926877 2.897899627685547 1.0476264953613281 0.0 0.0 0.0 0.12447044998407364 0.99222332239151
1654618346.0268047 2.9696578979492188 1.0501594543457031 0.0 0.0 0.0 0.14024025201797485 0.9901174902915955
1654618346.1267996 3.0233840942382812 1.0636520385742188 0.0 0.0 0.0 0.15505331754684448 0.9879060983657837
1654618346.2268388 3.072216033935547 1.0671615600585938 0.0 0.0 0.0 0.17470961809158325 0.9846199750900269
1654618346.3268483 3.10906982421875 1.0716629028320312 0.0 0.0 0.0 0.2001328468322754 0.9797687530517578
1654618346.426837 3.162139892578125 1.0826950073242188 0.0 0.0 0.0 0.22496284544467926 0.9743673205375671
1654618346.5269735 3.2031478881835938 1.0906600952148438 0.0 0.0 0.0 0.25330227613449097 0.9673871994018555
1654618346.6270902 3.2454757690429688 1.0951614379882812 0.0 0.0 0.0 0.28575897216796875 0.9583015441894531
1654618346.72718 3.281585693359375 1.1008987426757812 0.0 0.0 0.0 0.3240010738372803 0.9460567235946655
1654618346.827268 3.318798065185547 1.1145858764648438 0.0 0.0 0.0 0.35503441095352173 0.9348532557487488
1654618346.9272974 3.3426513671875 1.1201171875 0.0 0.0 0.0 0.3930988311767578 0.9194962382316589
1654618347.0274553 3.374347686767578 1.1274185180664062 0.0 0.0 0.0 0.42558878660202026 0.9049166440963745
1654618347.1275706 3.39752197265625 1.1413154602050781 0.0 0.0 0.0 0.45880165696144104 0.8885387182235718
1654618347.2275727 3.4246749877929688 1.1593208312988281 0.0 0.0 0.0 0.48945972323417664 0.8720259070396423
1654618347.3275626 3.457508087158203 1.1707534790039062 0.0 0.0 0.0 0.517945408821106 0.8554136753082275
1654618347.4275074 3.4865798950195312 1.1953201293945312 0.0 0.0 0.0 0.5493987798690796 0.8355602622032166
1654618347.5275722 3.5174179077148438 1.2248153686523438 0.0 0.0 0.0 0.5770951509475708 0.816676914691925
1654618347.627669 3.546306610107422 1.2599105834960938 0.0 0.0 0.0 0.6007800102233887 0.7994143962860107
1654618347.7278378 3.5616836547851562 1.3097915649414062 0.0 0.0 0.0 0.6200924515724182 0.7845287322998047
1654618347.8278956 3.5728836059570312 1.3683853149414062 0.0 0.0 0.0 0.6351433396339417 0.7723942995071411
1654618347.9279587 3.591869354248047 1.4370346069335938 0.0 0.0 0.0 0.6447738409042358 0.7643733620643616
1654618348.0280387 3.634929656982422 1.5199165344238281 0.0 0.0 0.0 0.6500619053840637 0.7598812580108643
1654618348.1281092 3.6332473754882812 1.5985908508300781 0.0 0.0 0.0 0.6539501547813416 0.7565376162528992
1654618348.228159 3.646759033203125 1.689788818359375 0.0 0.0 0.0 0.655440092086792 0.755247175693512
1654618348.3281767 3.658794403076172 1.7783622741699219 0.0 0.0 0.0 0.6571441888809204 0.7537649273872375
1654618348.4280994 3.685588836669922 1.870208740234375 0.0 0.0 0.0 0.660027027130127 0.7512418627738953
1654618348.527937 3.6988296508789062 1.9618339538574219 0.0 0.0 0.0 0.6639187932014465 0.7478047013282776
1654618348.6277392 3.713451385498047 2.039215087890625 0.0 0.0 0.0 0.671789288520813 0.7407423257827759
1654618348.7273622 3.735729217529297 2.1187744140625 0.0 0.0 0.0 0.6797625422477722 0.7334322929382324
1654618348.8268726 3.741504669189453 2.2033309936523438 0.0 0.0 0.0 0.6914634108543396 0.7224114537239075
1654618348.9265149 3.758739471435547 2.269824981689453 0.0 0.0 0.0 0.7033794522285461 0.7108145952224731
1654618349.026262 3.762157440185547 2.340362548828125 0.0 0.0 0.0 0.7177808880805969 0.6962690949440002
1654618349.1261678 3.7694015502929688 2.414112091064453 0.0 0.0 0.0 0.7297692894935608 0.6836934685707092
1654618349.2261243 3.744953155517578 2.477691650390625 0.0 0.0 0.0 0.746435284614563 0.6654580235481262
1654618349.3261616 3.7400436401367188 2.530364990234375 0.0 0.0 0.0 0.7580824494361877 0.6521587371826172
1654618349.426363 3.763683319091797 2.5754470825195312 0.0 0.0 0.0 0.7739291191101074 0.6332722306251526
1654618349.5266542 3.748626708984375 2.607707977294922 0.0 0.0 0.0 0.7899706959724426 0.6131446361541748
1654618349.626929 3.7418899536132812 2.635967254638672 0.0 0.0 0.0 0.8056734800338745 0.5923599004745483
1654618349.7269726 3.7470779418945312 2.673431396484375 0.0 0.0 0.0 0.8262839913368225 0.5632537007331848
1654618349.8267891 3.7509994506835938 2.692058563232422 0.0 0.0 0.0 0.8457522392272949 0.5335757732391357
1654618349.926499 3.7510452270507812 2.706951141357422 0.0 0.0 0.0 0.8667604327201843 0.4987247586250305
1654618350.0263276 3.755504608154297 2.7089157104492188 0.0 0.0 0.0 0.8875070810317993 0.46079403162002563
1654618350.1262076 3.785076141357422 2.720855712890625 0.0 0.0 0.0 0.908174991607666 0.4185906648635864
1654618350.2261643 3.804576873779297 2.726360321044922 0.0 0.0 0.0 0.9263810515403748 0.376587450504303
1654618350.3261864 3.809001922607422 2.734527587890625 0.0 0.0 0.0 0.9408879280090332 0.338718056678772
1654618350.4261813 3.8277206420898438 2.741382598876953 0.0 0.0 0.0 0.9554798603057861 0.2950563430786133
1654618350.5262098 3.8378372192382812 2.766040802001953 0.0 0.0 0.0 0.9663210511207581 0.2573394775390625
1654618350.6264625 3.8536300659179688 2.760417938232422 0.0 0.0 0.0 0.9763003587722778 0.21641986072063446
1654618350.726809 3.867023468017578 2.774578094482422 0.0 0.0 0.0 0.9836321473121643 0.1801883429288864
1654618350.827199 3.873382568359375 2.7829666137695312 0.0 0.0 0.0 0.9882401823997498 0.15290972590446472
1654618350.927599 3.8608627319335938 2.7943496704101562 0.0 0.0 0.0 0.9918776750564575 0.12719528377056122
1654618351.027893 3.8409423828125 2.8099136352539062 0.0 0.0 0.0 0.9945316910743713 0.10443547368049622
1654618351.1278915 3.827117919921875 2.822620391845703 0.0 0.0 0.0 0.9967158436775208 0.0809783935546875
1654618351.2276654 3.7910995483398438 2.8349380493164062 0.0 0.0 0.0 0.9983808398246765 0.05688273161649704
1654618351.3274574 3.747112274169922 2.8445053100585938 0.0 0.0 0.0 0.9993223547935486 0.03680776059627533
1654618351.4271922 3.698780059814453 2.8573684692382812 0.0 0.0 0.0 0.9997719526290894 0.021355988457798958
1654618351.5270598 3.6258544921875 2.861400604248047 0.0 0.0 0.0 0.999934196472168 0.011473837308585644
1654618351.6271062 3.5501174926757812 2.874835968017578 0.0 0.0 0.0 0.9999898672103882 0.004498899914324284
1654618351.727128 3.4646530151367188 2.875202178955078 0.0 0.0 0.0 -0.9999990463256836 0.0013962542871013284
1654618351.8270907 3.369964599609375 2.879528045654297 0.0 0.0 0.0 -0.9999925494194031 0.0038623276632279158
1654618351.9269297 3.2692947387695312 2.876800537109375 0.0 0.0 0.0 -0.9999836087226868 0.005727335345000029
1654618352.0267348 3.176403045654297 2.879169464111328 0.0 0.0 0.0 -0.9999619126319885 0.008726442232728004
1654618352.1265554 3.0836181640625 2.872974395751953 0.0 0.0 0.0 -0.9999279975891113 0.01199975237250328
1654618352.2263675 2.990997314453125 2.87152099609375 0.0 0.0 0.0 -0.9998829960823059 0.015296533703804016
1654618352.3262024 2.911151885986328 2.8680038452148438 0.0 0.0 0.0 -0.9997716546058655 0.021369336172938347
1654618352.4261 2.809967041015625 2.865314483642578 0.0 0.0 0.0 -0.999555766582489 0.029803229495882988
1654618352.5261223 2.72064208984375 2.864849090576172 0.0 0.0 0.0 -0.9992761611938477 0.038041189312934875
1654618352.6260984 2.636150360107422 2.866729736328125 0.0 0.0 0.0 -0.9988400340080261 0.0481516569852829
1654618352.72602 2.5326919555664062 2.8588790893554688 0.0 0.0 0.0 -0.998380184173584 0.05689522624015808
1654618352.8259523 2.4605712890625 2.8442611694335938 0.0 0.0 0.0 -0.997791051864624 0.06643079966306686
1654618352.925968 2.385589599609375 2.8415603637695312 0.0 0.0 0.0 -0.9971871376037598 0.07495182007551193
1654618353.0260298 2.271656036376953 2.8358078002929688 0.0 0.0 0.0 -0.9967308044433594 0.08079423010349274
1654618353.1261714 2.16070556640625 2.832916259765625 0.0 0.0 0.0 -0.9964188933372498 0.0845540463924408
1654618353.2263625 2.0697402954101562 2.814685821533203 0.0 0.0 0.0 -0.9963408708572388 0.08546851575374603
1654618353.326502 1.960052490234375 2.808685302734375 0.0 0.0 0.0 -0.996250569820404 0.08651450276374817
1654618353.4266331 1.8774948120117188 2.7781448364257812 0.0 0.0 0.0 -0.996206521987915 0.08702030032873154
1654618353.5268152 1.7891159057617188 2.772258758544922 0.0 0.0 0.0 -0.9960587024688721 0.0886966660618782
1654618353.6269164 1.67333984375 2.748485565185547 0.0 0.0 0.0 -0.9962279200553894 0.08677506446838379
1654618353.7269583 1.5985946655273438 2.739307403564453 0.0 0.0 0.0 -0.9957908391952515 0.09165502339601517
1654618353.8268876 1.5015945434570312 2.722381591796875 0.0 0.0 0.0 -0.9952544569969177 0.09730660170316696
1654618353.926731 1.4164047241210938 2.709217071533203 0.0 0.0 0.0 -0.9947068095207214 0.10275394469499588
1654618354.0265822 1.3335380554199219 2.699604034423828 0.0 0.0 0.0 -0.9936470985412598 0.11254076659679413
1654618354.1265047 1.25677490234375 2.6843185424804688 0.0 0.0 0.0 -0.9924333691596985 0.12278459966182709
1654618354.2264047 1.1785659790039062 2.674285888671875 0.0 0.0 0.0 -0.9912700653076172 0.13184700906276703
1654618354.3264725 1.0891189575195312 2.657398223876953 0.0 0.0 0.0 -0.9902228116989136 0.1394948959350586
1654618354.426737 1.0172843933105469 2.630420684814453 0.0 0.0 0.0 -0.9896044731140137 0.14381560683250427
1654618354.526979 0.9308242797851562 2.6126632690429688 0.0 0.0 0.0 -0.9890164732933044 0.14780522882938385
1654618354.6272013 0.86285400390625 2.594989776611328 0.0 0.0 0.0 -0.9885930418968201 0.1506112515926361
1654618354.7273188 0.7889289855957031 2.5762557983398438 0.0 0.0 0.0 -0.9879158139228821 0.1549915075302124
1654618354.8272617 0.7251396179199219 2.556560516357422 0.0 0.0 0.0 -0.9874727725982666 0.1577896624803543
1654618354.927125 0.6869316101074219 2.540752410888672 0.0 0.0 0.0 -0.9869697093963623 0.16090622544288635
1654618355.0271618 0.637939453125 2.522960662841797 0.0 0.0 0.0 -0.9869298338890076 0.1611507087945938
1654618355.1270862 0.59954833984375 2.51763916015625 0.0 0.0 0.0 -0.98592609167099 0.16718176007270813
1654618355.2268355 0.5584182739257812 2.500774383544922 0.0 0.0 0.0 -0.9853320121765137 0.1706482470035553
1654618355.326483 0.518829345703125 2.497882843017578 0.0 0.0 0.0 -0.9836862087249756 0.17989273369312286
1654618355.4261086 0.47174072265625 2.4921340942382812 0.0 0.0 0.0 -0.9816169142723083 0.19086171686649323
1654618355.5257964 0.4318351745605469 2.498870849609375 0.0 0.0 0.0 -0.9773306846618652 0.21171848475933075
1654618355.6256194 0.40111541748046875 2.4667129516601562 0.0 0.0 0.0 -0.9735310077667236 0.22855490446090698
1654618355.72562 0.3749504089355469 2.478057861328125 0.0 0.0 0.0 -0.9647907614707947 0.26301854848861694
1654618355.825865 0.3500175476074219 2.4673080444335938 0.0 0.0 0.0 -0.9566662907600403 0.2911866307258606
1654618355.9260893 0.3341484069824219 2.4645919799804688 0.0 0.0 0.0 -0.9447333812713623 0.3278396427631378
1654618356.0263333 0.31888580322265625 2.474353790283203 0.0 0.0 0.0 -0.9302278757095337 0.3669824004173279
1654618356.126432 0.3048820495605469 2.483448028564453 0.0 0.0 0.0 -0.9130837917327881 0.407772034406662
1654618356.2264364 0.29642486572265625 2.49273681640625 0.0 0.0 0.0 -0.8932912349700928 0.44947829842567444
1654618356.326542 0.2759590148925781 2.495342254638672 0.0 0.0 0.0 -0.8743453025817871 0.4853043258190155
1654618356.4266715 0.2622566223144531 2.492473602294922 0.0 0.0 0.0 -0.85831218957901 0.5131278038024902
1654618356.5268571 0.24759674072265625 2.497638702392578 0.0 0.0 0.0 -0.8418112397193909 0.5397720336914062
1654618356.6268995 0.236053466796875 2.48406982421875 0.0 0.0 0.0 -0.8271821737289429 0.5619338154792786
1654618356.7268 0.218109130859375 2.4830551147460938 0.0 0.0 0.0 -0.8090602159500122 0.5877257585525513
1654618356.8265758 0.201812744140625 2.466754913330078 0.0 0.0 0.0 -0.7930452227592468 0.6091627478599548
1654618356.9264116 0.19107818603515625 2.4412841796875 0.0 0.0 0.0 -0.7788465023040771 0.6272146105766296
1654618357.0262306 0.17163848876953125 2.4207992553710938 0.0 0.0 0.0 -0.7620141506195068 0.6475603580474854
1654618357.1260731 0.16480255126953125 2.3814163208007812 0.0 0.0 0.0 -0.7490989565849304 0.6624581217765808
1654618357.226078 0.14503097534179688 2.336963653564453 0.0 0.0 0.0 -0.737791121006012 0.6750290989875793
1654618357.3261461 0.12989044189453125 2.284942626953125 0.0 0.0 0.0 -0.7279394268989563 0.6856414079666138
1654618357.4261935 0.11878585815429688 2.22540283203125 0.0 0.0 0.0 -0.7192564606666565 0.6947447061538696
1654618357.5262485 0.10975265502929688 2.15985107421875 0.0 0.0 0.0 -0.7113223075866699 0.7028659582138062
1654618357.6262803 0.11470794677734375 2.0876235961914062 0.0 0.0 0.0 -0.7064952254295349 0.707717776298523
1654618357.7263362 0.10301971435546875 2.0102310180664062 0.0 0.0 0.0 -0.7035000324249268 0.7106952667236328
1654618357.8263779 0.10472488403320312 1.9396476745605469 0.0 0.0 0.0 -0.7007062435150146 0.7134498953819275
1654618357.9262931 0.09660720825195312 1.8540115356445312 0.0 0.0 0.0 -0.6989732384681702 0.7151477932929993
1654618358.0261972 0.10355377197265625 1.7801132202148438 0.0 0.0 0.0 -0.6996904015541077 0.7144461870193481
1654618358.126319 0.09046554565429688 1.6749153137207031 0.0 0.0 0.0 -0.7028616070747375 0.7113265991210938
1654618358.226398 0.09360885620117188 1.6116104125976562 0.0 0.0 0.0 -0.7054601311683655 0.7087495923042297
1654618358.3263996 0.09439849853515625 1.5341987609863281 0.0 0.0 0.0 -0.7073931694030762 0.7068202495574951
1654618358.4262755 0.08795166015625 1.4385871887207031 0.0 0.0 0.0 -0.7073956727981567 0.7068177461624146
1654618358.5262103 0.088348388671875 1.36602783203125 0.0 0.0 0.0 -0.7043746709823608 0.7098283767700195
1654618358.6260786 0.08219146728515625 1.3082504272460938 0.0 0.0 0.0 -0.6950367093086243 0.718974232673645
1654618358.725801 0.081085205078125 1.24530029296875 0.0 0.0 0.0 -0.6806835532188416 0.7325775623321533
1654618358.8253267 0.073394775390625 1.184326171875 0.0 0.0 0.0 -0.6604569554328918 0.7508639097213745
1654618358.9249659 0.06279754638671875 1.1385383605957031 0.0 0.0 0.0 -0.6349756717681885 0.7725321650505066
1654618359.0248382 0.06842041015625 1.10662841796875 0.0 0.0 0.0 -0.6014207005500793 0.7989324927330017
1654618359.1250608 0.060161590576171875 1.0777091979980469 0.0 0.0 0.0 -0.5633513927459717 0.8262174129486084
1654618359.225612 0.05574798583984375 1.0514335632324219 0.0 0.0 0.0 -0.5218948125839233 0.853009819984436
