1654618298.4874933 -0.14209747314453125 0.7486038208007812 0.0 0.0 0.0 0.007062883581966162 0.9999750852584839
1654618298.5877512 -0.14746856689453125 0.7419967651367188 0.0 0.0 0.0 0.010725150816142559 0.9999424815177917
1654618298.6880045 -0.127044677734375 0.7652702331542969 0.0 0.0 0.0 0.005628534127026796 0.9999841451644897
1654618298.7882204 -0.12963104248046875 0.761810302734375 0.0 0.0 0.0 0.0031337207183241844 0.9999951124191284
1654618298.8883514 -0.12664031982421875 0.75689697265625 0.0 0.0 0.0 0.005180736072361469 0.9999865889549255
1654618298.9883835 -0.13291168212890625 0.7607192993164062 0.0 0.0 0.0 0.004129592329263687 0.9999914765357971
1654618299.0883381 -0.12532424926757812 0.7579536437988281 0.0 0.0 0.0 0.004263538867235184 0.9999909400939941
1654618299.1882117 -0.10826873779296875 0.7593154907226562 0.0 0.0 0.0 0.0051392666064202785 0.9999867677688599
1654618299.288021 -0.09263229370117188 0.754302978515625 0.0 0.0 0.0 0.007439631503075361 0.9999723434448242
1654618299.3878155 -0.06602096557617188 0.7414779663085938 0.0 0.0 0.0 0.011125847697257996 0.9999381303787231
1654618299.487634 -0.030452728271484375 0.7371139526367188 0.0 0.0 0.0 0.012166090309619904 0.999925971031189
1654618299.5873795 0.00991058349609375 0.7227783203125 0.0 0.0 0.0 0.01735665090382099 0.9998493790626526
1654618299.687088 0.05625152587890625 0.7467231750488281 0.0 0.0 0.0 0.023878367617726326 0.9997148513793945
1654618299.7869911 0.08930587768554688 0.7331733703613281 0.0 0.0 0.0 0.025078920647501945 0.9996854662895203
1654618299.886966 0.13136672973632812 0.7383346557617188 0.0 0.0 0.0 0.031724609434604645 0.9994966387748718
1654618299.9869196 0.16501998901367188 0.73211669921875 0.0 0.0 0.0 0.042127471417188644 0.9991122484207153
1654618300.0869977 0.21341705322265625 0.7356338500976562 0.0 0.0 0.0 0.052496831864118576 0.9986211061477661
1654618300.1871521 0.245635986328125 0.73211669921875 0.0 0.0 0.0 0.0613480806350708 0.9981164336204529
1654618300.2875602 0.2758369445800781 0.7320632934570312 0.0 0.0 0.0 0.06320326775312424 0.9980006814002991
1654618300.3881207 0.32135009765625 0.7382431030273438 0.0 0.0 0.0 0.05550999566912651 0.9984581470489502
1654618300.488729 0.3546867370605469 0.7382431030273438 0.0 0.0 0.0 0.04400327429175377 0.9990313649177551
1654618300.5892174 0.40256500244140625 0.7471504211425781 0.0 0.0 0.0 0.030069395899772644 0.9995478391647339
1654618300.689238 0.4600410461425781 0.748870849609375 0.0 0.0 0.0 0.022418946027755737 0.9997486472129822
1654618300.7890131 0.519989013671875 0.7467575073242188 0.0 0.0 0.0 0.01589159667491913 0.999873697757721
1654618300.8887875 0.5696525573730469 0.7441520690917969 0.0 0.0 0.0 0.007199728861451149 0.9999740719795227
1654618300.9883966 0.6266288757324219 0.7523994445800781 0.0 0.0 0.0 -0.00010338624269934371 1.0
1654618301.0879273 0.6800537109375 0.7584342956542969 0.0 0.0 0.0 -0.004347700159996748 0.9999905228614807
1654618301.1875014 0.7290878295898438 0.7516860961914062 0.0 0.0 0.0 -0.009862413629889488 0.9999513626098633
1654618301.2871754 0.79425048828125 0.7428054809570312 0.0 0.0 0.0 -0.00976466666907072 0.9999523162841797
1654618301.3868794 0.8567695617675781 0.7370109558105469 0.0 0.0 0.0 -0.012001139111816883 0.9999279975891113
1654618301.4866648 0.9173049926757812 0.7380256652832031 0.0 0.0 0.0 -0.00893071573227644 0.9999601244926453
1654618301.5865421 0.9861564636230469 0.7324409484863281 0.0 0.0 0.0 -0.00502813933417201 0.9999873638153076
1654618301.6864822 1.0506057739257812 0.7300491333007812 0.0 0.0 0.0 0.001917967339977622 0.999998152256012
1654618301.7865553 1.1245040893554688 0.7213211059570312 0.0 0.0 0.0 0.004938820376992226 0.999987781047821
1654618301.8867095 1.1948966979980469 0.7175674438476562 0.0 0.0 0.0 0.011065918020904064 0.9999387860298157
1654618301.9869094 1.2688484191894531 0.7187423706054688 0.0 0.0 0.0 0.019971344619989395 0.9998005628585815
1654618302.087156 1.3322219848632812 0.7184867858886719 0.0 0.0 0.0 0.026429472491145134 0.9996506571769714
1654618302.1874325 1.3910026550292969 0.7164535522460938 0.0 0.0 0.0 0.029258286580443382 0.9995718598365784
1654618302.287714 1.4771194458007812 0.7156867980957031 0.0 0.0 0.0 0.034910205751657486 0.9993904232978821
1654618302.38794 1.5637397766113281 0.718505859375 0.0 0.0 0.0 0.03724227473139763 0.9993062615394592
1654618302.488136 1.631500244140625 0.7166519165039062 0.0 0.0 0.0 0.039328183978796005 0.9992263317108154
1654618302.588307 1.7261238098144531 0.7253189086914062 0.0 0.0 0.0 0.0375482514500618 0.9992948174476624
1654618302.6884198 1.805145263671875 0.7247123718261719 0.0 0.0 0.0 0.03740065172314644 0.9993003606796265
1654618302.7884648 1.8897895812988281 0.7304801940917969 0.0 0.0 0.0 0.03618945553898811 0.9993449449539185
1654618302.888421 1.9750785827636719 0.7325973510742188 0.0 0.0 0.0 0.03469109162688255 0.9993981122970581
1654618302.9883301 2.050975799560547 0.7344131469726562 0.0 0.0 0.0 0.03365365415811539 0.9994335770606995
1654618303.0881839 2.128936767578125 0.7341690063476562 0.0 0.0 0.0 0.033901799470186234 0.9994251728057861
1654618303.1879973 2.2232894897460938 0.7371139526367188 0.0 0.0 0.0 0.03609190508723259 0.9993484616279602
1654618303.2877996 2.2934188842773438 0.7340812683105469 0.0 0.0 0.0 0.038721513003110886 0.999250054359436
1654618303.3876128 2.365345001220703 0.7374954223632812 0.0 0.0 0.0 0.0422036312520504 0.9991090297698975
1654618303.4874246 2.4471359252929688 0.7411575317382812 0.0 0.0 0.0 0.04695083200931549 0.9988971948623657
1654618303.587269 2.515308380126953 0.745880126953125 0.0 0.0 0.0 0.05266420170664787 0.9986122846603394
1654618303.6871605 2.590534210205078 0.74462890625 0.0 0.0 0.0 0.059109531342983246 0.9982514977455139
1654618303.7871344 2.6639404296875 0.7541275024414062 0.0 0.0 0.0 0.06482172757387161 0.9978968501091003
1654618303.887179 2.74462890625 0.757415771484375 0.0 0.0 0.0 0.07205595076084137 0.9974005818367004
1654618303.9873033 2.815948486328125 0.7611465454101562 0.0 0.0 0.0 0.07658148556947708 0.9970633387565613
1654618304.0873926 2.886615753173828 0.7680854797363281 0.0 0.0 0.0 0.08177005499601364 0.9966512322425842
1654618304.1875226 2.9593887329101562 0.767547607421875 0.0 0.0 0.0 0.08689761906862259 0.9962172508239746
1654618304.287652 3.019939422607422 0.7800521850585938 0.0 0.0 0.0 0.0912913978099823 0.9958242177963257
1654618304.3876925 3.0824203491210938 0.7892875671386719 0.0 0.0 0.0 0.09798051416873932 0.9951883554458618
1654618304.4876106 3.141162872314453 0.790191650390625 0.0 0.0 0.0 0.10502133518457413 0.994469940662384
1654618304.5875103 3.210430145263672 0.7978515625 0.0 0.0 0.0 0.11629600077867508 0.9932146072387695
1654618304.6873047 3.2597122192382812 0.8066024780273438 0.0 0.0 0.0 0.13008897006511688 0.9915023446083069
1654618304.7870293 3.3058242797851562 0.8132400512695312 0.0 0.0 0.0 0.14769740402698517 0.9890326261520386
1654618304.8867934 3.3499755859375 0.8138198852539062 0.0 0.0 0.0 0.17087647318840027 0.9852924346923828
1654618304.986594 3.3938217163085938 0.8294486999511719 0.0 0.0 0.0 0.19212527573108673 0.9813703894615173
1654618305.0864706 3.42962646484375 0.8440361022949219 0.0 0.0 0.0 0.21426984667778015 0.9767745137214661
1654618305.1864243 3.470623016357422 0.8439140319824219 0.0 0.0 0.0 0.24050883948802948 0.9706469774246216
1654618305.286427 3.498180389404297 0.8519096374511719 0.0 0.0 0.0 0.26847514510154724 0.9632866382598877
1654618305.386498 3.528919219970703 0.84783935546875 0.0 0.0 0.0 0.2948858439922333 0.9555324912071228
1654618305.486667 3.556102752685547 0.8630867004394531 0.0 0.0 0.0 0.32254403829574585 0.9465544819831848
1654618305.5867937 3.5796737670898438 0.868438720703125 0.0 0.0 0.0 0.35532212257385254 0.9347439408302307
1654618305.6868818 3.605731964111328 0.8674087524414062 0.0 0.0 0.0 0.3863268196582794 0.9223619699478149
1654618305.7869983 3.6335220336914062 0.8686599731445312 0.0 0.0 0.0 0.41814178228378296 0.9083817601203918
1654618305.8870525 3.6548538208007812 0.87091064453125 0.0 0.0 0.0 0.44990256428718567 0.8930776715278625
1654618305.9871542 3.668140411376953 0.8894462585449219 0.0 0.0 0.0 0.4816005527973175 0.8763908743858337
1654618306.0873203 3.680023193359375 0.9091377258300781 0.0 0.0 0.0 0.5078797936439514 0.8614279627799988
1654618306.187526 3.702545166015625 0.9127616882324219 0.0 0.0 0.0 0.5366948843002319 0.8437764048576355
1654618306.2877338 3.7142333984375 0.924896240234375 0.0 0.0 0.0 0.5606237649917603 0.8280706405639648
1654618306.387938 3.7418899536132812 0.936859130859375 0.0 0.0 0.0 0.5841457843780518 0.8116487264633179
1654618306.4880402 3.7611618041992188 0.9520149230957031 0.0 0.0 0.0 0.6060491800308228 0.795427143573761
1654618306.5881574 3.777179718017578 0.9687271118164062 0.0 0.0 0.0 0.6266179084777832 0.7793266773223877
1654618306.6882277 3.7855148315429688 0.9938468933105469 0.0 0.0 0.0 0.6425214409828186 0.766267716884613
1654618306.788371 3.792003631591797 1.0218429565429688 0.0 0.0 0.0 0.6556716561317444 0.7550461292266846
1654618306.8885424 3.8026962280273438 1.0576858520507812 0.0 0.0 0.0 0.6653931736946106 0.7464931011199951
1654618306.9885967 3.8115234375 1.1014213562011719 0.0 0.0 0.0 0.6748120188713074 0.7379896640777588
1654618307.088601 3.8225784301757812 1.1492805480957031 0.0 0.0 0.0 0.682418704032898 0.7309615015983582
1654618307.1885712 3.8355712890625 1.2004280090332031 0.0 0.0 0.0 0.6879674196243286 0.7257415652275085
1654618307.2885008 3.8398208618164062 1.2653923034667969 0.0 0.0 0.0 0.6919857859611511 0.7219111323356628
1654618307.388427 3.8395767211914062 1.3160476684570312 0.0 0.0 0.0 0.6937249302864075 0.72024005651474
1654618307.4883766 3.8451614379882812 1.3848953247070312 0.0 0.0 0.0 0.6954700946807861 0.7185550332069397
1654618307.5883083 3.8513107299804688 1.4505424499511719 0.0 0.0 0.0 0.6944217681884766 0.7195682525634766
1654618307.6882246 3.8573532104492188 1.5280036926269531 0.0 0.0 0.0 0.6935299038887024 0.7204278111457825
1654618307.7880852 3.85760498046875 1.5991706848144531 0.0 0.0 0.0 0.6921443343162537 0.7217590808868408
1654618307.8879328 3.86566162109375 1.668487548828125 0.0 0.0 0.0 0.6927738785743713 0.7211548686027527
1654618307.9877615 3.870006561279297 1.7302932739257812 0.0 0.0 0.0 0.6940972805023193 0.7198812365531921
1654618308.0875506 3.8822555541992188 1.7915267944335938 0.0 0.0 0.0 0.6936960816383362 0.7202678322792053
1654618308.1873853 3.8845291137695312 1.8510017395019531 0.0 0.0 0.0 0.6970223784446716 0.7170493602752686
1654618308.2871957 3.8904495239257812 1.915435791015625 0.0 0.0 0.0 0.7020758390426636 0.7121021747589111
1654618308.3870516 3.900390625 1.9664840698242188 0.0 0.0 0.0 0.7079992890357971 0.7062131762504578
1654618308.4869258 3.903087615966797 2.031597137451172 0.0 0.0 0.0 0.7160400152206421 0.6980592608451843
1654618308.5868309 3.9199752807617188 2.082611083984375 0.0 0.0 0.0 0.7265142202377319 0.6871514320373535
1654618308.6867151 3.931629180908203 2.136798858642578 0.0 0.0 0.0 0.7368176579475403 0.6760914921760559
1654618308.7866287 3.922710418701172 2.179698944091797 0.0 0.0 0.0 0.7501017451286316 0.6613224744796753
1654618308.8866262 3.9327468872070312 2.231403350830078 0.0 0.0 0.0 0.7642172574996948 0.6449589133262634
1654618308.9867241 3.9314346313476562 2.276611328125 0.0 0.0 0.0 0.7787957191467285 0.6272776126861572
1654618309.0868459 3.92779541015625 2.334880828857422 0.0 0.0 0.0 0.7928504347801208 0.6094162464141846
1654618309.186937 3.928668975830078 2.369304656982422 0.0 0.0 0.0 0.8074096441268921 0.5899912118911743
1654618309.2869937 3.930034637451172 2.415496826171875 0.0 0.0 0.0 0.8229599595069885 0.5680993795394897
1654618309.387078 3.924846649169922 2.447826385498047 0.0 0.0 0.0 0.8380894660949707 0.5455328226089478
1654618309.4871964 3.922809600830078 2.483531951904297 0.0 0.0 0.0 0.8514367938041687 0.5244572162628174
1654618309.587292 3.917308807373047 2.510021209716797 0.0 0.0 0.0 0.8656749129295349 0.5006065964698792
1654618309.6873379 3.901081085205078 2.545318603515625 0.0 0.0 0.0 0.8813562989234924 0.47245216369628906
1654618309.7873614 3.9010238647460938 2.577220916748047 0.0 0.0 0.0 0.8942208290100098 0.44762614369392395
1654618309.8872957 3.8925552368164062 2.600482940673828 0.0 0.0 0.0 0.9074084162712097 0.420249879360199
1654618309.98724 3.8824462890625 2.619842529296875 0.0 0.0 0.0 0.9198320508003235 0.3923124074935913
1654618310.0872223 3.8732528686523438 2.65032958984375 0.0 0.0 0.0 0.9326571822166443 0.36076390743255615
1654618310.1872075 3.8648757934570312 2.664562225341797 0.0 0.0 0.0 0.9425071477890015 0.33418601751327515
1654618310.2872317 3.8728256225585938 2.6921463012695312 0.0 0.0 0.0 0.953909158706665 0.30009546875953674
1654618310.387289 3.849346160888672 2.7168502807617188 0.0 0.0 0.0 0.9618811011314392 0.2734679579734802
1654618310.4874349 3.841827392578125 2.7380447387695312 0.0 0.0 0.0 0.9687168598175049 0.2481684684753418
1654618310.5876307 3.8128738403320312 2.765186309814453 0.0 0.0 0.0 0.9746469855308533 0.2237480878829956
1654618310.6878235 3.7907791137695312 2.7872695922851562 0.0 0.0 0.0 0.9792951941490173 0.2024373561143875
1654618310.7880182 3.7511520385742188 2.8023757934570312 0.0 0.0 0.0 0.9831570386886597 0.18276295065879822
1654618310.8882914 3.715190887451172 2.8228073120117188 0.0 0.0 0.0 0.9856728911399841 0.16866810619831085
1654618310.988525 3.667743682861328 2.8456802368164062 0.0 0.0 0.0 0.9882640838623047 0.15275491774082184
1654618311.088723 3.6233139038085938 2.863147735595703 0.0 0.0 0.0 0.9903892874717712 0.13830798864364624
1654618311.1888244 3.593250274658203 2.8847732543945312 0.0 0.0 0.0 0.9923208355903625 0.12369078397750854
1654618311.2889109 3.5212478637695312 2.906597137451172 0.0 0.0 0.0 0.9939976334571838 0.10940147191286087
1654618311.3889756 3.477039337158203 2.9238510131835938 0.0 0.0 0.0 0.9952906966209412 0.09693488478660583
1654618311.4889975 3.4318161010742188 2.938892364501953 0.0 0.0 0.0 0.9964967966079712 0.08363083004951477
1654618311.5889878 3.387706756591797 2.953521728515625 0.0 0.0 0.0 0.9974653720855713 0.07115361839532852
1654618311.6889205 3.315471649169922 2.969341278076172 0.0 0.0 0.0 0.9983506798744202 0.05741032212972641
1654618311.7888606 3.245433807373047 2.990589141845703 0.0 0.0 0.0 0.9988805651664734 0.04730302095413208
1654618311.888827 3.1595077514648438 2.999359130859375 0.0 0.0 0.0 0.9993095397949219 0.0371546596288681
1654618311.9887493 3.0936279296875 3.0077743530273438 0.0 0.0 0.0 0.9996012449264526 0.028238194063305855
1654618312.0886722 3.0315322875976562 3.007904052734375 0.0 0.0 0.0 0.9998050332069397 0.019744500517845154
1654618312.1885424 2.960102081298828 3.016887664794922 0.0 0.0 0.0 0.9999298453330994 0.011846102774143219
1654618312.288435 2.8866958618164062 3.0318984985351562 0.0 0.0 0.0 0.9999810457229614 0.006161368452012539
1654618312.3883107 2.814647674560547 3.031665802001953 0.0 0.0 0.0 0.9999999403953552 0.0002840320230461657
1654618312.4881227 2.7404556274414062 3.0422744750976562 0.0 0.0 0.0 -0.9999809265136719 0.006180561147630215
1654618312.5879736 2.663463592529297 3.047985076904297 0.0 0.0 0.0 -0.9999026656150818 0.013954023830592632
1654618312.687854 2.578277587890625 3.0522232055664062 0.0 0.0 0.0 -0.9997822642326355 0.0208659078925848
1654618312.7877421 2.5065078735351562 3.053630828857422 0.0 0.0 0.0 -0.9996336698532104 0.02706526592373848
1654618312.8876398 2.4400253295898438 3.0441665649414062 0.0 0.0 0.0 -0.9994581937789917 0.03291389346122742
1654618312.9875512 2.368377685546875 3.0467147827148438 0.0 0.0 0.0 -0.9991888403892517 0.040269169956445694
1654618313.0875392 2.2843856811523438 3.045948028564453 0.0 0.0 0.0 -0.9989635348320007 0.045517999678850174
1654618313.1876218 2.209186553955078 3.045055389404297 0.0 0.0 0.0 -0.9988532066345215 0.04787755385041237
1654618313.2878444 2.12249755859375 3.0441818237304688 0.0 0.0 0.0 -0.9989098310470581 0.04668143764138222
1654618313.3881266 2.03167724609375 3.041858673095703 0.0 0.0 0.0 -0.9990746974945068 0.04300884157419205
1654618313.4884455 1.9404296875 3.032665252685547 0.0 0.0 0.0 -0.9992221593856812 0.03943381831049919
1654618313.588765 1.8495407104492188 3.027202606201172 0.0 0.0 0.0 -0.9994264841079712 0.033863820135593414
1654618313.6889703 1.7766838073730469 3.016803741455078 0.0 0.0 0.0 -0.999590277671814 0.028623322024941444
1654618313.7890213 1.6817741394042969 3.013568878173828 0.0 0.0 0.0 -0.9997286796569824 0.02329348959028721
1654618313.8889363 1.5978164672851562 3.013469696044922 0.0 0.0 0.0 -0.9998356699943542 0.0181297417730093
1654618313.988699 1.4934616088867188 3.014850616455078 0.0 0.0 0.0 -0.9998978972434998 0.014289087615907192
1654618314.0884116 1.4149971008300781 3.025421142578125 0.0 0.0 0.0 -0.9999507665634155 0.009925397112965584
1654618314.188072 1.3301887512207031 3.01190185546875 0.0 0.0 0.0 -0.9999762177467346 0.006898543331772089
1654618314.287704 1.246917724609375 3.016876220703125 0.0 0.0 0.0 -0.9999773502349854 0.006728196982294321
1654618314.3873706 1.1709823608398438 3.0187301635742188 0.0 0.0 0.0 -0.9999635219573975 0.008541913703083992
1654618314.4870903 1.0913772583007812 3.0318679809570312 0.0 0.0 0.0 -0.9999397397041321 0.010977242141962051
1654618314.5869048 0.9983749389648438 3.022106170654297 0.0 0.0 0.0 -0.9998900294303894 0.014830120839178562
1654618314.6868103 0.919036865234375 3.0237960815429688 0.0 0.0 0.0 -0.9998449087142944 0.017611145973205566
1654618314.786858 0.8308601379394531 3.03204345703125 0.0 0.0 0.0 -0.9997828006744385 0.02084028348326683
1654618314.8868845 0.7551765441894531 3.032207489013672 0.0 0.0 0.0 -0.9997130632400513 0.023953605443239212
1654618314.9869413 0.6813278198242188 3.034961700439453 0.0 0.0 0.0 -0.9995469450950623 0.03009861707687378
1654618315.0870414 0.620880126953125 3.031238555908203 0.0 0.0 0.0 -0.9992699027061462 0.038205817341804504
1654618315.1870906 0.5659675598144531 3.03955078125 0.0 0.0 0.0 -0.9989985227584839 0.04474380984902382
1654618315.2871268 0.50439453125 3.036487579345703 0.0 0.0 0.0 -0.9984291791915894 0.05602805316448212
1654618315.3871396 0.4460563659667969 3.0479812622070312 0.0 0.0 0.0 -0.997262179851532 0.07394670695066452
1654618315.4871185 0.3945426940917969 3.042064666748047 0.0 0.0 0.0 -0.99590003490448 0.09046052396297455
1654618315.5870383 0.3329963684082031 3.0554275512695312 0.0 0.0 0.0 -0.9935812950134277 0.11312009394168854
1654618315.687062 0.291656494140625 3.0458908081054688 0.0 0.0 0.0 -0.9909934401512146 0.13391029834747314
1654618315.7870018 0.23960494995117188 3.0469131469726562 0.0 0.0 0.0 -0.9867069721221924 0.16250942647457123
1654618315.8870003 0.20451736450195312 3.0515060424804688 0.0 0.0 0.0 -0.9826398491859436 0.18552349507808685
1654618315.987064 0.16576004028320312 3.046276092529297 0.0 0.0 0.0 -0.9768429398536682 0.2139577716588974
1654618316.0871062 0.13446807861328125 3.0392379760742188 0.0 0.0 0.0 -0.9707712531089783 0.24000653624534607
1654618316.187202 0.10605621337890625 3.041088104248047 0.0 0.0 0.0 -0.9621937274932861 0.2723659574985504
1654618316.2872617 0.08226776123046875 3.023822784423828 0.0 0.0 0.0 -0.9534215927124023 0.30164089798927307
1654618316.3874116 0.059661865234375 3.0283737182617188 0.0 0.0 0.0 -0.9418337941169739 0.3360790014266968
1654618316.4875162 0.034271240234375 3.037250518798828 0.0 0.0 0.0 -0.9292175769805908 0.36953309178352356
1654618316.587662 0.011749267578125 3.028778076171875 0.0 0.0 0.0 -0.9151933193206787 0.4030150771141052
1654618316.687739 -0.02215576171875 3.0508651733398438 0.0 0.0 0.0 -0.8967868089675903 0.4424629509449005
1654618316.7877872 -0.027095794677734375 3.047138214111328 0.0 0.0 0.0 -0.8806490302085876 0.47376927733421326
1654618316.8879457 -0.036533355712890625 3.036956787109375 0.0 0.0 0.0 -0.8668752312660217 0.49852511286735535
1654618316.988136 -0.06502532958984375 3.042877197265625 0.0 0.0 0.0 -0.8490875959396362 0.528252124786377
1654618317.088226 -0.06607818603515625 3.041271209716797 0.0 0.0 0.0 -0.8335780501365662 0.5524016618728638
1654618317.1882863 -0.0768890380859375 3.0283737182617188 0.0 0.0 0.0 -0.8177042603492737 0.5756385922431946
1654618317.2883441 -0.0987396240234375 3.025287628173828 0.0 0.0 0.0 -0.802972137928009 0.5960165858268738
1654618317.388324 -0.0985870361328125 3.0130081176757812 0.0 0.0 0.0 -0.7892922759056091 0.6140176653862
1654618317.4883351 -0.11312484741210938 2.9947128295898438 0.0 0.0 0.0 -0.7761861085891724 0.6305038928985596
1654618317.5883453 -0.11977005004882812 2.978923797607422 0.0 0.0 0.0 -0.7648137807846069 0.6442514061927795
1654618317.6883543 -0.11362457275390625 2.952709197998047 0.0 0.0 0.0 -0.7540081739425659 0.6568650603294373
1654618317.788344 -0.12508392333984375 2.9137039184570312 0.0 0.0 0.0 -0.7456952333450317 0.6662871837615967
1654618317.8883767 -0.13899612426757812 2.8798446655273438 0.0 0.0 0.0 -0.7378873229026794 0.6749238967895508
1654618317.9884286 -0.14352798461914062 2.845264434814453 0.0 0.0 0.0 -0.7319425940513611 0.6813663244247437
1654618318.0884118 -0.15491485595703125 2.7925186157226562 0.0 0.0 0.0 -0.724189281463623 0.6896012425422668
1654618318.1883428 -0.15641021728515625 2.736103057861328 0.0 0.0 0.0 -0.7187334895133972 0.6952856779098511
1654618318.288261 -0.169952392578125 2.6817092895507812 0.0 0.0 0.0 -0.7119810581207275 0.7021986842155457
1654618318.3881981 -0.16666793823242188 2.6258544921875 0.0 0.0 0.0 -0.7056981921195984 0.708512544631958
1654618318.4881444 -0.19034576416015625 2.557159423828125 0.0 0.0 0.0 -0.6981033086776733 0.715997040271759
1654618318.5881188 -0.1826934814453125 2.4987716674804688 0.0 0.0 0.0 -0.6935426592826843 0.7204155325889587
1654618318.688211 -0.18501663208007812 2.426189422607422 0.0 0.0 0.0 -0.6903675198554993 0.7234588265419006
1654618318.7883763 -0.18503570556640625 2.355243682861328 0.0 0.0 0.0 -0.6908729076385498 0.7229762077331543
1654618318.8885431 -0.20045089721679688 2.277332305908203 0.0 0.0 0.0 -0.6910802125930786 0.7227780222892761
1654618318.9886465 -0.18770980834960938 2.19586181640625 0.0 0.0 0.0 -0.6922786831855774 0.7216302752494812
1654618319.088656 -0.18816757202148438 2.118743896484375 0.0 0.0 0.0 -0.6938373446464539 0.7201317548751831
1654618319.1885653 -0.1979217529296875 2.040924072265625 0.0 0.0 0.0 -0.6947006583213806 0.7192989587783813
1654618319.2884047 -0.19663619995117188 1.9685897827148438 0.0 0.0 0.0 -0.6947538256645203 0.7192476391792297
1654618319.388202 -0.1931915283203125 1.8997802734375 0.0 0.0 0.0 -0.6945275664329529 0.7194660902023315
1654618319.4879808 -0.1930084228515625 1.8353080749511719 0.0 0.0 0.0 -0.6929567456245422 0.7209791541099548
1654618319.5878055 -0.18216705322265625 1.76220703125 0.0 0.0 0.0 -0.6913836598396301 0.7224878072738647
1654618319.6876552 -0.1924285888671875 1.6851615905761719 0.0 0.0 0.0 -0.6895826458930969 0.7242069840431213
1654618319.7875578 -0.19988250732421875 1.6156539916992188 0.0 0.0 0.0 -0.6867495179176331 0.7268941402435303
1654618319.8875117 -0.20258712768554688 1.5451774597167969 0.0 0.0 0.0 -0.6839681267738342 0.7295118570327759
1654618319.987546 -0.19778060913085938 1.482452392578125 0.0 0.0 0.0 -0.6807506084442139 0.732515275478363
1654618320.087624 -0.19310760498046875 1.4173393249511719 0.0 0.0 0.0 -0.6762948036193848 0.7366310954093933
1654618320.1877255 -0.20220184326171875 1.3535690307617188 0.0 0.0 0.0 -0.6729381084442139 0.7396988272666931
1654618320.287767 -0.19944000244140625 1.3021354675292969 0.0 0.0 0.0 -0.6661986708641052 0.7457743287086487
1654618320.3877451 -0.19964599609375 1.2390556335449219 0.0 0.0 0.0 -0.6599127054214478 0.7513422966003418
1654618320.4876733 -0.18730545043945312 1.1995964050292969 0.0 0.0 0.0 -0.6495411992073059 0.7603263854980469
1654618320.5875847 -0.19330596923828125 1.1612167358398438 0.0 0.0 0.0 -0.638331413269043 0.7697616815567017
1654618320.6874995 -0.1925201416015625 1.13299560546875 0.0 0.0 0.0 -0.6257475018501282 0.7800256609916687
1654618320.7874024 -0.19120025634765625 1.1001701354980469 0.0 0.0 0.0 -0.6112877130508423 0.7914084792137146
1654618320.8873513 -0.19489288330078125 1.0601577758789062 0.0 0.0 0.0 -0.597449004650116 0.8019068837165833
1654618320.9873345 -0.19480133056640625 1.0283584594726562 0.0 0.0 0.0 -0.5818012356758118 0.8133310079574585
1654618321.0873628 -0.18902969360351562 1.0013656616210938 0.0 0.0 0.0 -0.56415855884552 0.8256664872169495
1654618321.1874726 -0.18684768676757812 0.9729728698730469 0.0 0.0 0.0 -0.5467949509620667 0.8372665643692017
1654618321.2875807 -0.17557525634765625 0.9415779113769531 0.0 0.0 0.0 -0.5307602286338806 0.8475220203399658
1654618321.387714 -0.1816558837890625 0.9167556762695312 0.0 0.0 0.0 -0.5122773051261902 0.8588200807571411
1654618321.4878206 -0.16526412963867188 0.88623046875 0.0 0.0 0.0 -0.496252179145813 0.8681784272193909
1654618321.5879 -0.16092300415039062 0.8634757995605469 0.0 0.0 0.0 -0.4747011959552765 0.8801470398902893
1654618321.6878846 -0.1527862548828125 0.834716796875 0.0 0.0 0.0 -0.454996794462204 0.8904930949211121
1654618321.7878695 -0.15273284912109375 0.81707763671875 0.0 0.0 0.0 -0.432916522026062 0.9014340043067932
1654618321.8878393 -0.14743423461914062 0.8015251159667969 0.0 0.0 0.0 -0.4113123416900635 0.9114944934844971
1654618321.987832 -0.1424713134765625 0.7853622436523438 0.0 0.0 0.0 -0.3864968419075012 0.9222907423973083
1654618322.0878313 -0.13600921630859375 0.7701644897460938 0.0 0.0 0.0 -0.3613329231739044 0.9324368834495544
1654618322.1877635 -0.13532257080078125 0.7456474304199219 0.0 0.0 0.0 -0.33371663093566895 0.9426734447479248
1654618322.2876287 -0.130523681640625 0.728118896484375 0.0 0.0 0.0 -0.29915153980255127 0.9542056322097778
1654618322.387508 -0.12586212158203125 0.7173995971679688 0.0 0.0 0.0 -0.26655325293540955 0.963820219039917
1654618322.487521 -0.11746978759765625 0.7077713012695312 0.0 0.0 0.0 -0.23491792380809784 0.9720152020454407
1654618322.587643 -0.134002685546875 0.712371826171875 0.0 0.0 0.0 -0.2041005790233612 0.9789499044418335
1654618322.6879208 -0.14078140258789062 0.6936149597167969 0.0 0.0 0.0 -0.17763769626617432 0.9840959310531616
1654618322.7882378 -0.14449691772460938 0.6792526245117188 0.0 0.0 0.0 -0.15655359625816345 0.9876694679260254
1654618322.8884912 -0.14686203002929688 0.6658554077148438 0.0 0.0 0.0 -0.1323823630809784 0.991198718547821
1654618322.988551 -0.14719390869140625 0.6527633666992188 0.0 0.0 0.0 -0.10591953247785568 0.994374692440033
1654618323.0884726 -0.1299896240234375 0.642120361328125 0.0 0.0 0.0 -0.08232008665800095 0.9966059327125549
1654618323.1883833 -0.1235504150390625 0.635986328125 0.0 0.0 0.0 -0.05936649814248085 0.9982362389564514
1654618323.2883081 -0.1001129150390625 0.6236457824707031 0.0 0.0 0.0 -0.03818623721599579 0.9992706179618835
1654618323.3882225 -0.07570648193359375 0.6124076843261719 0.0 0.0 0.0 -0.018539471551775932 0.9998281002044678
1654618323.4882007 -0.044185638427734375 0.6086311340332031 0.0 0.0 0.0 -0.0014475897187367082 0.999998927116394
1654618323.5882149 -0.008571624755859375 0.61663818359375 0.0 0.0 0.0 0.013894782401621342 0.9999034404754639
1654618323.688323 0.02748870849609375 0.6149711608886719 0.0 0.0 0.0 0.024154728278517723 0.9997082352638245
1654618323.7884266 0.08466339111328125 0.617645263671875 0.0 0.0 0.0 0.03326135128736496 0.99944669008255
1654618323.88864 0.12483978271484375 0.6113967895507812 0.0 0.0 0.0 0.035240769386291504 0.9993788599967957
1654618323.9887488 0.19266510009765625 0.6140861511230469 0.0 0.0 0.0 0.03778219223022461 0.9992859959602356
1654618324.0888095 0.25989532470703125 0.615264892578125 0.0 0.0 0.0 0.03624431788921356 0.9993429780006409
1654618324.1888216 0.3282051086425781 0.609405517578125 0.0 0.0 0.0 0.035281892865896225 0.999377429485321
1654618324.2886784 0.40929412841796875 0.6160392761230469 0.0 0.0 0.0 0.034636858850717545 0.9993999600410461
1654618324.388507 0.48886871337890625 0.6186027526855469 0.0 0.0 0.0 0.03200455382466316 0.9994876980781555
1654618324.4883027 0.5711441040039062 0.6156120300292969 0.0 0.0 0.0 0.03145592287182808 0.9995051622390747
1654618324.5880814 0.6483345031738281 0.6149787902832031 0.0 0.0 0.0 0.03150598332285881 0.9995035529136658
1654618324.6878545 0.7314453125 0.6265068054199219 0.0 0.0 0.0 0.03251972422003746 0.9994710683822632
1654618324.7876742 0.8158035278320312 0.6168594360351562 0.0 0.0 0.0 0.03418012335896492 0.9994156956672668
1654618324.8875265 0.8903579711914062 0.6248855590820312 0.0 0.0 0.0 0.036543261259794235 0.999332070350647
1654618324.9874704 0.9844551086425781 0.6225395202636719 0.0 0.0 0.0 0.04212937876582146 0.9991121888160706
1654618325.0873992 1.0450363159179688 0.6273117065429688 0.0 0.0 0.0 0.043248772621154785 0.9990643262863159
1654618325.187394 1.1315383911132812 0.634552001953125 0.0 0.0 0.0 0.0474831648170948 0.9988720417022705
1654618325.287459 1.2126960754394531 0.6321601867675781 0.0 0.0 0.0 0.05332848057150841 0.9985769987106323
1654618325.3875592 1.2967720031738281 0.6453666687011719 0.0 0.0 0.0 0.05511552840471268 0.998479962348938
1654618325.4876688 1.375946044921875 0.64593505859375 0.0 0.0 0.0 0.0587916374206543 0.9982702732086182
1654618325.587824 1.4705429077148438 0.6548347473144531 0.0 0.0 0.0 0.058730918914079666 0.9982738494873047
1654618325.6879869 1.5587577819824219 0.66021728515625 0.0 0.0 0.0 0.05881330370903015 0.9982690215110779
1654618325.7881103 1.6360282897949219 0.6658401489257812 0.0 0.0 0.0 0.056745901703834534 0.9983886480331421
1654618325.8882003 1.7302665710449219 0.6718559265136719 0.0 0.0 0.0 0.0551392138004303 0.9984786510467529
1654618325.9882185 1.8166694641113281 0.678009033203125 0.0 0.0 0.0 0.05309554934501648 0.9985894560813904
1654618326.088222 1.8942375183105469 0.689056396484375 0.0 0.0 0.0 0.05230904743075371 0.998630940914154
1654618326.188158 1.9846305847167969 0.6952438354492188 0.0 0.0 0.0 0.05080413445830345 0.9987086653709412
1654618326.28806 2.081249237060547 0.6967658996582031 0.0 0.0 0.0 0.05109652876853943 0.9986937046051025
1654618326.3879383 2.176097869873047 0.7053413391113281 0.0 0.0 0.0 0.04850303754210472 0.9988230466842651
1654618326.4878135 2.256664276123047 0.7015151977539062 0.0 0.0 0.0 0.048537325114011765 0.9988213777542114
1654618326.587678 2.3309097290039062 0.6980094909667969 0.0 0.0 0.0 0.04869464412331581 0.9988136887550354
1654618326.6875374 2.420562744140625 0.7045974731445312 0.0 0.0 0.0 0.04974924400448799 0.9987617135047913
1654618326.7873776 2.513751983642578 0.7145805358886719 0.0 0.0 0.0 0.05342087894678116 0.9985721111297607
1654618326.8873127 2.59710693359375 0.7220993041992188 0.0 0.0 0.0 0.055716533213853836 0.9984466433525085
1654618326.987281 2.67877197265625 0.7202835083007812 0.0 0.0 0.0 0.060975369065999985 0.9981392621994019
1654618327.0873387 2.769855499267578 0.7302627563476562 0.0 0.0 0.0 0.06521880626678467 0.9978709816932678
1654618327.1873662 2.839080810546875 0.7409744262695312 0.0 0.0 0.0 0.06769932061433792 0.9977057576179504
1654618327.2873836 2.921142578125 0.7379226684570312 0.0 0.0 0.0 0.07322658598423004 0.9973153471946716
1654618327.387378 2.9996871948242188 0.7410354614257812 0.0 0.0 0.0 0.07811403274536133 0.9969444274902344
1654618327.4873414 3.0795974731445312 0.7541694641113281 0.0 0.0 0.0 0.0864613950252533 0.9962552189826965
1654618327.587325 3.151317596435547 0.7636528015136719 0.0 0.0 0.0 0.09705504775047302 0.9952790141105652
1654618327.6873293 3.2232131958007812 0.7687301635742188 0.0 0.0 0.0 0.11151123046875 0.9937631487846375
1654618327.7872646 3.2867660522460938 0.7855148315429688 0.0 0.0 0.0 0.12645968794822693 0.9919717311859131
1654618327.887156 3.340496063232422 0.792510986328125 0.0 0.0 0.0 0.1495506316423416 0.9887540936470032
1654618327.9870546 3.391712188720703 0.7922248840332031 0.0 0.0 0.0 0.17262738943099976 0.984987199306488
1654618328.086936 3.428577423095703 0.7932815551757812 0.0 0.0 0.0 0.19947519898414612 0.9799028635025024
1654618328.1868885 3.485729217529297 0.7994766235351562 0.0 0.0 0.0 0.22789865732192993 0.9736848473548889
1654618328.2869852 3.508708953857422 0.7977409362792969 0.0 0.0 0.0 0.2550707757472992 0.966922402381897
1654618328.3870864 3.5406570434570312 0.8062744140625 0.0 0.0 0.0 0.2839968502521515 0.9588252305984497
1654618328.4872487 3.5684738159179688 0.8159561157226562 0.0 0.0 0.0 0.3151967525482178 0.949026346206665
1654618328.5873876 3.6014175415039062 0.8280029296875 0.0 0.0 0.0 0.3466382622718811 0.93799889087677
1654618328.6876156 3.622760772705078 0.8331718444824219 0.0 0.0 0.0 0.376883327960968 0.926260769367218
1654618328.7879033 3.658123016357422 0.8463516235351562 0.0 0.0 0.0 0.4035700261592865 0.9149487614631653
1654618328.8881748 3.67767333984375 0.8591117858886719 0.0 0.0 0.0 0.42870062589645386 0.903446614742279
1654618328.9884262 3.697711944580078 0.87188720703125 0.0 0.0 0.0 0.4504195749759674 0.8928170204162598
1654618329.0886407 3.727581024169922 0.9011039733886719 0.0 0.0 0.0 0.4682110846042633 0.8836166262626648
1654618329.1887677 3.7577133178710938 0.929779052734375 0.0 0.0 0.0 0.4843323826789856 0.8748840689659119
1654618329.2887352 3.795307159423828 0.9613037109375 0.0 0.0 0.0 0.5020398497581482 0.8648445010185242
1654618329.3885558 3.8117446899414062 1.0033187866210938 0.0 0.0 0.0 0.5198427438735962 0.8542619943618774
1654618329.488288 3.8548812866210938 1.0437126159667969 0.0 0.0 0.0 0.5352979898452759 0.8446632623672485
1654618329.5880485 3.878223419189453 1.0849838256835938 0.0 0.0 0.0 0.5505237579345703 0.834819495677948
1654618329.6877677 3.903827667236328 1.1419601440429688 0.0 0.0 0.0 0.5663964748382568 0.8241329193115234
1654618329.7874706 3.928508758544922 1.1942558288574219 0.0 0.0 0.0 0.582604706287384 0.8127556443214417
1654618329.887247 3.9657516479492188 1.2497634887695312 0.0 0.0 0.0 0.5971500873565674 0.8021295666694641
1654618329.9870872 3.997722625732422 1.3031845092773438 0.0 0.0 0.0 0.613053560256958 0.7900413870811462
1654618330.086905 4.024871826171875 1.3693466186523438 0.0 0.0 0.0 0.6317654848098755 0.7751595973968506
1654618330.1867993 4.047950744628906 1.4347343444824219 0.0 0.0 0.0 0.6497114300727844 0.7601809501647949
1654618330.2867596 4.056427001953125 1.4968948364257812 0.0 0.0 0.0 0.6678529977798462 0.744293212890625
1654618330.3868868 4.074298858642578 1.562713623046875 0.0 0.0 0.0 0.6833526492118835 0.7300884127616882
1654618330.4870906 4.084281921386719 1.6320266723632812 0.0 0.0 0.0 0.7003979086875916 0.7137525677680969
1654618330.5873566 4.096832275390625 1.6898689270019531 0.0 0.0 0.0 0.711491048336029 0.7026951909065247
1654618330.6876397 4.097969055175781 1.7732772827148438 0.0 0.0 0.0 0.7221932411193848 0.6916913390159607
1654618330.7879596 4.109905242919922 1.8622550964355469 0.0 0.0 0.0 0.731787919998169 0.6815324425697327
1654618330.888237 4.104961395263672 1.9442939758300781 0.0 0.0 0.0 0.7403379082679749 0.6722348928451538
1654618330.988434 4.105491638183594 2.022857666015625 0.0 0.0 0.0 0.7464072108268738 0.6654894948005676
1654618331.0885413 4.100566864013672 2.111133575439453 0.0 0.0 0.0 0.7508086562156677 0.6605197787284851
1654618331.1885107 4.105133056640625 2.190174102783203 0.0 0.0 0.0 0.758007287979126 0.6522461175918579
1654618331.288337 4.100536346435547 2.27008056640625 0.0 0.0 0.0 0.7658787965774536 0.6429849863052368
1654618331.3880029 4.100860595703125 2.3476486206054688 0.0 0.0 0.0 0.7738447785377502 0.6333752870559692
1654618331.4875581 4.094795227050781 2.416606903076172 0.0 0.0 0.0 0.7860482335090637 0.6181651949882507
1654618331.5870392 4.084606170654297 2.4831314086914062 0.0 0.0 0.0 0.7994250059127808 0.6007659435272217
1654618331.6865683 4.076683044433594 2.5420608520507812 0.0 0.0 0.0 0.8137208819389343 0.5812558531761169
1654618331.7862356 4.078441619873047 2.594043731689453 0.0 0.0 0.0 0.8277302980422974 0.561126172542572
1654618331.8860278 4.086414337158203 2.6261062622070312 0.0 0.0 0.0 0.8423846364021301 0.5388767123222351
1654618331.9859219 4.074134826660156 2.6626358032226562 0.0 0.0 0.0 0.8578616976737976 0.5138806104660034
1654618332.0860121 4.071197509765625 2.686145782470703 0.0 0.0 0.0 0.872271716594696 0.48902156949043274
1654618332.186216 4.074165344238281 2.705638885498047 0.0 0.0 0.0 0.88637375831604 0.46297040581703186
1654618332.2864082 4.082103729248047 2.713909149169922 0.0 0.0 0.0 0.9018048048019409 0.4321436583995819
1654618332.386571 4.075359344482422 2.726551055908203 0.0 0.0 0.0 0.9181396961212158 0.39625683426856995
1654618332.4867496 4.072723388671875 2.7352523803710938 0.0 0.0 0.0 0.9334182143211365 0.35879018902778625
1654618332.586919 4.070598602294922 2.7439041137695312 0.0 0.0 0.0 0.9467892646789551 0.3218541741371155
1654618332.687093 4.082233428955078 2.739734649658203 0.0 0.0 0.0 0.959618866443634 0.2813034653663635
1654618332.787348 4.097850799560547 2.745361328125 0.0 0.0 0.0 0.969122052192688 0.24658145010471344
1654618332.8876643 4.10205078125 2.7570724487304688 0.0 0.0 0.0 0.9770220518112183 0.21313823759555817
1654618332.9879673 4.192863464355469 2.76708984375 0.0 0.0 0.0 0.9841512441635132 0.17733117938041687
1654618333.0882812 4.193550109863281 2.7720718383789062 0.0 0.0 0.0 0.9887294769287109 0.1497131735086441
1654618333.1884978 4.196575164794922 2.784069061279297 0.0 0.0 0.0 0.9924061894416809 0.12300405651330948
1654618333.2886426 4.177886962890625 2.7929458618164062 0.0 0.0 0.0 0.9947342276573181 0.10248785465955734
1654618333.3887284 4.171344757080078 2.8040237426757812 0.0 0.0 0.0 0.9963232278823853 0.0856742262840271
1654618333.4887848 4.159160614013672 2.810009002685547 0.0 0.0 0.0 0.9971996545791626 0.07478563487529755
1654618333.588728 4.143157958984375 2.813793182373047 0.0 0.0 0.0 0.9981393814086914 0.060973308980464935
1654618333.6884487 4.1136474609375 2.8210678100585938 0.0 0.0 0.0 0.9989511966705322 0.04578796401619911
1654618333.7881238 4.078357696533203 2.8324661254882812 0.0 0.0 0.0 0.9994305372238159 0.03374253585934639
1654618333.8878312 4.031818389892578 2.8465576171875 0.0 0.0 0.0 0.9996959567070007 0.024656375870108604
1654618333.9876297 3.9625015258789062 2.850811004638672 0.0 0.0 0.0 0.9998925924301147 0.01465621404349804
1654618334.0874898 3.9045639038085938 2.862640380859375 0.0 0.0 0.0 0.999930739402771 0.011766833253204823
1654618334.187555 3.8282394409179688 2.8659286499023438 0.0 0.0 0.0 0.9999011158943176 0.014061063528060913
1654618334.2877126 3.738262176513672 2.8720932006835938 0.0 0.0 0.0 0.9998522400856018 0.01719147339463234
1654618334.3878493 3.641674041748047 2.872283935546875 0.0 0.0 0.0 0.9997216463088989 0.023592622950673103
1654618334.487861 3.538768768310547 2.872894287109375 0.0 0.0 0.0 0.9996204376220703 0.027550147846341133
1654618334.5878453 3.4406356811523438 2.887248992919922 0.0 0.0 0.0 0.9994685649871826 0.032597921788692474
1654618334.6876626 3.356719970703125 2.890026092529297 0.0 0.0 0.0 0.9993979334831238 0.03469565138220787
1654618334.7874541 3.252300262451172 2.901824951171875 0.0 0.0 0.0 0.9993556141853333 0.03589295595884323
1654618334.8871636 3.173492431640625 2.9091873168945312 0.0 0.0 0.0 0.9994221329689026 0.033992014825344086
1654618334.9868662 3.07977294921875 2.915943145751953 0.0 0.0 0.0 0.9995648264884949 0.02949771098792553
1654618335.0865753 2.988739013671875 2.925159454345703 0.0 0.0 0.0 0.9997241497039795 0.023486198857426643
1654618335.1863687 2.910400390625 2.9345779418945312 0.0 0.0 0.0 0.9998767375946045 0.015701796859502792
1654618335.286287 2.82977294921875 2.943065643310547 0.0 0.0 0.0 0.9999770522117615 0.006775283720344305
1654618335.3863652 2.740306854248047 2.956378936767578 0.0 0.0 0.0 -0.9999998211860657 0.0006304541602730751
1654618335.486557 2.643268585205078 2.962493896484375 0.0 0.0 0.0 -0.9999755024909973 0.006999391596764326
1654618335.5868237 2.561279296875 2.9647216796875 0.0 0.0 0.0 -0.999896764755249 0.014367518946528435
1654618335.687155 2.457904815673828 2.971324920654297 0.0 0.0 0.0 -0.9998101592063904 0.019483959302306175
1654618335.7874794 2.3781051635742188 2.9715576171875 0.0 0.0 0.0 -0.9997522830963135 0.0222567580640316
1654618335.8877676 2.273265838623047 2.970867156982422 0.0 0.0 0.0 -0.9996853470802307 0.02508360892534256
1654618335.9879367 2.179546356201172 2.9683837890625 0.0 0.0 0.0 -0.9996572732925415 0.026178544387221336
1654618336.088011 2.0905838012695312 2.965923309326172 0.0 0.0 0.0 -0.9996383786201477 0.026891760528087616
1654618336.1879911 1.9788818359375 2.9689407348632812 0.0 0.0 0.0 -0.999660074710846 0.026070933789014816
1654618336.287889 1.890411376953125 2.973419189453125 0.0 0.0 0.0 -0.9996123313903809 0.02784150280058384
1654618336.3877466 1.7997550964355469 2.959514617919922 0.0 0.0 0.0 -0.9995977878570557 0.028360215947031975
1654618336.487568 1.6957626342773438 2.961017608642578 0.0 0.0 0.0 -0.999537467956543 0.03041151724755764
1654618336.587393 1.6092720031738281 2.9563217163085938 0.0 0.0 0.0 -0.999434232711792 0.033632684499025345
1654618336.6872058 1.5221328735351562 2.954181671142578 0.0 0.0 0.0 -0.9991632103919983 0.040901053696870804
1654618336.7870579 1.4236640930175781 2.953601837158203 0.0 0.0 0.0 -0.9989674091339111 0.045432258397340775
1654618336.8869615 1.3362503051757812 2.943828582763672 0.0 0.0 0.0 -0.9986621141433716 0.05171002075076103
1654618336.9869611 1.2414741516113281 2.9496383666992188 0.0 0.0 0.0 -0.9982938766479492 0.05838964879512787
1654618337.0869863 1.1531257629394531 2.947948455810547 0.0 0.0 0.0 -0.9980173110961914 0.06293993443250656
1654618337.1870122 1.0578117370605469 2.943828582763672 0.0 0.0 0.0 -0.9975318312644958 0.07021529227495193
1654618337.2870488 0.9762687683105469 2.9336776733398438 0.0 0.0 0.0 -0.9969584941864014 0.0779346227645874
1654618337.3870842 0.8806991577148438 2.928680419921875 0.0 0.0 0.0 -0.9961655139923096 0.08748842775821686
1654618337.4871264 0.7987480163574219 2.920215606689453 0.0 0.0 0.0 -0.9950932860374451 0.098940908908844
1654618337.5871072 0.7245674133300781 2.908863067626953 0.0 0.0 0.0 -0.9939236640930176 0.11007152497768402
1654618337.6870322 0.6557998657226562 2.90582275390625 0.0 0.0 0.0 -0.9919686317443848 0.12648427486419678
1654618337.7869432 0.5861701965332031 2.9193115234375 0.0 0.0 0.0 -0.9887793064117432 0.14938372373580933
1654618337.8868117 0.5257492065429688 2.919281005859375 0.0 0.0 0.0 -0.9843490719795227 0.1762295514345169
1654618337.9867218 0.4668388366699219 2.9082717895507812 0.0 0.0 0.0 -0.9788320660591125 0.204664945602417
1654618338.0866997 0.4229011535644531 2.8932876586914062 0.0 0.0 0.0 -0.9725858569145203 0.2325441837310791
1654618338.1867597 0.38396453857421875 2.8777542114257812 0.0 0.0 0.0 -0.9652301073074341 0.2614017128944397
1654618338.28679 0.3414802551269531 2.868194580078125 0.0 0.0 0.0 -0.9550873041152954 0.29632461071014404
1654618338.3868637 0.2939872741699219 2.857471466064453 0.0 0.0 0.0 -0.9436665177345276 0.3308980464935303
1654618338.4869678 0.25627899169921875 2.850872039794922 0.0 0.0 0.0 -0.9296257495880127 0.3685050308704376
1654618338.5870016 0.23477935791015625 2.8288650512695312 0.0 0.0 0.0 -0.9142577052116394 0.4051331579685211
1654618338.6870756 0.212127685546875 2.8108901977539062 0.0 0.0 0.0 -0.8958828449249268 0.44429031014442444
1654618338.7871203 0.17842483520507812 2.803607940673828 0.0 0.0 0.0 -0.8731392621994019 0.4874708354473114
1654618338.887389 0.1290283203125 2.815288543701172 0.0 0.0 0.0 -0.8463013172149658 0.5327045321464539
1654618338.9878078 0.11606597900390625 2.786937713623047 0.0 0.0 0.0 -0.8256419897079468 0.56419438123703
1654618339.0882947 0.082366943359375 2.754638671875 0.0 0.0 0.0 -0.8042660355567932 0.5942693948745728
1654618339.1888387 0.063873291015625 2.72247314453125 0.0 0.0 0.0 -0.7888613939285278 0.6145711541175842
1654618339.289309 0.04373931884765625 2.6800765991210938 0.0 0.0 0.0 -0.7743426561355591 0.6327664852142334
1654618339.3896043 0.028736114501953125 2.6177291870117188 0.0 0.0 0.0 -0.7615240812301636 0.6481366753578186
1654618339.4897525 0.012714385986328125 2.562744140625 0.0 0.0 0.0 -0.7490205764770508 0.662546694278717
1654618339.589726 -0.01152801513671875 2.498310089111328 0.0 0.0 0.0 -0.7386022210121155 0.674141526222229
1654618339.689575 -0.025634765625 2.423877716064453 0.0 0.0 0.0 -0.729240357875824 0.6842576265335083
1654618339.7892675 -0.015636444091796875 2.3481979370117188 0.0 0.0 0.0 -0.7195867896080017 0.6944025158882141
1654618339.8889284 -0.03246307373046875 2.2804336547851562 0.0 0.0 0.0 -0.7118404507637024 0.7023412585258484
1654618339.9885545 -0.043300628662109375 2.201000213623047 0.0 0.0 0.0 -0.7058007121086121 0.7084104418754578
1654618340.0881581 -0.055011749267578125 2.119068145751953 0.0 0.0 0.0 -0.6990211606025696 0.7151010036468506
1654618340.1877005 -0.0619049072265625 2.045055389404297 0.0 0.0 0.0 -0.6901705265045166 0.7236467599868774
1654618340.2872088 -0.07100296020507812 1.9723587036132812 0.0 0.0 0.0 -0.6799505352973938 0.7332580089569092
1654618340.3868082 -0.07744598388671875 1.9021987915039062 0.0 0.0 0.0 -0.6689552664756775 0.7433027029037476
1654618340.486561 -0.0662689208984375 1.8323974609375 0.0 0.0 0.0 -0.6567611694335938 0.754098653793335
1654618340.5864666 -0.07018280029296875 1.7509269714355469 0.0 0.0 0.0 -0.6453654170036316 0.7638739943504333
1654618340.6865282 -0.06318283081054688 1.6793632507324219 0.0 0.0 0.0 -0.6348815560340881 0.7726094722747803
1654618340.7867398 -0.05788421630859375 1.6070175170898438 0.0 0.0 0.0 -0.6243857741355896 0.7811161279678345
1654618340.886996 -0.05002593994140625 1.5431137084960938 0.0 0.0 0.0 -0.6143686175346375 0.7890191078186035
1654618340.9872742 -0.04571533203125 1.4735031127929688 0.0 0.0 0.0 -0.6046552658081055 0.7964873313903809
1654618341.0875294 -0.02306365966796875 1.4055671691894531 0.0 0.0 0.0 -0.5954051613807678 0.8034256100654602
1654618341.18769 -0.01940155029296875 1.3443832397460938 0.0 0.0 0.0 -0.5837884545326233 0.8119058012962341
1654618341.2876825 -0.00971221923828125 1.2999153137207031 0.0 0.0 0.0 -0.5678300261497498 0.823145866394043
1654618341.3875065 0.00072479248046875 1.2440185546875 0.0 0.0 0.0 -0.5489197373390198 0.8358750343322754
1654618341.4872308 0.005462646484375 1.1990890502929688 0.0 0.0 0.0 -0.5247092843055725 0.851281464099884
1654618341.5869262 0.00986480712890625 1.1609382629394531 0.0 0.0 0.0 -0.4978766143321991 0.8672478795051575
1654618341.6866 0.01734161376953125 1.1193962097167969 0.0 0.0 0.0 -0.4656071662902832 0.8849915266036987
1654618341.7862957 0.029438018798828125 1.096527099609375 0.0 0.0 0.0 -0.42821791768074036 0.9036754965782166
1654618341.8860667 0.03067779541015625 1.0801773071289062 0.0 0.0 0.0 -0.3923640251159668 0.9198099970817566
1654618341.9859867 0.032947540283203125 1.0556755065917969 0.0 0.0 0.0 -0.35370972752571106 0.9353552460670471
1654618342.0860848 0.03061676025390625 1.0406265258789062 0.0 0.0 0.0 -0.3096160292625427 0.9508616924285889
1654618342.1862957 0.02387237548828125 1.0215072631835938 0.0 0.0 0.0 -0.26632368564605713 0.963883638381958
1654618342.2865937 0.02652740478515625 1.0024337768554688 0.0 0.0 0.0 -0.224061980843544 0.9745749235153198
1654618342.3869977 0.009998321533203125 0.99053955078125 0.0 0.0 0.0 -0.18201522529125214 0.983295738697052
1654618342.4875143 -0.003673553466796875 0.9889030456542969 0.0 0.0 0.0 -0.14488275349140167 0.9894488453865051
1654618342.5881686 0.0167236328125 0.9881210327148438 0.0 0.0 0.0 -0.12133776396512985 0.992611289024353
1654618342.688833 0.058147430419921875 0.9709663391113281 0.0 0.0 0.0 -0.10578013211488724 0.994389533996582
1654618342.7893555 0.10158157348632812 0.95892333984375 0.0 0.0 0.0 -0.09316613525152206 0.995650589466095
1654618342.8895862 0.14116668701171875 0.936767578125 0.0 0.0 0.0 -0.0826520249247551 0.9965784549713135
1654618342.9894774 0.21421432495117188 0.9204940795898438 0.0 0.0 0.0 -0.07140102237462997 0.997447669506073
1654618343.0892506 0.263916015625 0.8993453979492188 0.0 0.0 0.0 -0.060002654790878296 0.9981982111930847
1654618343.1887991 0.352325439453125 0.8878402709960938 0.0 0.0 0.0 -0.049851879477500916 0.9987566471099854
1654618343.288301 0.4304389953613281 0.8743705749511719 0.0 0.0 0.0 -0.03752700611948967 0.9992955923080444
1654618343.387801 0.5139389038085938 0.8599929809570312 0.0 0.0 0.0 -0.026522060856223106 0.9996482133865356
1654618343.4873855 0.6198844909667969 0.83843994140625 0.0 0.0 0.0 -0.013740258291363716 0.9999055862426758
1654618343.587058 0.719879150390625 0.8297653198242188 0.0 0.0 0.0 -0.003031400265172124 0.9999954104423523
1654618343.6868672 0.8124313354492188 0.8266525268554688 0.0 0.0 0.0 0.009457200765609741 0.9999552965164185
1654618343.786856 0.9134445190429688 0.8157234191894531 0.0 0.0 0.0 0.019304055720567703 0.9998136758804321
1654618343.8869205 1.0001144409179688 0.815093994140625 0.0 0.0 0.0 0.0308622308075428 0.9995236396789551
1654618343.9870958 1.1159286499023438 0.8185234069824219 0.0 0.0 0.0 0.04288676753640175 0.9990799427032471
1654618344.0872931 1.2121505737304688 0.8126754760742188 0.0 0.0 0.0 0.051820043474435806 0.9986564517021179
1654618344.1875792 1.3090896606445312 0.8122177124023438 0.0 0.0 0.0 0.05911212041974068 0.9982513785362244
1654618344.2878776 1.4132194519042969 0.8210983276367188 0.0 0.0 0.0 0.06519956141710281 0.9978722333908081
1654618344.388202 1.527313232421875 0.8330802917480469 0.0 0.0 0.0 0.06400944292545319 0.9979493021965027
1654618344.488474 1.62615966796875 0.8449630737304688 0.0 0.0 0.0 0.0635552778840065 0.9979783296585083
1654618344.5886462 1.7369804382324219 0.8543701171875 0.0 0.0 0.0 0.06230570375919342 0.9980571269989014
1654618344.68868 1.8585433959960938 0.8731689453125 0.0 0.0 0.0 0.05810479074716568 0.9983105063438416
1654618344.7885911 1.9398078918457031 0.8810310363769531 0.0 0.0 0.0 0.057532861828804016 0.9983435869216919
1654618344.888386 2.063831329345703 0.888031005859375 0.0 0.0 0.0 0.055578701198101044 0.9984543323516846
1654618344.9881287 2.1537094116210938 0.8886489868164062 0.0 0.0 0.0 0.05580686032772064 0.9984415769577026
1654618345.0878685 2.256633758544922 0.9016036987304688 0.0 0.0 0.0 0.05554672330617905 0.9984560608863831
1654618345.1875825 2.3512496948242188 0.9002151489257812 0.0 0.0 0.0 0.06044243648648262 0.9981716871261597
1654618345.287274 2.437366485595703 0.9026069641113281 0.0 0.0 0.0 0.06524980813264847 0.9978689551353455
1654618345.3869894 2.5424575805664062 0.905975341796875 0.0 0.0 0.0 0.07288438826799393 0.9973403811454773
1654618345.4867861 2.63238525390625 0.9144821166992188 0.0 0.0 0.0 0.08018596470355988 0.9967799186706543
1654618345.5866518 2.7195358276367188 0.9277420043945312 0.0 0.0 0.0 0.08679459244012833 0.9962262511253357
1654618345.6866095 2.794513702392578 0.932647705078125 0.0 0.0 0.0 0.09615226089954376 0.995366632938385
1654618345.7866616 2.866535186767578 0.9424819946289062 0.0 0.0 0.0 0.10532236844301224 0.994438111782074
1654618345.8867655 2.9370956420898438 0.9575614929199219 0.0 0.0 0.0 0.11287488788366318 0.9936091899871826
1654618345.9868498 2.992389678955078 0.9569320678710938 0.0 0.0 0.0 0.12959414720535278 0.9915671348571777
1654618346.0869079 3.054229736328125 0.9731254577636719 0.0 0.0 0.0 0.1423373967409134 0.9898182153701782
1654618346.18692 3.1081924438476562 0.9726753234863281 0.0 0.0 0.0 0.16083288192749023 0.9869816303253174
1654618346.2868676 3.163055419921875 0.9813613891601562 0.0 0.0 0.0 0.18153327703475952 0.9833847880363464
1654618346.3867362 3.2007064819335938 1.0015335083007812 0.0 0.0 0.0 0.2054789811372757 0.9786615371704102
1654618346.4866147 3.240070343017578 0.996673583984375 0.0 0.0 0.0 0.2338738888502121 0.9722669124603271
1654618346.586458 3.2904281616210938 1.009521484375 0.0 0.0 0.0 0.263793021440506 0.9645792841911316
1654618346.6862962 3.322521209716797 1.0075492858886719 0.0 0.0 0.0 0.2977603077888489 0.9546406865119934
1654618346.7861454 3.3538131713867188 1.0187759399414062 0.0 0.0 0.0 0.3330675959587097 0.9429029822349548
1654618346.8861558 3.390247344970703 1.0280227661132812 0.0 0.0 0.0 0.3677736222743988 0.9299153685569763
1654618346.9862185 3.4251022338867188 1.0350265502929688 0.0 0.0 0.0 0.40240609645843506 0.9154612421989441
1654618347.0864003 3.4429244995117188 1.0547714233398438 0.0 0.0 0.0 0.43533799052238464 0.9002670645713806
1654618347.1866865 3.47625732421875 1.0680961608886719 0.0 0.0 0.0 0.4678455889225006 0.8838102221488953
1654618347.286958 3.4973678588867188 1.0851058959960938 0.0 0.0 0.0 0.49964839220046997 0.8662282824516296
1654618347.3871944 3.520923614501953 1.1096687316894531 0.0 0.0 0.0 0.5334632992744446 0.8458232283592224
1654618347.4873655 3.5445480346679688 1.1417961120605469 0.0 0.0 0.0 0.5607203841209412 0.8280052542686462
1654618347.5875995 3.5781784057617188 1.1723709106445312 0.0 0.0 0.0 0.5889101028442383 0.8081985116004944
1654618347.687831 3.600872039794922 1.2158088684082031 0.0 0.0 0.0 0.6116151809692383 0.7911553978919983
1654618347.7880597 3.60589599609375 1.2773933410644531 0.0 0.0 0.0 0.6321408152580261 0.774853527545929
1654618347.8883114 3.6257858276367188 1.3346786499023438 0.0 0.0 0.0 0.6442959904670715 0.7647762298583984
1654618347.9886022 3.651195526123047 1.4130439758300781 0.0 0.0 0.0 0.6514495611190796 0.7586919665336609
1654618348.0888517 3.6783676147460938 1.4838752746582031 0.0 0.0 0.0 0.6560211777687073 0.7547425031661987
1654618348.1889372 3.6898422241210938 1.5800590515136719 0.0 0.0 0.0 0.6553338766098022 0.7553393840789795
1654618348.2888348 3.707721710205078 1.6706771850585938 0.0 0.0 0.0 0.6591351628303528 0.7520245313644409
1654618348.388578 3.733631134033203 1.7569084167480469 0.0 0.0 0.0 0.6639788746833801 0.7477513551712036
1654618348.4881873 3.7446517944335938 1.8339614868164062 0.0 0.0 0.0 0.6643536686897278 0.7474183440208435
1654618348.587715 3.7669448852539062 1.9226455688476562 0.0 0.0 0.0 0.6713163256645203 0.7411709427833557
1654618348.6871748 3.773143768310547 2.0050735473632812 0.0 0.0 0.0 0.679039716720581 0.7341015338897705
1654618348.7866518 3.7904891967773438 2.0855178833007812 0.0 0.0 0.0 0.6885408163070679 0.7251976132392883
1654618348.886198 3.810749053955078 2.161773681640625 0.0 0.0 0.0 0.7008625864982605 0.7132962942123413
1654618348.9859073 3.8245468139648438 2.23291015625 0.0 0.0 0.0 0.7143857479095459 0.6997520923614502
1654618349.0857747 3.83807373046875 2.2978591918945312 0.0 0.0 0.0 0.7271026968955994 0.686528742313385
1654618349.1857948 3.8428573608398438 2.3654403686523438 0.0 0.0 0.0 0.7415072321891785 0.6709449291229248
1654618349.2859604 3.8477554321289062 2.4251708984375 0.0 0.0 0.0 0.7546747922897339 0.6560990810394287
1654618349.386181 3.856983184814453 2.4684677124023438 0.0 0.0 0.0 0.7695379853248596 0.6386010050773621
1654618349.4864852 3.8489608764648438 2.502033233642578 0.0 0.0 0.0 0.7852157354354858 0.6192223429679871
1654618349.5868137 3.8542709350585938 2.5424423217773438 0.0 0.0 0.0 0.7999030947685242 0.600129246711731
1654618349.6870646 3.864093780517578 2.5712890625 0.0 0.0 0.0 0.8152139186859131 0.5791599750518799
1654618349.7871969 3.865966796875 2.590167999267578 0.0 0.0 0.0 0.834851861000061 0.5504746437072754
1654618349.8872437 3.873394012451172 2.605602264404297 0.0 0.0 0.0 0.8552380800247192 0.5182353258132935
1654618349.987214 3.8791427612304688 2.6293716430664062 0.0 0.0 0.0 0.8743667602539062 0.48526567220687866
1654618350.0871747 3.891742706298828 2.6356582641601562 0.0 0.0 0.0 0.8949705362319946 0.44612523913383484
1654618350.1871116 3.8953628540039062 2.644073486328125 0.0 0.0 0.0 0.9151427149772644 0.40313008427619934
1654618350.2871726 3.894451141357422 2.6428604125976562 0.0 0.0 0.0 0.9334722757339478 0.35864952206611633
1654618350.3873045 3.902873992919922 2.6542892456054688 0.0 0.0 0.0 0.9473023414611816 0.3203407824039459
1654618350.4874806 3.907512664794922 2.667510986328125 0.0 0.0 0.0 0.9610919952392578 0.27622851729393005
1654618350.587702 3.9154434204101562 2.663066864013672 0.0 0.0 0.0 0.971130907535553 0.23854710161685944
1654618350.687943 3.915233612060547 2.674774169921875 0.0 0.0 0.0 0.9793046116828918 0.2023918330669403
1654618350.7882454 3.9919662475585938 2.692352294921875 0.0 0.0 0.0 0.9865033030509949 0.16374140977859497
1654618350.8885963 3.9829483032226562 2.7062301635742188 0.0 0.0 0.0 0.99021977186203 0.13951638340950012
1654618350.988883 3.9652786254882812 2.716991424560547 0.0 0.0 0.0 0.9932808876037598 0.11572843790054321
1654618351.0889423 3.9554519653320312 2.737590789794922 0.0 0.0 0.0 0.9956021904945374 0.09368199855089188
1654618351.1887689 3.908313751220703 2.7522354125976562 0.0 0.0 0.0 0.9976586699485779 0.06838995218276978
1654618351.2885146 3.860553741455078 2.7636032104492188 0.0 0.0 0.0 0.9988815784454346 0.04728265851736069
1654618351.3882744 3.805286407470703 2.776580810546875 0.0 0.0 0.0 0.9995872974395752 0.028726039454340935
1654618351.4881237 3.728870391845703 2.788440704345703 0.0 0.0 0.0 0.9998422265052795 0.017762398347258568
1654618351.588082 3.6601181030273438 2.7997512817382812 0.0 0.0 0.0 0.9999616742134094 0.00875397864729166
1654618351.68806 3.5663986206054688 2.8073806762695312 0.0 0.0 0.0 0.9999984502792358 0.0017561466665938497
1654618351.7880352 3.4743728637695312 2.8071670532226562 0.0 0.0 0.0 -0.9999955296516418 0.0029907936695963144
1654618351.8880174 3.377086639404297 2.811767578125 0.0 0.0 0.0 -0.9999855756759644 0.00537090515717864
1654618351.9879963 3.2836380004882812 2.811229705810547 0.0 0.0 0.0 -0.9999762177467346 0.006895443890243769
1654618352.0878975 3.203845977783203 2.8170852661132812 0.0 0.0 0.0 -0.9999552965164185 0.009456569328904152
1654618352.1877642 3.104053497314453 2.812572479248047 0.0 0.0 0.0 -0.9999197721481323 0.012667869217693806
1654618352.2876065 2.9914474487304688 2.817852020263672 0.0 0.0 0.0 -0.9998400807380676 0.01788337714970112
1654618352.387402 2.927631378173828 2.822856903076172 0.0 0.0 0.0 -0.9996774792671204 0.02539607509970665
1654618352.487163 2.813873291015625 2.822662353515625 0.0 0.0 0.0 -0.9994032979011536 0.034540534019470215
1654618352.5870245 2.732158660888672 2.8297653198242188 0.0 0.0 0.0 -0.9990870356559753 0.04272109642624855
1654618352.6869624 2.6351089477539062 2.8270645141601562 0.0 0.0 0.0 -0.9985771179199219 0.05332712456583977
1654618352.787015 2.539325714111328 2.8195571899414062 0.0 0.0 0.0 -0.9980290532112122 0.06275314092636108
1654618352.887118 2.461414337158203 2.8099746704101562 0.0 0.0 0.0 -0.9974283576011658 0.07167086005210876
1654618352.9873104 2.3677139282226562 2.805217742919922 0.0 0.0 0.0 -0.9968345761299133 0.07950354367494583
1654618353.0875633 2.2728500366210938 2.796100616455078 0.0 0.0 0.0 -0.9964430928230286 0.0842687264084816
1654618353.18782 2.172832489013672 2.791767120361328 0.0 0.0 0.0 -0.9962636232376099 0.0863642692565918
1654618353.2880082 2.079143524169922 2.7813186645507812 0.0 0.0 0.0 -0.9961757063865662 0.08737288415431976
1654618353.3881261 1.9839363098144531 2.7593612670898438 0.0 0.0 0.0 -0.9961293339729309 0.08789954334497452
1654618353.4881587 1.9032173156738281 2.74169921875 0.0 0.0 0.0 -0.9961151480674744 0.08806008845567703
1654618353.588119 1.8101005554199219 2.7348403930664062 0.0 0.0 0.0 -0.9959663152694702 0.08972775191068649
1654618353.6880336 1.722869873046875 2.7233352661132812 0.0 0.0 0.0 -0.9957876801490784 0.0916890949010849
1654618353.7878492 1.6345443725585938 2.7175674438476562 0.0 0.0 0.0 -0.9953852891921997 0.09595872461795807
1654618353.8876138 1.5521926879882812 2.697772979736328 0.0 0.0 0.0 -0.9947574138641357 0.10226266086101532
1654618353.987436 1.4670600891113281 2.686542510986328 0.0 0.0 0.0 -0.9938957691192627 0.11032294481992722
1654618354.0872753 1.3865242004394531 2.674968719482422 0.0 0.0 0.0 -0.9927844405174255 0.11991265416145325
1654618354.1871643 1.3124771118164062 2.6660079956054688 0.0 0.0 0.0 -0.9916567802429199 0.12890616059303284
1654618354.2871537 1.2315864562988281 2.658966064453125 0.0 0.0 0.0 -0.9902435541152954 0.13934722542762756
1654618354.387294 1.153228759765625 2.645549774169922 0.0 0.0 0.0 -0.9893985390663147 0.14522579312324524
1654618354.4874678 1.0644607543945312 2.6228408813476562 0.0 0.0 0.0 -0.9889056086540222 0.14854536950588226
1654618354.587682 0.990692138671875 2.605632781982422 0.0 0.0 0.0 -0.9885215163230896 0.15108026564121246
1654618354.6878014 0.9202690124511719 2.584796905517578 0.0 0.0 0.0 -0.9878460764884949 0.15543536841869354
1654618354.7878914 0.8499946594238281 2.565319061279297 0.0 0.0 0.0 -0.9876567721366882 0.15663382411003113
1654618354.887926 0.7969131469726562 2.5545730590820312 0.0 0.0 0.0 -0.9864052534103394 0.16433103382587433
1654618354.9879587 0.7456283569335938 2.5442276000976562 0.0 0.0 0.0 -0.9859673976898193 0.16693787276744843
1654618355.0879526 0.7045211791992188 2.5130538940429688 0.0 0.0 0.0 -0.9859467148780823 0.167059987783432
1654618355.1878886 0.6643562316894531 2.5158004760742188 0.0 0.0 0.0 -0.9846786856651306 0.17437873780727386
1654618355.2877312 0.6316146850585938 2.514667510986328 0.0 0.0 0.0 -0.9837085604667664 0.17977066338062286
1654618355.3875005 0.5896072387695312 2.5062637329101562 0.0 0.0 0.0 -0.9821832776069641 0.18792559206485748
1654618355.4872205 0.5479736328125 2.5018386840820312 0.0 0.0 0.0 -0.9792575836181641 0.20261935889720917
1654618355.5868638 0.509185791015625 2.503429412841797 0.0 0.0 0.0 -0.9745244383811951 0.22428135573863983
1654618355.6864913 0.479888916015625 2.49945068359375 0.0 0.0 0.0 -0.9677025079727173 0.2520948350429535
1654618355.786153 0.4518241882324219 2.490283966064453 0.0 0.0 0.0 -0.9596943259239197 0.2810458242893219
1654618355.8859715 0.4259529113769531 2.483539581298828 0.0 0.0 0.0 -0.9501491189002991 0.31179580092430115
1654618355.9858015 0.39897918701171875 2.492645263671875 0.0 0.0 0.0 -0.9364771246910095 0.3507286310195923
1654618356.0858035 0.3912544250488281 2.485004425048828 0.0 0.0 0.0 -0.9220564365386963 0.3870554566383362
1654618356.1858735 0.376495361328125 2.4827499389648438 0.0 0.0 0.0 -0.9042611718177795 0.42697978019714355
1654618356.2861779 0.36986541748046875 2.479503631591797 0.0 0.0 0.0 -0.8861297965049744 0.46343716979026794
1654618356.3866649 0.335113525390625 2.5192642211914062 0.0 0.0 0.0 -0.861488401889801 0.5077772736549377
1654618356.4873934 0.32254791259765625 2.509296417236328 0.0 0.0 0.0 -0.8467677235603333 0.5319628119468689
1654618356.5880404 0.31165313720703125 2.502307891845703 0.0 0.0 0.0 -0.8313090801239014 0.5558103919029236
1654618356.6885052 0.29634857177734375 2.4927597045898438 0.0 0.0 0.0 -0.8143880367279053 0.5803206562995911
1654618356.7887695 0.27973175048828125 2.476531982421875 0.0 0.0 0.0 -0.7993341088294983 0.6008868217468262
1654618356.8888052 0.25872039794921875 2.4644546508789062 0.0 0.0 0.0 -0.7831336259841919 0.6218534708023071
1654618356.9886944 0.24793624877929688 2.4368057250976562 0.0 0.0 0.0 -0.7680980563163757 0.6403322219848633
1654618357.0884848 0.23917388916015625 2.40093994140625 0.0 0.0 0.0 -0.754884660243988 0.6558575630187988
1654618357.1882327 0.23668670654296875 2.351848602294922 0.0 0.0 0.0 -0.7445411682128906 0.6675765514373779
1654618357.287985 0.21718597412109375 2.29486083984375 0.0 0.0 0.0 -0.7349057197570801 0.678169310092926
1654618357.3877487 0.20104217529296875 2.244720458984375 0.0 0.0 0.0 -0.7244956493377686 0.6892793774604797
1654618357.487499 0.19574737548828125 2.177520751953125 0.0 0.0 0.0 -0.7181078791618347 0.6959317922592163
1654618357.5872643 0.190521240234375 2.1078262329101562 0.0 0.0 0.0 -0.7109662890434265 0.7032260894775391
1654618357.6870959 0.18265914916992188 2.042491912841797 0.0 0.0 0.0 -0.7055265307426453 0.7086834907531738
1654618357.787019 0.173004150390625 1.9671554565429688 0.0 0.0 0.0 -0.7034136056900024 0.7107807993888855
1654618357.8870134 0.17188262939453125 1.8936538696289062 0.0 0.0 0.0 -0.7017833590507507 0.7123904228210449
1654618357.9870825 0.16585540771484375 1.8166084289550781 0.0 0.0 0.0 -0.7019012570381165 0.7122743129730225
1654618358.087215 0.17378616333007812 1.7371711730957031 0.0 0.0 0.0 -0.7042189240455627 0.7099828720092773
1654618358.1873446 0.165374755859375 1.6495590209960938 0.0 0.0 0.0 -0.7056742310523987 0.7085364460945129
1654618358.2873936 0.15904617309570312 1.5652847290039062 0.0 0.0 0.0 -0.7082650661468506 0.7059466242790222
1654618358.3873293 0.15695953369140625 1.4920654296875 0.0 0.0 0.0 -0.7092185616493225 0.7049886584281921
1654618358.487132 0.14823150634765625 1.4112167358398438 0.0 0.0 0.0 -0.7081064581871033 0.706105649471283
1654618358.5868077 0.14458465576171875 1.34765625 0.0 0.0 0.0 -0.7016286253929138 0.7125428318977356
1654618358.6863945 0.13532257080078125 1.2898483276367188 0.0 0.0 0.0 -0.6909975409507751 0.7228571176528931
1654618358.7858744 0.13024139404296875 1.2381706237792969 0.0 0.0 0.0 -0.6750437021255493 0.7377777099609375
1654618358.8853376 0.11728668212890625 1.1966552734375 0.0 0.0 0.0 -0.6518270969390869 0.758367657661438
1654618358.9848835 0.09422683715820312 1.1549453735351562 0.0 0.0 0.0 -0.6203960180282593 0.7842887043952942
1654618359.0845594 0.08068084716796875 1.1189346313476562 0.0 0.0 0.0 -0.5842455625534058 0.8115769028663635
1654618359.184444 0.079345703125 1.0936813354492188 0.0 0.0 0.0 -0.5474948287010193 0.8368090391159058
1654618359.284569 0.069854736328125 1.0634651184082031 0.0 0.0 0.0 -0.5058166980743408 0.8626409769058228
1654618359.3848712 0.069091796875 1.0351676940917969 0.0 0.0 0.0 -0.46644291281700134 0.8845512866973877
1654618359.4854584 0.08012008666992188 1.0210952758789062 0.0 0.0 0.0 -0.42504727840423584 0.9051711559295654
1654618359.586213 0.07108688354492188 1.0141220092773438 0.0 0.0 0.0 -0.38391733169555664 0.923367440700531
1654618359.6870296 0.076019287109375 1.0056381225585938 0.0 0.0 0.0 -0.34681737422943115 0.9379326701164246
1654618359.787805 0.05861663818359375 0.9899787902832031 0.0 0.0 0.0 -0.30385759472846985 0.9527174830436707
1654618359.8883784 0.05736541748046875 0.9793510437011719 0.0 0.0 0.0 -0.26175904273986816 0.9651332497596741
1654618359.9887521 0.056842803955078125 0.9683837890625 0.0 0.0 0.0 -0.22106653451919556 0.9752587080001831
1654618360.0889552 0.047801971435546875 0.9574394226074219 0.0 0.0 0.0 -0.1857088804244995 0.9826048016548157
1654618360.1890488 0.00795745849609375 0.9365768432617188 0.0 0.0 0.0 -0.1511380821466446 0.9885126352310181
1654618360.2890604 0.01012420654296875 0.9305305480957031 0.0 0.0 0.0 -0.12433848530054092 0.9922398328781128
1654618360.388985 0.00699615478515625 0.9224052429199219 0.0 0.0 0.0 -0.09687101095914841 0.9952969551086426
1654618360.4888468 0.02001953125 0.921722412109375 0.0 0.0 0.0 -0.07626550644636154 0.9970875382423401
1654618360.5887096 0.01688385009765625 0.9196853637695312 0.0 0.0 0.0 -0.057830628007650375 0.9983264207839966
1654618360.688538 0.018299102783203125 0.919586181640625 0.0 0.0 0.0 -0.04257527366280556 0.999093234539032
1654618360.7883344 0.0101318359375 0.9172592163085938 0.0 0.0 0.0 -0.02969534881412983 0.9995589852333069
1654618360.888137 0.00972747802734375 0.91314697265625 0.0 0.0 0.0 -0.020921999588608742 0.9997811317443848
1654618360.9880068 0.00499725341796875 0.9146919250488281 0.0 0.0 0.0 -0.013570996932685375 0.999907910823822
1654618361.0879252 0.007465362548828125 0.9151229858398438 0.0 0.0 0.0 -0.008336836472153664 0.999965250492096
1654618361.1878865 0.001239776611328125 0.910125732421875 0.0 0.0 0.0 -0.006717544049024582 0.9999774098396301
1654618361.2878892 0.01287078857421875 0.9147567749023438 0.0 0.0 0.0 -0.007441126275807619 0.9999723434448242
1654618361.387944 0.014507293701171875 0.9152641296386719 0.0 0.0 0.0 -0.008945019915699959 0.9999600052833557
1654618361.487986 0.011341094970703125 0.9197463989257812 0.0 0.0 0.0 -0.012161821126937866 0.9999260306358337
1654618361.5879612 0.01378631591796875 0.9214591979980469 0.0 0.0 0.0 -0.013267040252685547 0.9999119639396667
1654618361.6878507 0.015716552734375 0.920318603515625 0.0 0.0 0.0 -0.016700834035873413 0.9998605251312256
1654618361.7876878 0.01644134521484375 0.9159317016601562 0.0 0.0 0.0 -0.01780860126018524 0.9998413920402527
1654618361.887518 0.0147705078125 0.9219551086425781 0.0 0.0 0.0 -0.016892973333597183 0.9998573064804077
1654618361.9873552 0.01976776123046875 0.9209213256835938 0.0 0.0 0.0 -0.016523951664566994 0.9998634457588196
1654618362.0872462 0.018749237060546875 0.9177627563476562 0.0 0.0 0.0 -0.017010020092129707 0.9998553395271301
1654618362.187212 0.02010345458984375 0.9203414916992188 0.0 0.0 0.0 -0.017062701284885406 0.9998544454574585
1654618362.2872186 0.020252227783203125 0.9164199829101562 0.0 0.0 0.0 -0.017440062016248703 0.9998478889465332
1654618362.3872585 0.015369415283203125 0.9199714660644531 0.0 0.0 0.0 -0.017762592062354088 0.9998422265052795
1654618362.487332 0.015941619873046875 0.9191513061523438 0.0 0.0 0.0 -0.016082221642136574 0.9998706579208374
1654618362.5874226 0.01937103271484375 0.9202041625976562 0.0 0.0 0.0 -0.016821695491671562 0.9998584985733032
1654618362.687502 0.02410125732421875 0.91741943359375 0.0 0.0 0.0 -0.01706031896173954 0.9998544454574585
1654618362.7875676 0.018199920654296875 0.9200019836425781 0.0 0.0 0.0 -0.016702502965927124 0.9998605251312256
