1654618298.5277834 -0.14209747314453125 0.7486038208007812 0.0 0.0 0.0 0.007062883581966162 0.9999750852584839
1654618298.627821 -0.16266632080078125 0.7198905944824219 0.0 0.0 0.0 0.006787051446735859 0.9999769926071167
1654618298.7277474 -0.11381149291992188 0.7570304870605469 0.0 0.0 0.0 0.006472752895206213 0.9999790787696838
1654618298.8276293 -0.14082717895507812 0.731109619140625 0.0 0.0 0.0 0.009620307013392448 0.9999537467956543
1654618298.9274776 -0.13599395751953125 0.7367439270019531 0.0 0.0 0.0 0.004020125139504671 0.9999918937683105
1654618299.0273402 -0.13432693481445312 0.7128105163574219 0.0 0.0 0.0 0.010776523500680923 0.9999419450759888
1654618299.1272218 -0.13563919067382812 0.7215461730957031 0.0 0.0 0.0 0.010224265977740288 0.999947726726532
1654618299.227134 -0.12082290649414062 0.7572708129882812 0.0 0.0 0.0 0.010048254393041134 0.9999495148658752
1654618299.3271074 -0.08170318603515625 0.7145919799804688 0.0 0.0 0.0 0.01270727813243866 0.9999192357063293
1654618299.4272091 -0.0673065185546875 0.7258071899414062 0.0 0.0 0.0 0.016178008168935776 0.9998691082000732
1654618299.5274286 -0.02889251708984375 0.7532119750976562 0.0 0.0 0.0 0.015654483810067177 0.9998774528503418
1654618299.6275985 0.027740478515625 0.7198600769042969 0.0 0.0 0.0 0.022551722824573517 0.9997456669807434
1654618299.7277894 0.07794952392578125 0.71917724609375 0.0 0.0 0.0 0.023962318897247314 0.9997128844261169
1654618299.8281062 0.11797332763671875 0.7260856628417969 0.0 0.0 0.0 0.028796931728720665 0.9995852708816528
1654618299.9282365 0.15158843994140625 0.7299690246582031 0.0 0.0 0.0 0.038880325853824615 0.9992438554763794
1654618300.0281482 0.19591140747070312 0.7313041687011719 0.0 0.0 0.0 0.04541001096367836 0.9989684224128723
1654618300.1279697 0.23236083984375 0.7282218933105469 0.0 0.0 0.0 0.056921593844890594 0.9983786344528198
1654618300.2278748 0.27071380615234375 0.7314033508300781 0.0 0.0 0.0 0.061262357980012894 0.9981216788291931
1654618300.3279474 0.30072021484375 0.7284317016601562 0.0 0.0 0.0 0.059693239629268646 0.9982167482376099
1654618300.4280903 0.3347282409667969 0.7357559204101562 0.0 0.0 0.0 0.05258544906973839 0.9986164569854736
1654618300.5282962 0.38803863525390625 0.7338981628417969 0.0 0.0 0.0 0.03616422787308693 0.9993458390235901
1654618300.6283882 0.4233283996582031 0.7436447143554688 0.0 0.0 0.0 0.029393523931503296 0.9995679259300232
1654618300.7282274 0.4733772277832031 0.751373291015625 0.0 0.0 0.0 0.022450871765613556 0.9997479319572449
1654618300.828161 0.5240859985351562 0.7412185668945312 0.0 0.0 0.0 0.01630781963467598 0.9998670220375061
1654618300.928107 0.5900459289550781 0.7561759948730469 0.0 0.0 0.0 0.002667827531695366 0.9999964237213135
1654618301.0279405 0.653289794921875 0.765960693359375 0.0 0.0 0.0 -0.0013684347504749894 0.9999990463256836
1654618301.1277342 0.7057418823242188 0.7584724426269531 0.0 0.0 0.0 -0.004757060203701258 0.9999886751174927
1654618301.2275324 0.7654800415039062 0.7573013305664062 0.0 0.0 0.0 -0.008698742836713791 0.9999621510505676
1654618301.3273208 0.8293266296386719 0.757049560546875 0.0 0.0 0.0 -0.009697197936475277 0.9999529719352722
1654618301.4270244 0.88397216796875 0.7495498657226562 0.0 0.0 0.0 -0.00707563990727067 0.9999749660491943
1654618301.5266833 0.9511489868164062 0.7474136352539062 0.0 0.0 0.0 -0.0057555437088012695 0.9999834299087524
1654618301.6263592 1.023712158203125 0.75421142578125 0.0 0.0 0.0 -0.00177398428786546 0.9999984502792358
1654618301.726207 1.0806045532226562 0.7471809387207031 0.0 0.0 0.0 0.004285034257918596 0.9999908208847046
1654618301.8262236 1.1524543762207031 0.7390213012695312 0.0 0.0 0.0 0.010419470258057117 0.9999457001686096
1654618301.9263272 1.21392822265625 0.73779296875 0.0 0.0 0.0 0.016878942027688026 0.9998575448989868
1654618302.0266721 1.2908554077148438 0.7417488098144531 0.0 0.0 0.0 0.022774429991841316 0.9997406005859375
1654618302.1271906 1.3638725280761719 0.74810791015625 0.0 0.0 0.0 0.029055772349238396 0.9995778203010559
1654618302.2276523 1.440032958984375 0.7396926879882812 0.0 0.0 0.0 0.033101536333560944 0.9994519948959351
1654618302.3278913 1.5191574096679688 0.7453727722167969 0.0 0.0 0.0 0.03772357106208801 0.9992882013320923
1654618302.4278862 1.6029243469238281 0.7668647766113281 0.0 0.0 0.0 0.03801538050174713 0.9992771744728088
1654618302.5277922 1.6738967895507812 0.7486495971679688 0.0 0.0 0.0 0.040852658450603485 0.9991651773452759
1654618302.6276004 1.7669296264648438 0.761627197265625 0.0 0.0 0.0 0.03880125284194946 0.9992469549179077
1654618302.7273614 1.849365234375 0.7726249694824219 0.0 0.0 0.0 0.03588113561272621 0.9993560910224915
1654618302.8271341 1.9194526672363281 0.7730789184570312 0.0 0.0 0.0 0.03630747273564339 0.9993406534194946
1654618302.9269233 1.9975814819335938 0.7806816101074219 0.0 0.0 0.0 0.033853013068437576 0.9994268417358398
1654618303.0268242 2.066326141357422 0.7699508666992188 0.0 0.0 0.0 0.03692776709794998 0.9993179440498352
1654618303.1268137 2.153411865234375 0.7788925170898438 0.0 0.0 0.0 0.03659801185131073 0.9993300437927246
1654618303.2268574 2.23626708984375 0.7763671875 0.0 0.0 0.0 0.040422409772872925 0.9991827011108398
1654618303.3268523 2.317310333251953 0.77618408203125 0.0 0.0 0.0 0.04048454761505127 0.9991801381111145
1654618303.4267995 2.392353057861328 0.7836799621582031 0.0 0.0 0.0 0.045731231570243835 0.9989537596702576
1654618303.5267253 2.4733200073242188 0.7859611511230469 0.0 0.0 0.0 0.04976889491081238 0.9987607598304749
1654618303.6268036 2.5398178100585938 0.7874870300292969 0.0 0.0 0.0 0.05772829055786133 0.9983323216438293
1654618303.7269955 2.6013412475585938 0.7980270385742188 0.0 0.0 0.0 0.06228838115930557 0.9980581998825073
1654618303.8272738 2.684307098388672 0.8110580444335938 0.0 0.0 0.0 0.06779386848211288 0.9976993203163147
1654618303.9274895 2.7542495727539062 0.8126945495605469 0.0 0.0 0.0 0.073008231818676 0.9973313212394714
1654618304.027605 2.829071044921875 0.8155632019042969 0.0 0.0 0.0 0.08108392357826233 0.9967072606086731
1654618304.127703 2.8927841186523438 0.8279914855957031 0.0 0.0 0.0 0.08462560921907425 0.9964128136634827
1654618304.227765 2.9650039672851562 0.8373298645019531 0.0 0.0 0.0 0.08861994743347168 0.9960654973983765
1654618304.3276772 3.032543182373047 0.8491630554199219 0.0 0.0 0.0 0.09340477734804153 0.9956282377243042
1654618304.4274476 3.080219268798828 0.8515243530273438 0.0 0.0 0.0 0.10435420274734497 0.9945402145385742
1654618304.5272343 3.147735595703125 0.8581047058105469 0.0 0.0 0.0 0.11288455873727798 0.9936081171035767
1654618304.6270554 3.19281005859375 0.8641281127929688 0.0 0.0 0.0 0.12614862620830536 0.9920113682746887
1654618304.7269802 3.254352569580078 0.8779678344726562 0.0 0.0 0.0 0.14154836535453796 0.9899313449859619
1654618304.8270621 3.302936553955078 0.885406494140625 0.0 0.0 0.0 0.15907201170921326 0.9872669577598572
1654618304.927249 3.3458251953125 0.8969917297363281 0.0 0.0 0.0 0.18174651265144348 0.9833453893661499
1654618305.0274684 3.391246795654297 0.9053840637207031 0.0 0.0 0.0 0.20352308452129364 0.9790701270103455
1654618305.127676 3.424541473388672 0.9012374877929688 0.0 0.0 0.0 0.23202835023403168 0.9727090001106262
1654618305.2277193 3.460723876953125 0.906463623046875 0.0 0.0 0.0 0.259669691324234 0.9656974673271179
1654618305.3277385 3.4791641235351562 0.9072265625 0.0 0.0 0.0 0.287765771150589 0.9577008485794067
1654618305.427717 3.510120391845703 0.9106674194335938 0.0 0.0 0.0 0.31523698568344116 0.9490129947662354
1654618305.5278106 3.53131103515625 0.9226913452148438 0.0 0.0 0.0 0.3438990116119385 0.9390066266059875
1654618305.627774 3.5501708984375 0.9220466613769531 0.0 0.0 0.0 0.3781137764453888 0.9257591366767883
1654618305.727792 3.584117889404297 0.926727294921875 0.0 0.0 0.0 0.4069302976131439 0.9134591817855835
1654618305.8278158 3.603435516357422 0.9247817993164062 0.0 0.0 0.0 0.4394388496875763 0.8982725143432617
1654618305.9277182 3.623912811279297 0.9290046691894531 0.0 0.0 0.0 0.469407856464386 0.8829814791679382
1654618306.0276673 3.6392822265625 0.9336776733398438 0.0 0.0 0.0 0.49885299801826477 0.8666865825653076
1654618306.1276155 3.6498947143554688 0.9480361938476562 0.0 0.0 0.0 0.5261568427085876 0.8503875732421875
1654618306.2275937 3.6783676147460938 0.95794677734375 0.0 0.0 0.0 0.5505220890045166 0.834820568561554
1654618306.3277485 3.699047088623047 0.9667854309082031 0.0 0.0 0.0 0.5729750990867615 0.8195728063583374
1654618306.4280643 3.728057861328125 0.9784469604492188 0.0 0.0 0.0 0.5941886901855469 0.8043256998062134
1654618306.528265 3.738941192626953 1.0006904602050781 0.0 0.0 0.0 0.6153250932693481 0.7882734537124634
1654618306.6284373 3.739776611328125 1.0214729309082031 0.0 0.0 0.0 0.6328575611114502 0.7742682695388794
1654618306.7285678 3.7465744018554688 1.04449462890625 0.0 0.0 0.0 0.6468835473060608 0.7625887989997864
1654618306.8285177 3.75311279296875 1.0786209106445312 0.0 0.0 0.0 0.6573246121406555 0.7536075711250305
1654618306.92829 3.772167205810547 1.11151123046875 0.0 0.0 0.0 0.6670506000518799 0.7450124025344849
1654618307.0279906 3.78521728515625 1.1626091003417969 0.0 0.0 0.0 0.6753625869750977 0.7374858260154724
1654618307.1278143 3.792266845703125 1.2173538208007812 0.0 0.0 0.0 0.6804540157318115 0.7327907681465149
1654618307.2277224 3.797557830810547 1.2722587585449219 0.0 0.0 0.0 0.6858325600624084 0.7277593612670898
1654618307.3277643 3.8003463745117188 1.3336067199707031 0.0 0.0 0.0 0.689327597618103 0.7244498133659363
1654618307.4278147 3.8137283325195312 1.4005126953125 0.0 0.0 0.0 0.6908420920372009 0.7230056524276733
1654618307.5277162 3.8139266967773438 1.4610214233398438 0.0 0.0 0.0 0.6899915337562561 0.7238174676895142
1654618307.6275454 3.828907012939453 1.5333747863769531 0.0 0.0 0.0 0.6884205341339111 0.7253117561340332
1654618307.7273855 3.833019256591797 1.608551025390625 0.0 0.0 0.0 0.6878381371498108 0.7258641123771667
1654618307.8273027 3.828540802001953 1.6788749694824219 0.0 0.0 0.0 0.6887645125389099 0.7249851226806641
1654618307.9272525 3.8352737426757812 1.7452278137207031 0.0 0.0 0.0 0.6880015134811401 0.7257092595100403
1654618308.0272276 3.8448257446289062 1.8061408996582031 0.0 0.0 0.0 0.6901509761810303 0.7236654162406921
1654618308.1272295 3.8484115600585938 1.875335693359375 0.0 0.0 0.0 0.6908536553382874 0.7229946255683899
1654618308.2272902 3.8483047485351562 1.9317436218261719 0.0 0.0 0.0 0.6947290897369385 0.7192715406417847
1654618308.3273401 3.854839324951172 1.9853591918945312 0.0 0.0 0.0 0.6992425322532654 0.7148845195770264
1654618308.4272566 3.8680038452148438 2.041839599609375 0.0 0.0 0.0 0.7077335715293884 0.7064794301986694
1654618308.5271428 3.8773422241210938 2.095916748046875 0.0 0.0 0.0 0.716688871383667 0.6973930597305298
1654618308.6269014 3.87786865234375 2.156780242919922 0.0 0.0 0.0 0.7269985675811768 0.6866389513015747
1654618308.7267365 3.86865234375 2.2050399780273438 0.0 0.0 0.0 0.7395074367523193 0.6731483936309814
1654618308.826632 3.863811492919922 2.259185791015625 0.0 0.0 0.0 0.7519937753677368 0.6591702103614807
1654618308.9267197 3.8666763305664062 2.302570343017578 0.0 0.0 0.0 0.765765905380249 0.6431194543838501
1654618309.0269213 3.8610916137695312 2.346282958984375 0.0 0.0 0.0 0.7808431386947632 0.6247271299362183
1654618309.1270378 3.8626480102539062 2.394092559814453 0.0 0.0 0.0 0.7954634428024292 0.6060015559196472
1654618309.2271445 3.859710693359375 2.437610626220703 0.0 0.0 0.0 0.8100987076759338 0.5862934589385986
1654618309.3272076 3.862438201904297 2.475902557373047 0.0 0.0 0.0 0.8266347050666809 0.5627389550209045
1654618309.4273295 3.8548202514648438 2.521099090576172 0.0 0.0 0.0 0.8391912579536438 0.5438364148139954
1654618309.5274284 3.857208251953125 2.5353775024414062 0.0 0.0 0.0 0.8575763702392578 0.5143566727638245
1654618309.627412 3.852985382080078 2.5593490600585938 0.0 0.0 0.0 0.8737010955810547 0.48646315932273865
1654618309.7273805 3.8492660522460938 2.588714599609375 0.0 0.0 0.0 0.8853774666786194 0.4648727774620056
1654618309.827413 3.85662841796875 2.6137008666992188 0.0 0.0 0.0 0.9006522297859192 0.43454062938690186
1654618309.9273422 3.8589859008789062 2.645751953125 0.0 0.0 0.0 0.9136547446250916 0.40649113059043884
1654618310.0271974 3.853656768798828 2.671802520751953 0.0 0.0 0.0 0.9261409044265747 0.37717774510383606
1654618310.1270797 3.845996856689453 2.6903076171875 0.0 0.0 0.0 0.9374448657035828 0.3481338620185852
1654618310.2270067 3.834636688232422 2.7141342163085938 0.0 0.0 0.0 0.9473260641098022 0.3202707767486572
1654618310.3270113 3.825653076171875 2.7324600219726562 0.0 0.0 0.0 0.956397533416748 0.2920680642127991
1654618310.4272077 3.8146591186523438 2.753978729248047 0.0 0.0 0.0 0.9653748273849487 0.2608667314052582
1654618310.5275028 3.785327911376953 2.7884445190429688 0.0 0.0 0.0 0.970643162727356 0.24052414298057556
1654618310.6277988 3.7603836059570312 2.828521728515625 0.0 0.0 0.0 0.9753710627555847 0.22057035565376282
1654618310.7280538 3.7370834350585938 2.842212677001953 0.0 0.0 0.0 0.9797487854957581 0.20023055374622345
1654618310.8282752 3.7117691040039062 2.8661880493164062 0.0 0.0 0.0 0.982900857925415 0.18413543701171875
1654618310.9283273 3.6704940795898438 2.8828964233398438 0.0 0.0 0.0 0.9860342144966125 0.16654281318187714
1654618311.0283098 3.634368896484375 2.8922195434570312 0.0 0.0 0.0 0.9884275794029236 0.15169347822666168
1654618311.1282094 3.5900497436523438 2.9137802124023438 0.0 0.0 0.0 0.9901219606399536 0.1402086764574051
1654618311.2281473 3.536907196044922 2.9299392700195312 0.0 0.0 0.0 0.992551863193512 0.12182293832302094
1654618311.328069 3.500415802001953 2.939685821533203 0.0 0.0 0.0 0.9943215250968933 0.10641766339540482
1654618311.4279773 3.445171356201172 2.958171844482422 0.0 0.0 0.0 0.9955344796180725 0.09439847618341446
1654618311.5278728 3.3936538696289062 2.970653533935547 0.0 0.0 0.0 0.9963597059249878 0.0852484256029129
1654618311.6275852 3.3387222290039062 2.984973907470703 0.0 0.0 0.0 0.9976720809936523 0.0681937113404274
1654618311.7273288 3.270587921142578 3.0099105834960938 0.0 0.0 0.0 0.9982820153236389 0.05859195813536644
1654618311.8272045 3.20172119140625 3.0198745727539062 0.0 0.0 0.0 0.9988383054733276 0.0481879748404026
1654618311.9272075 3.128154754638672 3.020191192626953 0.0 0.0 0.0 0.9991763830184937 0.04057754948735237
1654618312.0271769 3.060272216796875 3.013164520263672 0.0 0.0 0.0 0.9995359778404236 0.030460847541689873
1654618312.1271884 2.9864883422851562 3.0219802856445312 0.0 0.0 0.0 0.999719500541687 0.023684149608016014
1654618312.2272563 2.919158935546875 3.0359115600585938 0.0 0.0 0.0 0.9998518824577332 0.017209947109222412
1654618312.3274431 2.8517532348632812 3.045886993408203 0.0 0.0 0.0 0.9999250173568726 0.012247689068317413
1654618312.427598 2.7758102416992188 3.065155029296875 0.0 0.0 0.0 0.9999983310699463 0.001811102032661438
1654618312.5276704 2.6976852416992188 3.0621566772460938 0.0 0.0 0.0 -0.9999988675117493 0.001512125600129366
1654618312.627692 2.631847381591797 3.0643310546875 0.0 0.0 0.0 -0.9999600648880005 0.00893969926983118
1654618312.7276003 2.545806884765625 3.051227569580078 0.0 0.0 0.0 -0.9998183250427246 0.019061798229813576
1654618312.8274171 2.478626251220703 3.0567550659179688 0.0 0.0 0.0 -0.9996357560157776 0.02698780782520771
1654618312.9272363 2.393535614013672 3.0439529418945312 0.0 0.0 0.0 -0.9994193315505981 0.03407362475991249
1654618313.0270853 2.318328857421875 3.041259765625 0.0 0.0 0.0 -0.9992671012878418 0.03827835991978645
1654618313.1270895 2.246196746826172 3.0487289428710938 0.0 0.0 0.0 -0.9991095066070557 0.04219288006424904
1654618313.2272804 2.1636734008789062 3.052387237548828 0.0 0.0 0.0 -0.9989601969718933 0.045591000467538834
1654618313.327519 2.1124267578125 3.076915740966797 0.0 0.0 0.0 -0.9983273148536682 0.05781543627381325
1654618313.4276392 1.9866828918457031 3.0321426391601562 0.0 0.0 0.0 -0.999314546585083 0.03701945021748543
1654618313.527725 1.8790969848632812 3.024188995361328 0.0 0.0 0.0 -0.9994800686836243 0.032242268323898315
1654618313.62779 1.8024520874023438 3.0161514282226562 0.0 0.0 0.0 -0.9995705485343933 0.02930455654859543
1654618313.7277822 1.7065048217773438 3.001941680908203 0.0 0.0 0.0 -0.9997525811195374 0.02224460057914257
1654618313.8277497 1.630889892578125 3.010223388671875 0.0 0.0 0.0 -0.9998356103897095 0.018131768330931664
1654618313.927664 1.5442123413085938 3.001415252685547 0.0 0.0 0.0 -0.9999077320098877 0.01358439028263092
1654618314.0275204 1.4494552612304688 3.0003738403320312 0.0 0.0 0.0 -0.999954879283905 0.009497575461864471
1654618314.1274219 1.3751602172851562 3.000720977783203 0.0 0.0 0.0 -0.9999773502349854 0.006726408842951059
1654618314.2272346 1.2970199584960938 2.995433807373047 0.0 0.0 0.0 -0.9999844431877136 0.0055734384804964066
1654618314.3269906 1.195159912109375 2.993854522705078 0.0 0.0 0.0 -0.9999765157699585 0.006853840779513121
1654618314.4267442 1.1073493957519531 3.0039443969726562 0.0 0.0 0.0 -0.999974250793457 0.007178082130849361
1654618314.5265784 1.0240707397460938 2.99835205078125 0.0 0.0 0.0 -0.9999284148216248 0.011963753961026669
1654618314.626565 0.9539718627929688 2.9977188110351562 0.0 0.0 0.0 -0.9998964071273804 0.014392430894076824
1654618314.726723 0.8668708801269531 3.003631591796875 0.0 0.0 0.0 -0.9998507499694824 0.01727776788175106
1654618314.8271456 0.791748046875 3.003070831298828 0.0 0.0 0.0 -0.9998378157615662 0.01801067218184471
1654618314.9274418 0.7205886840820312 3.003887176513672 0.0 0.0 0.0 -0.9996423125267029 0.02674470841884613
1654618315.0276127 0.6581611633300781 2.998443603515625 0.0 0.0 0.0 -0.9994865655899048 0.032041266560554504
1654618315.1276336 0.5911483764648438 3.0002517700195312 0.0 0.0 0.0 -0.9991728663444519 0.04066450148820877
1654618315.2274344 0.5116462707519531 2.987873077392578 0.0 0.0 0.0 -0.9989951848983765 0.04481704905629158
1654618315.3271887 0.45285797119140625 2.9945755004882812 0.0 0.0 0.0 -0.9980316162109375 0.06271233409643173
1654618315.4269903 0.3931770324707031 2.98724365234375 0.0 0.0 0.0 -0.9972171783447266 0.07455120980739594
1654618315.5267315 0.32682037353515625 2.989879608154297 0.0 0.0 0.0 -0.9956773519515991 0.0928797796368599
1654618315.626555 0.2675971984863281 2.990467071533203 0.0 0.0 0.0 -0.9936858415603638 0.11219807714223862
1654618315.7264888 0.23271942138671875 2.989459991455078 0.0 0.0 0.0 -0.9901859760284424 0.13975588977336884
1654618315.8265293 0.18701171875 2.9897079467773438 0.0 0.0 0.0 -0.9864050149917603 0.1643325686454773
1654618315.9268131 0.14649581909179688 2.991863250732422 0.0 0.0 0.0 -0.9821833968162537 0.18792489171028137
1654618316.0271199 0.109710693359375 2.9870529174804688 0.0 0.0 0.0 -0.9756250977516174 0.21944411098957062
1654618316.1274111 0.10145950317382812 2.985645294189453 0.0 0.0 0.0 -0.9684765338897705 0.24910478293895721
1654618316.2276263 0.06390380859375 2.978923797607422 0.0 0.0 0.0 -0.959312915802002 0.2823449969291687
1654618316.3277435 0.04245758056640625 2.992755889892578 0.0 0.0 0.0 -0.9489119052886963 0.31554114818573
1654618316.4278164 0.01993560791015625 2.999095916748047 0.0 0.0 0.0 -0.9377878904342651 0.347208708524704
1654618316.5277874 -0.00852203369140625 3.0000381469726562 0.0 0.0 0.0 -0.9244225025177002 0.3813699185848236
1654618316.6277134 -0.022613525390625 3.010143280029297 0.0 0.0 0.0 -0.9094345569610596 0.41584712266921997
1654618316.7276254 -0.028629302978515625 3.007984161376953 0.0 0.0 0.0 -0.893500566482544 0.4490620791912079
1654618316.8275769 -0.04863739013671875 2.998401641845703 0.0 0.0 0.0 -0.8793380856513977 0.4761980175971985
1654618316.9276898 -0.05632781982421875 2.9977645874023438 0.0 0.0 0.0 -0.8649295568466187 0.5018932819366455
1654618317.0277815 -0.05467987060546875 2.990406036376953 0.0 0.0 0.0 -0.8525755405426025 0.5226039886474609
1654618317.1278849 -0.06715011596679688 2.993988037109375 0.0 0.0 0.0 -0.8337193727493286 0.5521883964538574
1654618317.2279499 -0.07837677001953125 2.9907455444335938 0.0 0.0 0.0 -0.8187536001205444 0.5741450190544128
1654618317.3279705 -0.09484481811523438 2.983203887939453 0.0 0.0 0.0 -0.8064032196998596 0.5913661122322083
1654618317.427889 -0.11539840698242188 2.981159210205078 0.0 0.0 0.0 -0.7896652817726135 0.6135379076004028
1654618317.5277994 -0.11653900146484375 2.9505615234375 0.0 0.0 0.0 -0.7814344763755798 0.6239873170852661
1654618317.627619 -0.130401611328125 2.944225311279297 0.0 0.0 0.0 -0.7655653357505798 0.6433581709861755
1654618317.727432 -0.1356658935546875 2.9192733764648438 0.0 0.0 0.0 -0.7550458312034607 0.655672013759613
1654618317.8272645 -0.15357589721679688 2.886199951171875 0.0 0.0 0.0 -0.7467784285545349 0.6650728583335876
1654618317.9271617 -0.16043472290039062 2.852703094482422 0.0 0.0 0.0 -0.7414417862892151 0.6710172295570374
1654618318.0269523 -0.17771148681640625 2.7903213500976562 0.0 0.0 0.0 -0.735065758228302 0.6779958605766296
1654618318.1268473 -0.18189239501953125 2.7461776733398438 0.0 0.0 0.0 -0.72743821144104 0.6861732006072998
1654618318.2268162 -0.18840789794921875 2.6882400512695312 0.0 0.0 0.0 -0.7208929657936096 0.6930464506149292
1654618318.326821 -0.1970367431640625 2.6232376098632812 0.0 0.0 0.0 -0.7143523097038269 0.6997862458229065
1654618318.4268198 -0.21541976928710938 2.5724563598632812 0.0 0.0 0.0 -0.704186737537384 0.7100147604942322
1654618318.5269306 -0.21607208251953125 2.5046463012695312 0.0 0.0 0.0 -0.6995725035667419 0.7145616412162781
1654618318.627166 -0.19948577880859375 2.457653045654297 0.0 0.0 0.0 -0.7005228400230408 0.713629961013794
1654618318.7273855 -0.219207763671875 2.3750686645507812 0.0 0.0 0.0 -0.6946201920509338 0.7193766236305237
1654618318.827648 -0.1963958740234375 2.301952362060547 0.0 0.0 0.0 -0.6995782852172852 0.7145559787750244
1654618318.9278767 -0.19701385498046875 2.22503662109375 0.0 0.0 0.0 -0.7021608352661133 0.7120183706283569
1654618319.0278494 -0.1932220458984375 2.147205352783203 0.0 0.0 0.0 -0.7020723819732666 0.7121055722236633
1654618319.1275887 -0.22057723999023438 2.053272247314453 0.0 0.0 0.0 -0.6982168555259705 0.7158863544464111
1654618319.2273085 -0.21274948120117188 2.0074386596679688 0.0 0.0 0.0 -0.7002405524253845 0.71390700340271
1654618319.3270364 -0.22362518310546875 1.9027519226074219 0.0 0.0 0.0 -0.6974771022796631 0.7166070938110352
1654618319.4267669 -0.21982192993164062 1.8492050170898438 0.0 0.0 0.0 -0.6942786574363708 0.7197062969207764
1654618319.5266678 -0.2122344970703125 1.7663154602050781 0.0 0.0 0.0 -0.6968119740486145 0.7172538042068481
1654618319.6267183 -0.20421981811523438 1.717193603515625 0.0 0.0 0.0 -0.6909844279289246 0.7228696346282959
1654618319.7268214 -0.21444320678710938 1.6339225769042969 0.0 0.0 0.0 -0.6900419592857361 0.7237693667411804
1654618319.8269737 -0.21537017822265625 1.5631027221679688 0.0 0.0 0.0 -0.6870759129524231 0.7265856266021729
1654618319.9270923 -0.20821380615234375 1.5049629211425781 0.0 0.0 0.0 -0.6839641332626343 0.7295156121253967
1654618320.0272512 -0.21566009521484375 1.4435348510742188 0.0 0.0 0.0 -0.6780009269714355 0.7350610494613647
1654618320.127246 -0.2091064453125 1.3572158813476562 0.0 0.0 0.0 -0.6771818995475769 0.7358156442642212
1654618320.227243 -0.2139434814453125 1.2988967895507812 0.0 0.0 0.0 -0.6729081273078918 0.7397260665893555
1654618320.3273072 -0.22765350341796875 1.2554817199707031 0.0 0.0 0.0 -0.6629184484481812 0.7486916184425354
1654618320.427287 -0.202423095703125 1.1989021301269531 0.0 0.0 0.0 -0.6590390205383301 0.7521087527275085
1654618320.5271695 -0.20066452026367188 1.162841796875 0.0 0.0 0.0 -0.6481210589408875 0.7615373134613037
1654618320.6270797 -0.19832229614257812 1.12054443359375 0.0 0.0 0.0 -0.6360510587692261 0.7716469764709473
1654618320.7270179 -0.20926666259765625 1.0969009399414062 0.0 0.0 0.0 -0.6222387552261353 0.7828274965286255
1654618320.8270152 -0.20287704467773438 1.0695991516113281 0.0 0.0 0.0 -0.6053963303565979 0.795924186706543
1654618320.92708 -0.18193817138671875 1.0300827026367188 0.0 0.0 0.0 -0.5908636450767517 0.806771457195282
1654618321.0271347 -0.18700027465820312 0.9972915649414062 0.0 0.0 0.0 -0.5737988948822021 0.818996250629425
1654618321.1272814 -0.18455886840820312 0.9566879272460938 0.0 0.0 0.0 -0.5573524236679077 0.8302760124206543
1654618321.2275379 -0.17898941040039062 0.9315376281738281 0.0 0.0 0.0 -0.5395482182502747 0.8419547080993652
1654618321.32774 -0.16899871826171875 0.9149589538574219 0.0 0.0 0.0 -0.5216363072395325 0.8531679511070251
1654618321.4278362 -0.16896820068359375 0.88909912109375 0.0 0.0 0.0 -0.5052450299263 0.8629759550094604
1654618321.527907 -0.17311477661132812 0.8575439453125 0.0 0.0 0.0 -0.48677805066108704 0.8735256791114807
1654618321.627953 -0.17001724243164062 0.8426628112792969 0.0 0.0 0.0 -0.46344494819641113 0.8861257433891296
1654618321.7279458 -0.16754913330078125 0.8177871704101562 0.0 0.0 0.0 -0.4443310797214508 0.8958626389503479
1654618321.8279326 -0.17188262939453125 0.7995414733886719 0.0 0.0 0.0 -0.4179036021232605 0.9084913730621338
1654618321.927847 -0.149017333984375 0.7790336608886719 0.0 0.0 0.0 -0.39746761322021484 0.9176161885261536
1654618322.0277364 -0.14806747436523438 0.7651901245117188 0.0 0.0 0.0 -0.3718092739582062 0.9283091425895691
1654618322.127595 -0.15875244140625 0.7491569519042969 0.0 0.0 0.0 -0.342465341091156 0.9395304322242737
1654618322.2273777 -0.175872802734375 0.7362251281738281 0.0 0.0 0.0 -0.3079139292240143 0.9514142274856567
1654618322.3271086 -0.16253662109375 0.719573974609375 0.0 0.0 0.0 -0.2803252041339874 0.9599050879478455
1654618322.426996 -0.16888809204101562 0.6933097839355469 0.0 0.0 0.0 -0.24795986711978912 0.9687703251838684
1654618322.5271227 -0.15041351318359375 0.6766357421875 0.0 0.0 0.0 -0.22207602858543396 0.9750293493270874
1654618322.6272871 -0.15837478637695312 0.6601142883300781 0.0 0.0 0.0 -0.19307468831539154 0.9811840653419495
1654618322.7275977 -0.1601409912109375 0.6528434753417969 0.0 0.0 0.0 -0.16731934249401093 0.985902726650238
1654618322.8278606 -0.14845657348632812 0.6347427368164062 0.0 0.0 0.0 -0.14806221425533295 0.9889780282974243
1654618322.9280486 -0.14591598510742188 0.6260986328125 0.0 0.0 0.0 -0.12424291670322418 0.9922518134117126
1654618323.02813 -0.13203048706054688 0.6261482238769531 0.0 0.0 0.0 -0.10055651515722275 0.9949313402175903
1654618323.1280918 -0.12470245361328125 0.6243362426757812 0.0 0.0 0.0 -0.0755268782377243 0.9971437454223633
1654618323.227971 -0.11615371704101562 0.6065139770507812 0.0 0.0 0.0 -0.05259580537676811 0.9986158609390259
1654618323.3279147 -0.09606170654296875 0.6039314270019531 0.0 0.0 0.0 -0.03309566527605057 0.9994521737098694
1654618323.4279277 -0.07294845581054688 0.6084709167480469 0.0 0.0 0.0 -0.014811839908361435 0.9998903274536133
1654618323.5280766 -0.035511016845703125 0.6068115234375 0.0 0.0 0.0 0.0015865854220464826 0.9999987483024597
1654618323.6282878 -0.008937835693359375 0.605255126953125 0.0 0.0 0.0 0.015369528904557228 0.9998818635940552
1654618323.7283442 0.037689208984375 0.6008377075195312 0.0 0.0 0.0 0.02591385506093502 0.9996641874313354
1654618323.8283358 0.07996749877929688 0.5924186706542969 0.0 0.0 0.0 0.032397881150245667 0.9994750618934631
1654618323.9283414 0.13156890869140625 0.5993843078613281 0.0 0.0 0.0 0.034179288893938065 0.9994156956672668
1654618324.0282028 0.20378494262695312 0.596466064453125 0.0 0.0 0.0 0.036130357533693314 0.9993470907211304
1654618324.1280177 0.2791328430175781 0.595458984375 0.0 0.0 0.0 0.03284764289855957 0.9994603991508484
1654618324.227766 0.36011505126953125 0.6067886352539062 0.0 0.0 0.0 0.031320229172706604 0.9995093941688538
1654618324.3274915 0.43567657470703125 0.610504150390625 0.0 0.0 0.0 0.028157023712992668 0.9996035099029541
1654618324.4272366 0.5175361633300781 0.61090087890625 0.0 0.0 0.0 0.028680158779025078 0.999588668346405
1654618324.527019 0.6011543273925781 0.6225357055664062 0.0 0.0 0.0 0.028046388179063797 0.9996066093444824
1654618324.6268556 0.6756362915039062 0.5982284545898438 0.0 0.0 0.0 0.033033862709999084 0.9994542598724365
1654618324.7267916 0.7497634887695312 0.6149482727050781 0.0 0.0 0.0 0.030325470492243767 0.9995400905609131
1654618324.8266997 0.8368644714355469 0.6151924133300781 0.0 0.0 0.0 0.032644905149936676 0.9994670152664185
1654618324.92667 0.9149665832519531 0.622406005859375 0.0 0.0 0.0 0.03446296975016594 0.9994059801101685
1654618325.0266986 0.9857978820800781 0.6190299987792969 0.0 0.0 0.0 0.039640821516513824 0.9992139935493469
1654618325.1267333 1.0648994445800781 0.6371841430664062 0.0 0.0 0.0 0.04566920921206474 0.9989566206932068
1654618325.226791 1.1503105163574219 0.641143798828125 0.0 0.0 0.0 0.04863465577363968 0.9988166093826294
1654618325.3267915 1.23553466796875 0.6450309753417969 0.0 0.0 0.0 0.051966339349746704 0.9986488223075867
1654618325.4267738 1.3143692016601562 0.6613693237304688 0.0 0.0 0.0 0.053907644003629684 0.9985459446907043
1654618325.5266702 1.3954582214355469 0.6511955261230469 0.0 0.0 0.0 0.05896379053592682 0.9982601404190063
1654618325.6265366 1.4915390014648438 0.6566696166992188 0.0 0.0 0.0 0.05851900950074196 0.9982863068580627
1654618325.7264326 1.585968017578125 0.669403076171875 0.0 0.0 0.0 0.058012235909700394 0.9983158707618713
1654618325.8263853 1.6662178039550781 0.6801834106445312 0.0 0.0 0.0 0.05950472503900528 0.9982280135154724
1654618325.9263086 1.75360107421875 0.6816291809082031 0.0 0.0 0.0 0.056958410888910294 0.9983765482902527
1654618326.026157 1.8288650512695312 0.672821044921875 0.0 0.0 0.0 0.058659628033638 0.998278021812439
1654618326.126033 1.9272842407226562 0.6993598937988281 0.0 0.0 0.0 0.052407268434762955 0.9986258149147034
1654618326.2260225 2.0040664672851562 0.7081680297851562 0.0 0.0 0.0 0.052594516426324844 0.9986159801483154
1654618326.3262224 2.102184295654297 0.7146072387695312 0.0 0.0 0.0 0.052503012120723724 0.9986207485198975
1654618326.4264135 2.1847305297851562 0.7168769836425781 0.0 0.0 0.0 0.05316448584198952 0.9985857605934143
1654618326.5265417 2.266357421875 0.7205123901367188 0.0 0.0 0.0 0.05227090045809746 0.9986329674720764
1654618326.6265955 2.370128631591797 0.732147216796875 0.0 0.0 0.0 0.04971111938357353 0.9987636208534241
1654618326.7267816 2.447185516357422 0.7345962524414062 0.0 0.0 0.0 0.0551869198679924 0.9984760284423828
1654618326.8270078 2.532634735107422 0.7462158203125 0.0 0.0 0.0 0.05614691972732544 0.9984225034713745
1654618326.9272902 2.6177902221679688 0.756011962890625 0.0 0.0 0.0 0.060151949524879456 0.9981892108917236
1654618327.0275276 2.7020645141601562 0.7666816711425781 0.0 0.0 0.0 0.06320473551750183 0.9980005621910095
1654618327.127731 2.7838516235351562 0.773590087890625 0.0 0.0 0.0 0.06764733046293259 0.9977092742919922
1654618327.2278357 2.8686904907226562 0.7862358093261719 0.0 0.0 0.0 0.06943013519048691 0.9975868463516235
1654618327.3279274 2.9330520629882812 0.7979354858398438 0.0 0.0 0.0 0.07405345886945724 0.9972542524337769
1654618327.4279325 3.021026611328125 0.8031806945800781 0.0 0.0 0.0 0.08347686380147934 0.9965097308158875
1654618327.527789 3.095386505126953 0.8160324096679688 0.0 0.0 0.0 0.09082569926977158 0.9958667755126953
1654618327.6276402 3.1608963012695312 0.8150444030761719 0.0 0.0 0.0 0.10695052891969681 0.9942643642425537
1654618327.7274177 3.2425460815429688 0.8201179504394531 0.0 0.0 0.0 0.12401050329208374 0.992280900478363
1654618327.8272169 3.3088302612304688 0.8313407897949219 0.0 0.0 0.0 0.1422804743051529 0.9898263812065125
1654618327.9271076 3.3642349243164062 0.845001220703125 0.0 0.0 0.0 0.16231593489646912 0.9867388606071472
1654618328.0269876 3.4049453735351562 0.8512992858886719 0.0 0.0 0.0 0.18885749578475952 0.9820045232772827
1654618328.1269352 3.444732666015625 0.8568000793457031 0.0 0.0 0.0 0.21487149596214294 0.9766423106193542
1654618328.227004 3.4873886108398438 0.8551101684570312 0.0 0.0 0.0 0.24527855217456818 0.9694526195526123
1654618328.327145 3.511760711669922 0.8563652038574219 0.0 0.0 0.0 0.27563783526420593 0.9612615704536438
1654618328.4272213 3.543567657470703 0.8651123046875 0.0 0.0 0.0 0.3051804304122925 0.9522945284843445
1654618328.5273101 3.561786651611328 0.8706550598144531 0.0 0.0 0.0 0.3374437987804413 0.9413456916809082
1654618328.6273391 3.594036102294922 0.8782958984375 0.0 0.0 0.0 0.3672756850719452 0.9301121234893799
1654618328.7273874 3.618633270263672 0.8866157531738281 0.0 0.0 0.0 0.3940812051296234 0.919075608253479
1654618328.8274424 3.6428756713867188 0.9013671875 0.0 0.0 0.0 0.4207160174846649 0.9071924090385437
1654618328.9275043 3.67010498046875 0.912994384765625 0.0 0.0 0.0 0.44102710485458374 0.8974937796592712
1654618329.0275497 3.68804931640625 0.9325065612792969 0.0 0.0 0.0 0.46208006143569946 0.8868381977081299
1654618329.1275384 3.7259750366210938 0.9586906433105469 0.0 0.0 0.0 0.4803861081600189 0.8770571351051331
1654618329.2273383 3.759227752685547 0.9869804382324219 0.0 0.0 0.0 0.49585357308387756 0.8684061169624329
1654618329.3270433 3.79718017578125 1.0225715637207031 0.0 0.0 0.0 0.5119248628616333 0.8590302467346191
1654618329.4266849 3.8206253051757812 1.0593986511230469 0.0 0.0 0.0 0.5289981365203857 0.8486229777336121
1654618329.5265636 3.8555374145507812 1.1070747375488281 0.0 0.0 0.0 0.5412296652793884 0.8408748507499695
1654618329.626558 3.8831253051757812 1.1533737182617188 0.0 0.0 0.0 0.5571826100349426 0.8303899765014648
1654618329.7265856 3.920604705810547 1.2041244506835938 0.0 0.0 0.0 0.5708456635475159 0.8210573792457581
1654618329.826651 3.93328857421875 1.2537460327148438 0.0 0.0 0.0 0.5863944888114929 0.8100256323814392
1654618329.926715 3.974517822265625 1.3112258911132812 0.0 0.0 0.0 0.6022053956985474 0.7983412146568298
1654618330.0267153 3.9938888549804688 1.3631515502929688 0.0 0.0 0.0 0.6186921000480652 0.7856335639953613
1654618330.1266491 4.019386291503906 1.42938232421875 0.0 0.0 0.0 0.6352058053016663 0.7723429203033447
1654618330.2266784 4.044151306152344 1.4921760559082031 0.0 0.0 0.0 0.6538032293319702 0.7566646337509155
1654618330.326732 4.055503845214844 1.5645523071289062 0.0 0.0 0.0 0.6705358624458313 0.7418770790100098
1654618330.4270287 4.071815490722656 1.6278762817382812 0.0 0.0 0.0 0.686199426651001 0.7274134755134583
1654618330.5273035 4.082366943359375 1.7024154663085938 0.0 0.0 0.0 0.7001967430114746 0.7139499187469482
1654618330.6275733 4.089893341064453 1.7801589965820312 0.0 0.0 0.0 0.7122594714164734 0.7019162774085999
1654618330.7277174 4.094429016113281 1.8559799194335938 0.0 0.0 0.0 0.7237398028373718 0.6900730133056641
1654618330.827829 4.108268737792969 1.9415397644042969 0.0 0.0 0.0 0.7319334149360657 0.6813761591911316
1654618330.9277709 4.116188049316406 2.029815673828125 0.0 0.0 0.0 0.739906907081604 0.6727092862129211
1654618331.0275106 4.105445861816406 2.121570587158203 0.0 0.0 0.0 0.7444628477096558 0.6676638722419739
1654618331.1271393 4.109046936035156 2.198680877685547 0.0 0.0 0.0 0.7517452239990234 0.6594536304473877
1654618331.226819 4.09832763671875 2.280811309814453 0.0 0.0 0.0 0.7570053339004517 0.6534087061882019
1654618331.3265588 4.0869140625 2.3668212890625 0.0 0.0 0.0 0.7624127268791199 0.6470910310745239
1654618331.4263887 4.067375183105469 2.448627471923828 0.0 0.0 0.0 0.7719665169715881 0.6356631517410278
1654618331.5262618 4.050811767578125 2.5063705444335938 0.0 0.0 0.0 0.7859687805175781 0.6182661652565002
1654618331.6260412 4.034454345703125 2.5462417602539062 0.0 0.0 0.0 0.804825484752655 0.5935115218162537
1654618331.7260556 4.03070068359375 2.6112136840820312 0.0 0.0 0.0 0.817180335521698 0.5763821005821228
1654618331.8262615 4.02630615234375 2.667072296142578 0.0 0.0 0.0 0.8333484530448914 0.5527479648590088
1654618331.9264727 4.025188446044922 2.6900405883789062 0.0 0.0 0.0 0.8497010469436646 0.5272647738456726
1654618332.0267434 4.024040222167969 2.705944061279297 0.0 0.0 0.0 0.8653262257575989 0.501209020614624
1654618332.1270006 4.029762268066406 2.725555419921875 0.0 0.0 0.0 0.8801801204681396 0.4746398627758026
1654618332.227136 4.028350830078125 2.747631072998047 0.0 0.0 0.0 0.8955711126327515 0.4449183940887451
1654618332.3270962 4.0347900390625 2.7612686157226562 0.0 0.0 0.0 0.9124118685722351 0.409273236989975
1654618332.4270358 4.04376220703125 2.779766082763672 0.0 0.0 0.0 0.927610456943512 0.3735489547252655
1654618332.5269434 4.063709259033203 2.7862548828125 0.0 0.0 0.0 0.9414411187171936 0.33717748522758484
1654618332.6269114 4.087329864501953 2.783214569091797 0.0 0.0 0.0 0.9539343118667603 0.30001550912857056
1654618332.7269235 4.092723846435547 2.795917510986328 0.0 0.0 0.0 0.9646112322807312 0.26367637515068054
1654618332.8269806 4.108257293701172 2.815216064453125 0.0 0.0 0.0 0.9724809527397156 0.2329823076725006
1654618332.927058 4.128704071044922 2.8301010131835938 0.0 0.0 0.0 0.9790903329849243 0.2034260481595993
1654618333.0271525 4.128620147705078 2.823089599609375 0.0 0.0 0.0 0.9854281544685364 0.17009226977825165
1654618333.1273506 4.13189697265625 2.832866668701172 0.0 0.0 0.0 0.9896532297134399 0.1434800922870636
1654618333.2275245 4.131385803222656 2.853832244873047 0.0 0.0 0.0 0.9921879768371582 0.12475180625915527
1654618333.3276198 4.136787414550781 2.8537521362304688 0.0 0.0 0.0 0.994631826877594 0.10347700864076614
1654618333.4277394 4.132659912109375 2.8537063598632812 0.0 0.0 0.0 0.9961948990821838 0.08715330809354782
1654618333.52784 4.125225067138672 2.8717727661132812 0.0 0.0 0.0 0.9969059228897095 0.0786040723323822
1654618333.6277661 4.111865997314453 2.865886688232422 0.0 0.0 0.0 0.9975823760032654 0.06949429214000702
1654618333.7276895 4.070812225341797 2.885486602783203 0.0 0.0 0.0 0.9987810850143433 0.049359358847141266
1654618333.827743 4.03875732421875 2.900951385498047 0.0 0.0 0.0 0.9993385076522827 0.03636745736002922
1654618333.9279547 3.9842300415039062 2.9012374877929688 0.0 0.0 0.0 0.9996659755706787 0.02584427408874035
1654618334.0282736 3.930950164794922 2.910839080810547 0.0 0.0 0.0 0.9997532367706299 0.02221468649804592
1654618334.1285865 3.846843719482422 2.916156768798828 0.0 0.0 0.0 0.9998301863670349 0.018428072333335876
1654618334.2288315 3.761127471923828 2.932666778564453 0.0 0.0 0.0 0.9997950792312622 0.020243767648935318
1654618334.3288577 3.667388916015625 2.9114303588867188 0.0 0.0 0.0 0.9995561242103577 0.029792742803692818
1654618334.4286354 3.5756149291992188 2.9076309204101562 0.0 0.0 0.0 0.999539315700531 0.030351106077432632
1654618334.5282438 3.482624053955078 2.907611846923828 0.0 0.0 0.0 0.9992602467536926 0.03845680505037308
1654618334.6278827 3.3914794921875 2.904296875 0.0 0.0 0.0 0.999071478843689 0.04308292269706726
1654618334.7275946 3.304515838623047 2.9163589477539062 0.0 0.0 0.0 0.9990969300270081 0.04248920828104019
1654618334.8273983 3.211071014404297 2.932689666748047 0.0 0.0 0.0 0.9991527199745178 0.041155826300382614
1654618334.9272156 3.131786346435547 2.9380111694335938 0.0 0.0 0.0 0.9992663860321045 0.03829718381166458
1654618335.0270996 3.0421371459960938 2.965240478515625 0.0 0.0 0.0 0.9994628429412842 0.03277306631207466
1654618335.127092 2.945709228515625 2.9742431640625 0.0 0.0 0.0 0.9996010065078735 0.028245462104678154
1654618335.2271104 2.871326446533203 2.969501495361328 0.0 0.0 0.0 0.9998844265937805 0.01520320400595665
1654618335.3272521 2.783702850341797 2.966632843017578 0.0 0.0 0.0 0.9999692440032959 0.007845516316592693
1654618335.427371 2.696582794189453 2.9694900512695312 0.0 0.0 0.0 0.9999995827674866 0.0009282389073632658
1654618335.527511 2.610828399658203 2.973857879638672 0.0 0.0 0.0 -0.99997878074646 0.006515174638479948
1654618335.6277099 2.514904022216797 2.979106903076172 0.0 0.0 0.0 -0.9999147653579712 0.013055267743766308
1654618335.7280126 2.4223098754882812 2.9891128540039062 0.0 0.0 0.0 -0.9998759627342224 0.015749474987387657
1654618335.8283422 2.32537841796875 2.995891571044922 0.0 0.0 0.0 -0.9998810291290283 0.01542574167251587
1654618335.9285862 2.264690399169922 2.9963912963867188 0.0 0.0 0.0 -0.9995906949043274 0.028608547523617744
1654618336.028699 2.1507034301757812 2.993144989013672 0.0 0.0 0.0 -0.999606192111969 0.028062429279088974
1654618336.1286182 2.0462265014648438 2.978851318359375 0.0 0.0 0.0 -0.9997365474700928 0.02295311912894249
1654618336.2284038 1.9412422180175781 2.978862762451172 0.0 0.0 0.0 -0.9997013211250305 0.024438288062810898
1654618336.328018 1.8166580200195312 2.969532012939453 0.0 0.0 0.0 -0.9997374415397644 0.022914864122867584
1654618336.427502 1.5287704467773438 2.959869384765625 0.0 0.0 0.0 -0.9996992945671082 0.024521352723240852
1654618336.5269213 1.5997085571289062 2.9609298706054688 0.0 0.0 0.0 -0.9996348023414612 0.027023199945688248
1654618336.6264493 1.5110549926757812 2.95391845703125 0.0 0.0 0.0 -0.9994759559631348 0.03236975520849228
1654618336.7262633 1.4057426452636719 2.948497772216797 0.0 0.0 0.0 -0.9993177056312561 0.03693367913365364
1654618336.8263135 1.332183837890625 2.936359405517578 0.0 0.0 0.0 -0.9992244243621826 0.039377596229314804
1654618336.9265466 1.2108268737792969 2.9503402709960938 0.0 0.0 0.0 -0.9987077713012695 0.05082165077328682
1654618337.0268462 1.1426162719726562 2.94140625 0.0 0.0 0.0 -0.998612105846405 0.052667394280433655
1654618337.1272185 1.0554428100585938 2.9343338012695312 0.0 0.0 0.0 -0.9982472658157349 0.05918066203594208
1654618337.2275722 0.88397216796875 2.921642303466797 0.0 0.0 0.0 -0.9976373314857483 0.06870058923959732
1654618337.3278887 0.8650131225585938 2.9200363159179688 0.0 0.0 0.0 -0.9970570206642151 0.07666349411010742
1654618337.4281213 0.7801399230957031 2.900188446044922 0.0 0.0 0.0 -0.996208131313324 0.08700177073478699
1654618337.5282078 0.6852836608886719 2.887470245361328 0.0 0.0 0.0 -0.99546217918396 0.09515810012817383
1654618337.6281729 0.63916015625 2.8870620727539062 0.0 0.0 0.0 -0.9939083456993103 0.11021003127098083
1654618337.7279456 0.566741943359375 2.8770523071289062 0.0 0.0 0.0 -0.9915276765823364 0.1298954337835312
1654618337.8275428 0.5077133178710938 2.8681640625 0.0 0.0 0.0 -0.9882371425628662 0.1529291570186615
1654618337.9270818 0.45621490478515625 2.85687255859375 0.0 0.0 0.0 -0.9840404391288757 0.1779448539018631
1654618338.0267296 0.4014778137207031 2.8515396118164062 0.0 0.0 0.0 -0.9783133864402771 0.20713010430335999
1654618338.1264896 0.35521697998046875 2.831043243408203 0.0 0.0 0.0 -0.9714811444282532 0.23711687326431274
1654618338.2265022 0.32404327392578125 2.8197097778320312 0.0 0.0 0.0 -0.9627712368965149 0.2703174352645874
1654618338.3266797 0.28496551513671875 2.814434051513672 0.0 0.0 0.0 -0.9521878957748413 0.30551305413246155
1654618338.426943 0.24359893798828125 2.8140640258789062 0.0 0.0 0.0 -0.9392809271812439 0.34314918518066406
1654618338.5272148 0.203460693359375 2.8246536254882812 0.0 0.0 0.0 -0.9220895171165466 0.3869766294956207
1654618338.6273508 0.19156646728515625 2.812213897705078 0.0 0.0 0.0 -0.905400812625885 0.42455780506134033
1654618338.7275124 0.16241455078125 2.8087387084960938 0.0 0.0 0.0 -0.8827517032623291 0.46983975172042847
1654618338.8277683 0.13629150390625 2.778583526611328 0.0 0.0 0.0 -0.8638348579406738 0.5037750601768494
1654618338.9279542 0.11512374877929688 2.7541885375976562 0.0 0.0 0.0 -0.842728316783905 0.5383390784263611
1654618339.0280364 0.09791946411132812 2.7388229370117188 0.0 0.0 0.0 -0.82177734375 0.5698087215423584
1654618339.1279979 0.06851959228515625 2.710590362548828 0.0 0.0 0.0 -0.8044397234916687 0.5940343141555786
1654618339.2279494 0.023113250732421875 2.6799240112304688 0.0 0.0 0.0 -0.7849103212356567 0.6196094155311584
1654618339.327896 -7.62939453125e-06 2.639862060546875 0.0 0.0 0.0 -0.7696890830993652 0.6384189128875732
1654618339.4278362 -0.00897979736328125 2.578033447265625 0.0 0.0 0.0 -0.7588216066360474 0.6512985229492188
1654618339.5277846 -0.038784027099609375 2.5228805541992188 0.0 0.0 0.0 -0.7450860738754272 0.6669683456420898
1654618339.627637 -0.04833221435546875 2.448516845703125 0.0 0.0 0.0 -0.7367025017738342 0.6762169599533081
1654618339.7275882 -0.055332183837890625 2.379169464111328 0.0 0.0 0.0 -0.7263543009757996 0.6873204708099365
1654618339.8275578 -0.059185028076171875 2.2970809936523438 0.0 0.0 0.0 -0.7201754450798035 0.6937919855117798
1654618339.927498 -0.07658004760742188 2.219951629638672 0.0 0.0 0.0 -0.7135316133499146 0.7006230354309082
1654618340.0273883 -0.08392333984375 2.140399932861328 0.0 0.0 0.0 -0.7071735262870789 0.707040011882782
1654618340.1272318 -0.08328628540039062 2.0513687133789062 0.0 0.0 0.0 -0.6987113356590271 0.7154037356376648
1654618340.2270408 -0.09279251098632812 1.9861259460449219 0.0 0.0 0.0 -0.688931941986084 0.7248260378837585
1654618340.326914 -0.10024261474609375 1.9109725952148438 0.0 0.0 0.0 -0.6741204261779785 0.7386214733123779
1654618340.426818 -0.08727264404296875 1.8448410034179688 0.0 0.0 0.0 -0.6626622676849365 0.748918354511261
1654618340.5268078 -0.10498428344726562 1.7698249816894531 0.0 0.0 0.0 -0.65020751953125 0.7597566843032837
1654618340.6270292 -0.0881195068359375 1.6853141784667969 0.0 0.0 0.0 -0.6406698822975159 0.7678164839744568
1654618340.7273211 -0.08914947509765625 1.5979995727539062 0.0 0.0 0.0 -0.6327986717224121 0.7743163704872131
1654618340.827483 -0.07651519775390625 1.5529670715332031 0.0 0.0 0.0 -0.6201160550117493 0.78451007604599
1654618340.9276073 -0.0747833251953125 1.4826240539550781 0.0 0.0 0.0 -0.6114323735237122 0.791296660900116
1654618341.027606 -0.049907684326171875 1.4234809875488281 0.0 0.0 0.0 -0.6019333600997925 0.798546314239502
1654618341.1274686 -0.050937652587890625 1.3680839538574219 0.0 0.0 0.0 -0.5903322100639343 0.8071603775024414
1654618341.2272239 -0.032176971435546875 1.3014030456542969 0.0 0.0 0.0 -0.5773544907569885 0.816493570804596
1654618341.3269033 -0.01366424560546875 1.2586479187011719 0.0 0.0 0.0 -0.5596568584442139 0.8287244439125061
1654618341.4266016 -0.01381683349609375 1.2041435241699219 0.0 0.0 0.0 -0.5371840596199036 0.8434650897979736
1654618341.526405 -0.008697509765625 1.1526107788085938 0.0 0.0 0.0 -0.5104957818984985 0.859880268573761
1654618341.6263905 0.01220703125 1.1144599914550781 0.0 0.0 0.0 -0.4812431037425995 0.8765871524810791
1654618341.726432 -0.01125335693359375 1.0991401672363281 0.0 0.0 0.0 -0.4401056170463562 0.8979460000991821
1654618341.8264616 0.00275421142578125 1.0767707824707031 0.0 0.0 0.0 -0.4041343331336975 0.9146996736526489
1654618341.926613 -0.0050811767578125 1.0419692993164062 0.0 0.0 0.0 -0.3677087128162384 0.9299409985542297
1654618342.0268874 -0.00820159912109375 1.015716552734375 0.0 0.0 0.0 -0.32850542664527893 0.944502055644989
1654618342.1271615 -0.020366668701171875 1.003875732421875 0.0 0.0 0.0 -0.2851487398147583 0.9584832787513733
1654618342.2275138 -0.030666351318359375 0.9964599609375 0.0 0.0 0.0 -0.24139206111431122 0.9704276919364929
1654618342.3278687 -0.02416229248046875 0.9809989929199219 0.0 0.0 0.0 -0.20430994033813477 0.9789062738418579
1654618342.4281344 -0.034656524658203125 0.969512939453125 0.0 0.0 0.0 -0.16689527034759521 0.9859746098518372
1654618342.528496 -0.032135009765625 0.9707832336425781 0.0 0.0 0.0 -0.13478653132915497 0.9908746480941772
1654618342.6288185 -0.00614166259765625 0.9525146484375 0.0 0.0 0.0 -0.1152283325791359 0.9933390021324158
1654618342.7290626 0.016887664794921875 0.9404525756835938 0.0 0.0 0.0 -0.09718257933855057 0.9952665567398071
1654618342.8291013 0.08095550537109375 0.9157295227050781 0.0 0.0 0.0 -0.09136877208948135 0.9958171248435974
1654618342.9288788 0.11527633666992188 0.8943367004394531 0.0 0.0 0.0 -0.07652747631072998 0.9970674514770508
1654618343.0285525 0.18821334838867188 0.8808364868164062 0.0 0.0 0.0 -0.06815239787101746 0.9976749420166016
1654618343.128336 0.28533172607421875 0.8950691223144531 0.0 0.0 0.0 -0.06421926617622375 0.9979358315467834
1654618343.228182 0.33245849609375 0.8542671203613281 0.0 0.0 0.0 -0.043853435665369034 0.9990379810333252
1654618343.3280656 0.43434906005859375 0.8574104309082031 0.0 0.0 0.0 -0.03534573316574097 0.9993751645088196
1654618343.4278932 0.5261116027832031 0.8494644165039062 0.0 0.0 0.0 -0.02605539932847023 0.9996604919433594
1654618343.5276291 0.6146430969238281 0.8263740539550781 0.0 0.0 0.0 -0.012029984965920448 0.9999276399612427
1654618343.627358 0.7098159790039062 0.8203811645507812 0.0 0.0 0.0 -0.0003131945850327611 0.9999999403953552
1654618343.7272427 0.8069877624511719 0.8134994506835938 0.0 0.0 0.0 0.013281457126140594 0.9999117851257324
1654618343.8272402 0.9249458312988281 0.8273086547851562 0.0 0.0 0.0 0.0219715628772974 0.9997586011886597
1654618343.927317 1.007049560546875 0.8165054321289062 0.0 0.0 0.0 0.0358429029583931 0.9993574619293213
1654618344.0275288 1.1216812133789062 0.8218307495117188 0.0 0.0 0.0 0.044830404222011566 0.9989945888519287
1654618344.1277092 1.2164192199707031 0.8265800476074219 0.0 0.0 0.0 0.053281135857105255 0.9985795617103577
1654618344.2278335 1.3254013061523438 0.8227310180664062 0.0 0.0 0.0 0.06116950139403343 0.9981274008750916
1654618344.3279855 1.4364242553710938 0.8428764343261719 0.0 0.0 0.0 0.06222795695066452 0.9980619549751282
1654618344.4281597 1.5394210815429688 0.8412399291992188 0.0 0.0 0.0 0.06524372845888138 0.9978693723678589
1654618344.528333 1.6363143920898438 0.8506393432617188 0.0 0.0 0.0 0.06718486547470093 0.9977405667304993
1654618344.628404 1.7580375671386719 0.8735542297363281 0.0 0.0 0.0 0.06435135751962662 0.9979273080825806
1654618344.7283485 1.8541793823242188 0.8701667785644531 0.0 0.0 0.0 0.06368454545736313 0.9979701042175293
1654618344.8281298 1.9701728820800781 0.8843193054199219 0.0 0.0 0.0 0.06133045628666878 0.9981175065040588
1654618344.927885 2.066364288330078 0.8970756530761719 0.0 0.0 0.0 0.05910303071141243 0.9982519149780273
1654618345.0277023 2.1689987182617188 0.902496337890625 0.0 0.0 0.0 0.06112026795744896 0.9981303811073303
1654618345.1275208 2.27459716796875 0.9238700866699219 0.0 0.0 0.0 0.06029689684510231 0.9981805086135864
1654618345.2273908 2.367504119873047 0.9392280578613281 0.0 0.0 0.0 0.06429508328437805 0.9979309439659119
1654618345.3272977 2.4716262817382812 0.9463081359863281 0.0 0.0 0.0 0.06782301515340805 0.9976973533630371
1654618345.4272733 2.556304931640625 0.9594802856445312 0.0 0.0 0.0 0.07427345216274261 0.9972379207611084
1654618345.5272512 2.636272430419922 0.9766731262207031 0.0 0.0 0.0 0.08046647906303406 0.9967573285102844
1654618345.6271603 2.724212646484375 0.9738960266113281 0.0 0.0 0.0 0.09337802231311798 0.9956307411193848
1654618345.7270856 2.807384490966797 0.9866752624511719 0.0 0.0 0.0 0.09921258687973022 0.9950662851333618
1654618345.8269453 2.879047393798828 0.989105224609375 0.0 0.0 0.0 0.11148729175329208 0.9937658309936523
1654618345.926877 2.9484939575195312 1.0030632019042969 0.0 0.0 0.0 0.12292979657649994 0.9924153685569763
1654618346.0268047 3.0094985961914062 1.0039482116699219 0.0 0.0 0.0 0.13819073140621185 0.9904056191444397
1654618346.1267996 3.0677719116210938 1.0216445922851562 0.0 0.0 0.0 0.15289688110351562 0.9882421493530273
1654618346.2268388 3.116283416748047 1.0257034301757812 0.0 0.0 0.0 0.17137593030929565 0.9852057099342346
1654618346.3268483 3.1599655151367188 1.0269851684570312 0.0 0.0 0.0 0.19727593660354614 0.9803479909896851
1654618346.426837 3.20953369140625 1.0323257446289062 0.0 0.0 0.0 0.22377382218837738 0.9746410846710205
1654618346.5269735 3.246051788330078 1.0479965209960938 0.0 0.0 0.0 0.25165700912475586 0.9678164720535278
1654618346.6270902 3.287841796875 1.0500564575195312 0.0 0.0 0.0 0.284950315952301 0.9585422873497009
1654618346.72718 3.322132110595703 1.05718994140625 0.0 0.0 0.0 0.3206450343132019 0.9471994042396545
1654618346.827268 3.3574295043945312 1.0654067993164062 0.0 0.0 0.0 0.3539380729198456 0.9352688789367676
1654618346.9272974 3.3881301879882812 1.0665664672851562 0.0 0.0 0.0 0.39282628893852234 0.91961270570755
1654618347.0274553 3.417705535888672 1.0761642456054688 0.0 0.0 0.0 0.42631790041923523 0.9045734405517578
1654618347.1275706 3.438140869140625 1.0894241333007812 0.0 0.0 0.0 0.4570206105709076 0.8894560933113098
1654618347.2275727 3.464282989501953 1.1029739379882812 0.0 0.0 0.0 0.48815762996673584 0.8727554678916931
1654618347.3275626 3.500835418701172 1.1224250793457031 0.0 0.0 0.0 0.5161603093147278 0.8564919829368591
1654618347.4275074 3.555706024169922 1.1421279907226562 0.0 0.0 0.0 0.5457662343978882 0.8379374742507935
1654618347.5275722 3.574981689453125 1.1739883422851562 0.0 0.0 0.0 0.5730153918266296 0.8195446133613586
1654618347.627669 3.603435516357422 1.2111091613769531 0.0 0.0 0.0 0.5952719449996948 0.8035243153572083
1654618347.7278378 3.600078582763672 1.2586479187011719 0.0 0.0 0.0 0.6182351112365723 0.785993218421936
1654618347.8278956 3.624431610107422 1.3224563598632812 0.0 0.0 0.0 0.6318178772926331 0.7751168608665466
1654618347.9279587 3.6660690307617188 1.385650634765625 0.0 0.0 0.0 0.641705334186554 0.7669512629508972
1654618348.0280387 3.6880874633789062 1.4770622253417969 0.0 0.0 0.0 0.6456925272941589 0.7635974884033203
1654618348.1281092 3.701934814453125 1.551849365234375 0.0 0.0 0.0 0.6516648530960083 0.7585070133209229
1654618348.228159 3.694293975830078 1.6436958312988281 0.0 0.0 0.0 0.6534084677696228 0.7570055723190308
1654618348.3281767 3.734943389892578 1.73199462890625 0.0 0.0 0.0 0.6542215347290039 0.7563029527664185
1654618348.4280994 3.75616455078125 1.8232917785644531 0.0 0.0 0.0 0.6583462953567505 0.7527151703834534
1654618348.527937 3.76837158203125 1.9174728393554688 0.0 0.0 0.0 0.6607903838157654 0.7505704760551453
1654618348.6277392 3.786571502685547 2.004058837890625 0.0 0.0 0.0 0.6660479307174683 0.7459089756011963
1654618348.7273622 3.7900390625 2.072673797607422 0.0 0.0 0.0 0.6774516701698303 0.7355672717094421
1654618348.8268726 3.818470001220703 2.162067413330078 0.0 0.0 0.0 0.6883683800697327 0.7253612875938416
1654618348.9265149 3.8298263549804688 2.230133056640625 0.0 0.0 0.0 0.6998838782310486 0.7142566442489624
1654618349.026262 3.824748992919922 2.298248291015625 0.0 0.0 0.0 0.7148110270500183 0.6993176341056824
1654618349.1261678 3.816741943359375 2.37774658203125 0.0 0.0 0.0 0.7254225015640259 0.6883038878440857
1654618349.2261243 3.812511444091797 2.424407958984375 0.0 0.0 0.0 0.7414392232894897 0.6710200309753418
1654618349.3261616 3.8110122680664062 2.480682373046875 0.0 0.0 0.0 0.7571075558662415 0.6532902717590332
1654618349.426363 3.8198471069335938 2.5304641723632812 0.0 0.0 0.0 0.772911012172699 0.6345144510269165
1654618349.5266542 3.8059921264648438 2.567920684814453 0.0 0.0 0.0 0.7876710891723633 0.6160959601402283
1654618349.626929 3.809253692626953 2.588886260986328 0.0 0.0 0.0 0.8044527173042297 0.5940167307853699
1654618349.7269726 3.8128738403320312 2.615436553955078 0.0 0.0 0.0 0.8224088549613953 0.5688968896865845
1654618349.8267891 3.818023681640625 2.6422042846679688 0.0 0.0 0.0 0.8403338193893433 0.5420692563056946
1654618349.926499 3.8313064575195312 2.6582107543945312 0.0 0.0 0.0 0.8667373657226562 0.49876484274864197
1654618350.0263276 3.838481903076172 2.658538818359375 0.0 0.0 0.0 0.8868893980979919 0.4619818329811096
1654618350.1262076 3.8687515258789062 2.6697006225585938 0.0 0.0 0.0 0.9064199328422546 0.42237773537635803
1654618350.2261643 3.874652862548828 2.686634063720703 0.0 0.0 0.0 0.9235275387763977 0.38353219628334045
1654618350.3261864 3.8845901489257812 2.683685302734375 0.0 0.0 0.0 0.9397900104522705 0.34175240993499756
1654618350.4261813 3.908275604248047 2.693859100341797 0.0 0.0 0.0 0.9546099901199341 0.2978585362434387
1654618350.5262098 3.919261932373047 2.714263916015625 0.0 0.0 0.0 0.9656928181648254 0.25968706607818604
1654618350.6264625 3.9316329956054688 2.720264434814453 0.0 0.0 0.0 0.9744167923927307 0.22474858164787292
1654618350.726809 3.945343017578125 2.743885040283203 0.0 0.0 0.0 0.9819325804710388 0.18923115730285645
1654618350.827199 3.9420547485351562 2.750812530517578 0.0 0.0 0.0 0.986894965171814 0.161363884806633
1654618350.927599 3.934478759765625 2.7667465209960938 0.0 0.0 0.0 0.9902336001396179 0.13941816985607147
1654618351.027893 3.910846710205078 2.780651092529297 0.0 0.0 0.0 0.9934343695640564 0.11440369486808777
1654618351.1278915 3.8901748657226562 2.8039016723632812 0.0 0.0 0.0 0.9955962896347046 0.0937441885471344
1654618351.2276654 3.861968994140625 2.836193084716797 0.0 0.0 0.0 0.9973876476287842 0.07223468273878098
1654618351.3274574 3.8236618041992188 2.832183837890625 0.0 0.0 0.0 0.9986491799354553 0.05195942893624306
1654618351.4271922 3.7595291137695312 2.8381118774414062 0.0 0.0 0.0 0.999424934387207 0.03390897437930107
1654618351.5270598 3.6905593872070312 2.830638885498047 0.0 0.0 0.0 0.9997289180755615 0.023283598944544792
1654618351.6271062 3.624317169189453 2.847492218017578 0.0 0.0 0.0 0.9998836517333984 0.015252193436026573
1654618351.727128 3.539783477783203 2.858196258544922 0.0 0.0 0.0 0.9999243021011353 0.012302760034799576
1654618351.8270907 3.4403610229492188 2.8571090698242188 0.0 0.0 0.0 0.9999833106994629 0.0057777599431574345
1654618351.9269297 3.344715118408203 2.838695526123047 0.0 0.0 0.0 -1.0 0.00018186966190114617
1654618352.0267348 3.2477340698242188 2.860401153564453 0.0 0.0 0.0 -0.9999989867210388 0.0014298711903393269
1654618352.1265554 3.158954620361328 2.8343582153320312 0.0 0.0 0.0 -0.9999887347221375 0.004742680117487907
1654618352.2263675 3.0537033081054688 2.8322525024414062 0.0 0.0 0.0 -0.9999645948410034 0.008413171395659447
1654618352.3262024 2.975189208984375 2.8411178588867188 0.0 0.0 0.0 -0.9999035000801086 0.013893828727304935
1654618352.4261 2.8839340209960938 2.821277618408203 0.0 0.0 0.0 -0.9997044801712036 0.024309223517775536
1654618352.5261223 2.795745849609375 2.831329345703125 0.0 0.0 0.0 -0.9994654059410095 0.032693833112716675
1654618352.6260984 2.71319580078125 2.8238296508789062 0.0 0.0 0.0 -0.9991152882575989 0.04205495864152908
1654618352.72602 2.610870361328125 2.8295974731445312 0.0 0.0 0.0 -0.9985593557357788 0.05365852639079094
1654618352.8259523 2.523681640625 2.823455810546875 0.0 0.0 0.0 -0.9983658194541931 0.05714670568704605
1654618352.925968 2.458892822265625 2.816791534423828 0.0 0.0 0.0 -0.9973837733268738 0.07228842377662659
1654618353.0260298 2.3518753051757812 2.822277069091797 0.0 0.0 0.0 -0.9968314170837402 0.0795431137084961
1654618353.1261714 2.254627227783203 2.815814971923828 0.0 0.0 0.0 -0.9967767596244812 0.08022530376911163
1654618353.2263625 2.175182342529297 2.8183212280273438 0.0 0.0 0.0 -0.9957271218299866 0.09234421700239182
1654618353.326502 2.0903396606445312 2.797882080078125 0.0 0.0 0.0 -0.9957618713378906 0.09196875989437103
1654618353.4266331 2.0222854614257812 2.786346435546875 0.0 0.0 0.0 -0.9954032897949219 0.09577195346355438
1654618353.5268152 1.88031005859375 2.750457763671875 0.0 0.0 0.0 -0.9961053133010864 0.08817111700773239
1654618353.6269164 1.7581672668457031 2.731037139892578 0.0 0.0 0.0 -0.9962388277053833 0.08664988726377487
1654618353.7269583 1.5816879272460938 2.707904815673828 0.0 0.0 0.0 -0.9960789680480957 0.08846868574619293
1654618353.8268876 1.5433158874511719 2.694049835205078 0.0 0.0 0.0 -0.9951873421669006 0.09799044579267502
1654618353.926731 1.4237861633300781 2.668163299560547 0.0 0.0 0.0 -0.9953910708427429 0.09589915722608566
1654618354.0265822 1.3639717102050781 2.6585464477539062 0.0 0.0 0.0 -0.9943022727966309 0.10659711807966232
1654618354.1265047 1.3029251098632812 2.66131591796875 0.0 0.0 0.0 -0.9926998019218445 0.12061124294996262
1654618354.2264047 1.2196159362792969 2.649322509765625 0.0 0.0 0.0 -0.9918431639671326 0.12746404111385345
1654618354.3264725 1.1330757141113281 2.6222000122070312 0.0 0.0 0.0 -0.9910202026367188 0.13371218740940094
1654618354.426737 1.0480117797851562 2.6121749877929688 0.0 0.0 0.0 -0.9901888966560364 0.1397351175546646
1654618354.526979 0.975555419921875 2.579425811767578 0.0 0.0 0.0 -0.9904267191886902 0.1380394995212555
1654618354.6272013 0.91314697265625 2.569744110107422 0.0 0.0 0.0 -0.9891180396080017 0.14712421596050262
1654618354.7273188 0.84130859375 2.549907684326172 0.0 0.0 0.0 -0.9882415533065796 0.15290077030658722
1654618354.8272617 0.7733345031738281 2.529193878173828 0.0 0.0 0.0 -0.9875279664993286 0.15744368731975555
1654618354.927125 0.7218093872070312 2.5291671752929688 0.0 0.0 0.0 -0.9871791005134583 0.15961633622646332
1654618355.0271618 0.6789474487304688 2.5080947875976562 0.0 0.0 0.0 -0.9870721101760864 0.16027696430683136
1654618355.1270862 0.6418342590332031 2.494953155517578 0.0 0.0 0.0 -0.9866910576820374 0.16260600090026855
1654618355.2268355 0.608978271484375 2.4784622192382812 0.0 0.0 0.0 -0.9859153628349304 0.16724498569965363
1654618355.326483 0.5677604675292969 2.474750518798828 0.0 0.0 0.0 -0.9842172861099243 0.17696431279182434
1654618355.4261086 0.5264778137207031 2.4705581665039062 0.0 0.0 0.0 -0.98216712474823 0.18800988793373108
1654618355.5257964 0.4861259460449219 2.472137451171875 0.0 0.0 0.0 -0.9783034324645996 0.20717710256576538
1654618355.6256194 0.45568084716796875 2.454700469970703 0.0 0.0 0.0 -0.9737699031829834 0.22753490507602692
1654618355.72562 0.4273490905761719 2.4437179565429688 0.0 0.0 0.0 -0.9670643210411072 0.254532128572464
1654618355.825865 0.40207672119140625 2.4408645629882812 0.0 0.0 0.0 -0.9584630131721497 0.285216748714447
1654618355.9260893 0.37906646728515625 2.4386672973632812 0.0 0.0 0.0 -0.9467818140983582 0.32187607884407043
1654618356.0263333 0.37055206298828125 2.441028594970703 0.0 0.0 0.0 -0.9330880641937256 0.3596479296684265
1654618356.126432 0.3615226745605469 2.45556640625 0.0 0.0 0.0 -0.9158578515052795 0.4015026390552521
1654618356.2264364 0.3484687805175781 2.458263397216797 0.0 0.0 0.0 -0.8974522948265076 0.44111159443855286
1654618356.326542 0.33536529541015625 2.459217071533203 0.0 0.0 0.0 -0.8786447048187256 0.4774761497974396
1654618356.4266715 0.3233146667480469 2.4604110717773438 0.0 0.0 0.0 -0.8632999062538147 0.5046913027763367
1654618356.5268571 0.3024482727050781 2.452716827392578 0.0 0.0 0.0 -0.8485820293426514 0.5290638208389282
1654618356.6268995 0.2962455749511719 2.454631805419922 0.0 0.0 0.0 -0.8307878375053406 0.5565892457962036
1654618356.7268 0.28353118896484375 2.44287109375 0.0 0.0 0.0 -0.8151142001152039 0.5793002843856812
1654618356.8265758 0.2630119323730469 2.4384841918945312 0.0 0.0 0.0 -0.797841489315033 0.6028673052787781
1654618356.9264116 0.25081634521484375 2.4147109985351562 0.0 0.0 0.0 -0.7837584614753723 0.6210657358169556
1654618357.0262306 0.23301315307617188 2.386829376220703 0.0 0.0 0.0 -0.7671019434928894 0.6415252685546875
1654618357.1260731 0.21982955932617188 2.355358123779297 0.0 0.0 0.0 -0.7529202699661255 0.6581117510795593
1654618357.226078 0.20223236083984375 2.3047714233398438 0.0 0.0 0.0 -0.742432713508606 0.6699206829071045
1654618357.3261461 0.18206787109375 2.2558517456054688 0.0 0.0 0.0 -0.7323956489562988 0.6808792948722839
1654618357.4261935 0.171051025390625 2.20379638671875 0.0 0.0 0.0 -0.7234182357788086 0.6904100775718689
1654618357.5262485 0.15965652465820312 2.1248397827148438 0.0 0.0 0.0 -0.7152619957923889 0.6988564133644104
1654618357.6262803 0.15192794799804688 2.048503875732422 0.0 0.0 0.0 -0.7102424502372742 0.7039571404457092
1654618357.7263362 0.14650726318359375 1.9731063842773438 0.0 0.0 0.0 -0.7070177793502808 0.7071957588195801
1654618357.8263779 0.15422439575195312 1.9114761352539062 0.0 0.0 0.0 -0.7059170603752136 0.7082944512367249
1654618357.9262931 0.15673065185546875 1.8422775268554688 0.0 0.0 0.0 -0.7027947902679443 0.7113926410675049
1654618358.0261972 0.15061569213867188 1.7511215209960938 0.0 0.0 0.0 -0.7048256993293762 0.709380567073822
1654618358.126319 0.12432098388671875 1.6714859008789062 0.0 0.0 0.0 -0.706461489200592 0.7077515125274658
1654618358.226398 0.11924362182617188 1.5717849731445312 0.0 0.0 0.0 -0.7101870775222778 0.7040130496025085
1654618358.3263996 0.11054611206054688 1.4962272644042969 0.0 0.0 0.0 -0.7128270268440247 0.7013399004936218
1654618358.4262755 0.11510086059570312 1.4291496276855469 0.0 0.0 0.0 -0.7111538648605347 0.703036367893219
1654618358.5262103 0.10868453979492188 1.3524055480957031 0.0 0.0 0.0 -0.7083364129066467 0.7058749794960022
1654618358.6260786 0.129730224609375 1.2925605773925781 0.0 0.0 0.0 -0.6995837688446045 0.7145506143569946
1654618358.725801 0.10272216796875 1.2323989868164062 0.0 0.0 0.0 -0.6891334056854248 0.7246344685554504
1654618358.8253267 0.10414886474609375 1.1968803405761719 0.0 0.0 0.0 -0.6632968187332153 0.7483564019203186
1654618358.9249659 0.09421539306640625 1.1295700073242188 0.0 0.0 0.0 -0.6413944959640503 0.7672112584114075
1654618359.0248382 0.10105133056640625 1.0957412719726562 0.0 0.0 0.0 -0.6079256534576416 0.7939939498901367
1654618359.1250608 0.08626174926757812 1.0581245422363281 0.0 0.0 0.0 -0.5704339742660522 0.8213434219360352
1654618359.225612 0.09224319458007812 1.0392341613769531 0.0 0.0 0.0 -0.5294004678726196 0.8483720421791077
1654618359.3261507 0.07654953002929688 1.0244674682617188 0.0 0.0 0.0 -0.48444271087646484 0.8748229742050171
1654618359.42679 0.048389434814453125 1.0105705261230469 0.0 0.0 0.0 -0.4392792582511902 0.8983505368232727
1654618359.527331 0.032703399658203125 1.0110893249511719 0.0 0.0 0.0 -0.3959030210971832 0.9182923436164856
1654618359.6276603 0.025867462158203125 0.9888916015625 0.0 0.0 0.0 -0.36052292585372925 0.9327503442764282
1654618359.7278326 0.02433013916015625 0.9750595092773438 0.0 0.0 0.0 -0.32246965169906616 0.9465798139572144
1654618359.8279781 0.003643035888671875 0.9680671691894531 0.0 0.0 0.0 -0.27879080176353455 0.9603518843650818
1654618359.928019 0.011669158935546875 0.9494247436523438 0.0 0.0 0.0 -0.244096040725708 0.9697510600090027
1654618360.0279744 0.004150390625 0.9328727722167969 0.0 0.0 0.0 -0.20813968777656555 0.9780991077423096
1654618360.127975 -0.00067901611328125 0.9224319458007812 0.0 0.0 0.0 -0.17349214851856232 0.9848352670669556
1654618360.2279248 -0.008270263671875 0.9276351928710938 0.0 0.0 0.0 -0.14041399955749512 0.9900928735733032
1654618360.327833 -0.007114410400390625 0.9043197631835938 0.0 0.0 0.0 -0.11597645282745361 0.9932519793510437
1654618360.4276912 -0.00940704345703125 0.902069091796875 0.0 0.0 0.0 -0.0905304029583931 0.9958937168121338
1654618360.5275888 -0.017547607421875 0.8973464965820312 0.0 0.0 0.0 -0.06753203272819519 0.9977170825004578
1654618360.6275594 -0.006206512451171875 0.90802001953125 0.0 0.0 0.0 -0.055517639964818954 0.9984577298164368
1654618360.7274535 -0.019832611083984375 0.8993453979492188 0.0 0.0 0.0 -0.03988844156265259 0.999204158782959
1654618360.8272765 -0.023487091064453125 0.9106216430664062 0.0 0.0 0.0 -0.030455082654953003 0.9995361566543579
1654618360.9271886 -0.02120208740234375 0.8948898315429688 0.0 0.0 0.0 -0.0156550295650959 0.9998774528503418
1654618361.027223 -0.024188995361328125 0.8985404968261719 0.0 0.0 0.0 -0.01550412829965353 0.999879777431488
1654618361.127217 -0.023654937744140625 0.89495849609375 0.0 0.0 0.0 -0.008498717099428177 0.9999638795852661
1654618361.227116 -0.04962921142578125 0.891754150390625 0.0 0.0 0.0 -0.00600635539740324 0.9999819397926331
1654618361.3270328 -0.02144622802734375 0.9012870788574219 0.0 0.0 0.0 -0.014167462475597858 0.9998996257781982
1654618361.4269757 -0.0371856689453125 0.9007644653320312 0.0 0.0 0.0 -0.014360323548316956 0.9998968839645386
1654618361.5268438 -0.03388214111328125 0.8970260620117188 0.0 0.0 0.0 -0.014957736246287823 0.9998881220817566
1654618361.626605 -0.03974151611328125 0.8974189758300781 0.0 0.0 0.0 -0.017443399876356125 0.9998478293418884
1654618361.726419 -0.02506256103515625 0.9031486511230469 0.0 0.0 0.0 -0.022383639588952065 0.999749481678009
1654618361.8263311 -0.027812957763671875 0.9077529907226562 0.0 0.0 0.0 -0.022854158654808998 0.9997388124465942
1654618361.9263952 -0.02368927001953125 0.90155029296875 0.0 0.0 0.0 -0.021668795496225357 0.9997652173042297
1654618362.026501 -0.02788543701171875 0.9050216674804688 0.0 0.0 0.0 -0.022129548713564873 0.9997550845146179
1654618362.1265566 -0.025699615478515625 0.8993721008300781 0.0 0.0 0.0 -0.018919920548796654 0.9998210072517395
1654618362.2265637 -0.0261077880859375 0.8952407836914062 0.0 0.0 0.0 -0.015533450059592724 0.9998793601989746
1654618362.3265293 -0.02286529541015625 0.9074592590332031 0.0 0.0 0.0 -0.022422492504119873 0.9997485876083374
1654618362.426542 -0.029262542724609375 0.9015312194824219 0.0 0.0 0.0 -0.021671179682016373 0.999765157699585
1654618362.5265288 -0.03258514404296875 0.91290283203125 0.0 0.0 0.0 -0.023207399994134903 0.99973064661026
1654618362.6265275 -0.02353668212890625 0.9004707336425781 0.0 0.0 0.0 -0.02142590470612049 0.99977046251297
1654618362.7264874 -0.025806427001953125 0.8991584777832031 0.0 0.0 0.0 -0.021263817325234413 0.9997739195823669
1654618362.82638 -0.03143310546875 0.8947334289550781 0.0 0.0 0.0 -0.020746562629938126 0.9997847676277161
