1654618298.5877512 -0.14209747314453125 0.7486038208007812 0.0 0.0 0.0 0.007062883581966162 0.9999750852584839
1654618298.6880045 -0.13160324096679688 0.7417678833007812 0.0 0.0 0.0 0.010513757355511189 0.9999447464942932
1654618298.7882204 -0.13184738159179688 0.7620010375976562 0.0 0.0 0.0 0.009980542585253716 0.9999501705169678
1654618298.8883514 -0.14928054809570312 0.7535018920898438 0.0 0.0 0.0 0.009949704632163048 0.9999505281448364
1654618298.9883835 -0.14621734619140625 0.7473869323730469 0.0 0.0 0.0 0.008257055655121803 0.9999659061431885
1654618299.0883381 -0.13762664794921875 0.7575759887695312 0.0 0.0 0.0 0.0074246227741241455 0.9999724626541138
1654618299.1882117 -0.11032485961914062 0.7401657104492188 0.0 0.0 0.0 0.009871892631053925 0.9999512434005737
1654618299.288021 -0.08347320556640625 0.7317733764648438 0.0 0.0 0.0 0.010035972110927105 0.9999496340751648
1654618299.3878155 -0.0524444580078125 0.7512588500976562 0.0 0.0 0.0 0.012767176143825054 0.999918520450592
1654618299.487634 -0.04364013671875 0.7580642700195312 0.0 0.0 0.0 0.010113837197422981 0.9999488592147827
1654618299.5873795 0.021270751953125 0.7299728393554688 0.0 0.0 0.0 0.01876676455140114 0.9998238682746887
1654618299.687088 0.05028533935546875 0.7493820190429688 0.0 0.0 0.0 0.020106416195631027 0.9997978210449219
1654618299.7869911 0.10520172119140625 0.7362480163574219 0.0 0.0 0.0 0.024864638224244118 0.99969083070755
1654618299.886966 0.146484375 0.7368278503417969 0.0 0.0 0.0 0.03172868490219116 0.9994965195655823
1654618299.9869196 0.18152999877929688 0.7386970520019531 0.0 0.0 0.0 0.0415811687707901 0.9991351366043091
1654618300.0869977 0.22322463989257812 0.73858642578125 0.0 0.0 0.0 0.05139751359820366 0.9986782670021057
1654618300.1871521 0.25716400146484375 0.7346305847167969 0.0 0.0 0.0 0.06121408939361572 0.9981246590614319
1654618300.2875602 0.30587005615234375 0.7413864135742188 0.0 0.0 0.0 0.06032824143767357 0.9981786012649536
1654618300.3881207 0.3388252258300781 0.7462158203125 0.0 0.0 0.0 0.05369601771235466 0.9985573291778564
1654618300.488729 0.3829231262207031 0.7434806823730469 0.0 0.0 0.0 0.04314253106713295 0.9990689158439636
1654618300.5892174 0.4111747741699219 0.751678466796875 0.0 0.0 0.0 0.02956988848745823 0.9995627403259277
1654618300.689238 0.47716522216796875 0.7543525695800781 0.0 0.0 0.0 0.020769592374563217 0.9997842907905579
1654618300.7890131 0.5259017944335938 0.750701904296875 0.0 0.0 0.0 0.015226360410451889 0.9998840689659119
1654618300.8887875 0.58697509765625 0.7566642761230469 0.0 0.0 0.0 0.005141345784068108 0.9999867677688599
1654618300.9883966 0.6491279602050781 0.7624931335449219 0.0 0.0 0.0 -0.0019730636849999428 0.9999980330467224
1654618301.0879273 0.7054557800292969 0.7659492492675781 0.0 0.0 0.0 -0.0070138913579285145 0.9999753832817078
1654618301.1875014 0.7610282897949219 0.7614212036132812 0.0 0.0 0.0 -0.011917698197066784 0.9999290108680725
1654618301.2871754 0.817108154296875 0.7518119812011719 0.0 0.0 0.0 -0.012213315814733505 0.999925434589386
1654618301.3868794 0.882598876953125 0.745361328125 0.0 0.0 0.0 -0.01482542883604765 0.9998900890350342
1654618301.4866648 0.9403800964355469 0.7446975708007812 0.0 0.0 0.0 -0.011774657294154167 0.9999306797981262
1654618301.5865421 1.002532958984375 0.7418098449707031 0.0 0.0 0.0 -0.006469117011874914 0.9999790787696838
1654618301.6864822 1.0715522766113281 0.7407417297363281 0.0 0.0 0.0 -0.003924272023141384 0.999992311000824
1654618301.7865553 1.1413383483886719 0.7355766296386719 0.0 0.0 0.0 0.0018808923196047544 0.9999982118606567
1654618301.8867095 1.2167549133300781 0.7294425964355469 0.0 0.0 0.0 0.00952160730957985 0.9999546408653259
1654618301.9869094 1.2857246398925781 0.7216072082519531 0.0 0.0 0.0 0.017394648864865303 0.9998487234115601
1654618302.087156 1.3573989868164062 0.7277908325195312 0.0 0.0 0.0 0.022997932508587837 0.9997355341911316
1654618302.1874325 1.4242057800292969 0.7236404418945312 0.0 0.0 0.0 0.02712627872824669 0.9996320009231567
1654618302.287714 1.5035934448242188 0.7277946472167969 0.0 0.0 0.0 0.03400062769651413 0.9994218349456787
1654618302.38794 1.582672119140625 0.7260971069335938 0.0 0.0 0.0 0.034270863980054855 0.9994125962257385
1654618302.488136 1.660888671875 0.7231063842773438 0.0 0.0 0.0 0.03706381842494011 0.9993128776550293
1654618302.588307 1.7426872253417969 0.732574462890625 0.0 0.0 0.0 0.03380826488137245 0.9994283318519592
1654618302.6884198 1.8252029418945312 0.73101806640625 0.0 0.0 0.0 0.03298219293355942 0.9994559288024902
1654618302.7884648 1.905517578125 0.7347946166992188 0.0 0.0 0.0 0.0329911932349205 0.9994556307792664
1654618302.888421 1.9967727661132812 0.7315139770507812 0.0 0.0 0.0 0.03139571100473404 0.9995070099830627
1654618302.9883301 2.0727767944335938 0.7299385070800781 0.0 0.0 0.0 0.02979910559952259 0.9995558857917786
1654618303.0881839 2.154613494873047 0.7383537292480469 0.0 0.0 0.0 0.031169602647423744 0.999514102935791
1654618303.1879973 2.2356948852539062 0.7290840148925781 0.0 0.0 0.0 0.030811132863163948 0.999525249004364
1654618303.2877996 2.314891815185547 0.7278671264648438 0.0 0.0 0.0 0.03429243713617325 0.9994118213653564
1654618303.3876128 2.384410858154297 0.7309494018554688 0.0 0.0 0.0 0.03639764338731766 0.999337375164032
1654618303.4874246 2.46600341796875 0.7354850769042969 0.0 0.0 0.0 0.04193227365612984 0.9991204738616943
1654618303.587269 2.5361709594726562 0.7347030639648438 0.0 0.0 0.0 0.04694501683115959 0.9988974928855896
1654618303.6871605 2.611236572265625 0.733062744140625 0.0 0.0 0.0 0.05471066012978554 0.998502254486084
1654618303.7871344 2.683734893798828 0.7423782348632812 0.0 0.0 0.0 0.06028365716338158 0.9981812834739685
1654618303.887179 2.7581100463867188 0.7437362670898438 0.0 0.0 0.0 0.06658955663442612 0.997780442237854
1654618303.9873033 2.834888458251953 0.7482681274414062 0.0 0.0 0.0 0.07163001596927643 0.9974312782287598
1654618304.0873926 2.8952865600585938 0.7509536743164062 0.0 0.0 0.0 0.07663008570671082 0.9970595836639404
1654618304.1875226 2.97296142578125 0.7530937194824219 0.0 0.0 0.0 0.08255753666162491 0.9965863227844238
1654618304.287652 3.038043975830078 0.7636299133300781 0.0 0.0 0.0 0.08697960525751114 0.9962100982666016
1654618304.3876925 3.097759246826172 0.775054931640625 0.0 0.0 0.0 0.09292029589414597 0.9956735372543335
1654618304.4876106 3.1602096557617188 0.7733039855957031 0.0 0.0 0.0 0.10015475004911423 0.9949718713760376
1654618304.5875103 3.2205810546875 0.7820663452148438 0.0 0.0 0.0 0.11465895920991898 0.9934049248695374
1654618304.6873047 3.277149200439453 0.78399658203125 0.0 0.0 0.0 0.12964923679828644 0.9915599226951599
1654618304.7870293 3.3292617797851562 0.798065185546875 0.0 0.0 0.0 0.14537818729877472 0.9893761873245239
1654618304.8867934 3.3707351684570312 0.8079910278320312 0.0 0.0 0.0 0.16522158682346344 0.98625648021698
1654618304.986594 3.4052963256835938 0.8224601745605469 0.0 0.0 0.0 0.18846070766448975 0.9820807576179504
1654618305.0864706 3.4508743286132812 0.8194465637207031 0.0 0.0 0.0 0.21218709647655487 0.9772290587425232
1654618305.1864243 3.4946517944335938 0.8255844116210938 0.0 0.0 0.0 0.23504826426506042 0.9719836711883545
1654618305.286427 3.5239639282226562 0.828460693359375 0.0 0.0 0.0 0.2632322311401367 0.9647324681282043
1654618305.386498 3.5480422973632812 0.8318862915039062 0.0 0.0 0.0 0.2924763858318329 0.9562727212905884
1654618305.486667 3.5724105834960938 0.8415031433105469 0.0 0.0 0.0 0.31893497705459595 0.9477766156196594
1654618305.5867937 3.591716766357422 0.8477096557617188 0.0 0.0 0.0 0.35218545794487 0.9359302520751953
1654618305.6868818 3.620677947998047 0.8480949401855469 0.0 0.0 0.0 0.3850887715816498 0.9228795170783997
1654618305.7869983 3.6520156860351562 0.857086181640625 0.0 0.0 0.0 0.41428807377815247 0.9101458191871643
1654618305.8870525 3.676227569580078 0.8589096069335938 0.0 0.0 0.0 0.44650429487228394 0.8947814702987671
1654618305.9871542 3.6927108764648438 0.8710823059082031 0.0 0.0 0.0 0.4774981141090393 0.8786327838897705
1654618306.0873203 3.698192596435547 0.8798103332519531 0.0 0.0 0.0 0.5080053210258484 0.8613539338111877
1654618306.187526 3.716686248779297 0.8995132446289062 0.0 0.0 0.0 0.5334269404411316 0.8458461165428162
1654618306.2877338 3.7378921508789062 0.9098320007324219 0.0 0.0 0.0 0.5571335554122925 0.8304229378700256
1654618306.387938 3.7558059692382812 0.9255294799804688 0.0 0.0 0.0 0.5810590982437134 0.8138613700866699
1654618306.4880402 3.779712677001953 0.9386062622070312 0.0 0.0 0.0 0.6024875640869141 0.7981282472610474
1654618306.5881574 3.78729248046875 0.9580078125 0.0 0.0 0.0 0.6232340335845947 0.7820353507995605
1654618306.6882277 3.7970046997070312 0.9817428588867188 0.0 0.0 0.0 0.6392977833747864 0.7689592838287354
1654618306.788371 3.805736541748047 1.0048942565917969 0.0 0.0 0.0 0.6534806489944458 0.7569432258605957
1654618306.8885424 3.81463623046875 1.0443229675292969 0.0 0.0 0.0 0.6624327898025513 0.749121367931366
1654618306.9885967 3.82916259765625 1.0857162475585938 0.0 0.0 0.0 0.672853946685791 0.7397753596305847
1654618307.088601 3.840686798095703 1.135772705078125 0.0 0.0 0.0 0.6792237162590027 0.733931303024292
1654618307.1885712 3.8506393432617188 1.186279296875 0.0 0.0 0.0 0.6867164969444275 0.7269253730773926
1654618307.2885008 3.853076934814453 1.2431640625 0.0 0.0 0.0 0.6902845501899719 0.7235379815101624
1654618307.388427 3.860881805419922 1.298828125 0.0 0.0 0.0 0.6925277709960938 0.7213912606239319
1654618307.4883766 3.8689041137695312 1.366851806640625 0.0 0.0 0.0 0.6935640573501587 0.7203949689865112
1654618307.5883083 3.875232696533203 1.4327812194824219 0.0 0.0 0.0 0.6921046376228333 0.7217972278594971
1654618307.6882246 3.881999969482422 1.5080680847167969 0.0 0.0 0.0 0.6907433271408081 0.7231000065803528
1654618307.7880852 3.884288787841797 1.5769119262695312 0.0 0.0 0.0 0.6885906457901001 0.7251502871513367
1654618307.8879328 3.8888015747070312 1.6518478393554688 0.0 0.0 0.0 0.691404402256012 0.7224679589271545
1654618307.9877615 3.8995285034179688 1.714141845703125 0.0 0.0 0.0 0.6907392740249634 0.7231038808822632
1654618308.0875506 3.905902862548828 1.7820968627929688 0.0 0.0 0.0 0.6916415691375732 0.7222409248352051
1654618308.1873853 3.913330078125 1.8436393737792969 0.0 0.0 0.0 0.6952045559883118 0.7188119292259216
1654618308.2871957 3.920074462890625 1.900909423828125 0.0 0.0 0.0 0.6986337304115295 0.7154794931411743
1654618308.3870516 3.9250411987304688 1.9576950073242188 0.0 0.0 0.0 0.706384003162384 0.7078288197517395
1654618308.4869258 3.93353271484375 2.018310546875 0.0 0.0 0.0 0.7146285176277161 0.6995041370391846
1654618308.5868309 3.9468460083007812 2.070262908935547 0.0 0.0 0.0 0.7245025038719177 0.6892721652984619
1654618308.6867151 3.9521408081054688 2.12371826171875 0.0 0.0 0.0 0.7355656027793884 0.6774535179138184
1654618308.7866287 3.959075927734375 2.177989959716797 0.0 0.0 0.0 0.7497209906578064 0.6617540717124939
1654618308.8866262 3.9621810913085938 2.219696044921875 0.0 0.0 0.0 0.7636587023735046 0.6456201076507568
1654618308.9867241 3.966278076171875 2.263195037841797 0.0 0.0 0.0 0.7768476605415344 0.629688560962677
1654618309.0868459 3.963245391845703 2.315662384033203 0.0 0.0 0.0 0.7917494177818298 0.6108459830284119
1654618309.186937 3.960643768310547 2.358501434326172 0.0 0.0 0.0 0.806140124797821 0.5917246341705322
1654618309.2869937 3.951496124267578 2.403125762939453 0.0 0.0 0.0 0.8222077488899231 0.5691875219345093
1654618309.387078 3.9468154907226562 2.433673858642578 0.0 0.0 0.0 0.8357185125350952 0.5491580367088318
1654618309.4871964 3.950054168701172 2.46795654296875 0.0 0.0 0.0 0.8497525453567505 0.5271818041801453
1654618309.587292 3.932159423828125 2.4990921020507812 0.0 0.0 0.0 0.8642734885215759 0.5030221939086914
1654618309.6873379 3.926239013671875 2.524456024169922 0.0 0.0 0.0 0.8787543177604675 0.47727441787719727
1654618309.7873614 3.928730010986328 2.56182861328125 0.0 0.0 0.0 0.8913386464118958 0.4533381164073944
1654618309.8872957 3.9289932250976562 2.58465576171875 0.0 0.0 0.0 0.9065158367156982 0.42217177152633667
1654618309.98724 3.9128799438476562 2.6080398559570312 0.0 0.0 0.0 0.9188040494918823 0.39471399784088135
1654618310.0872223 3.9064407348632812 2.640239715576172 0.0 0.0 0.0 0.9318205118179321 0.362919420003891
1654618310.1872075 3.877857208251953 2.6482925415039062 0.0 0.0 0.0 0.9406114816665649 0.33948490023612976
1654618310.2872317 3.85919189453125 2.666168212890625 0.0 0.0 0.0 0.9491932988166809 0.3146936297416687
1654618310.387289 3.852081298828125 2.690082550048828 0.0 0.0 0.0 0.9584919214248657 0.2851197421550751
1654618310.4874349 3.8275527954101562 2.722179412841797 0.0 0.0 0.0 0.9649766683578491 0.26233577728271484
1654618310.5876307 3.817066192626953 2.7498779296875 0.0 0.0 0.0 0.9722186326980591 0.234074667096138
1654618310.6878235 3.7764816284179688 2.769378662109375 0.0 0.0 0.0 0.9771131277084351 0.2127203345298767
1654618310.7880182 3.760700225830078 2.7943038940429688 0.0 0.0 0.0 0.9810965061187744 0.19351907074451447
1654618310.8882914 3.75653076171875 2.818439483642578 0.0 0.0 0.0 0.9849851131439209 0.17263920605182648
1654618310.988525 3.677978515625 2.83477783203125 0.0 0.0 0.0 0.9869424700737 0.16107329726219177
1654618311.088723 3.631572723388672 2.856945037841797 0.0 0.0 0.0 0.9889127016067505 0.14849822223186493
1654618311.1888244 3.5804367065429688 2.8761978149414062 0.0 0.0 0.0 0.9909434914588928 0.13427945971488953
1654618311.2889109 3.5305404663085938 2.893310546875 0.0 0.0 0.0 0.9928619861602783 0.11926869302988052
1654618311.3889756 3.518280029296875 2.911876678466797 0.0 0.0 0.0 0.9942187666893005 0.10737346112728119
1654618311.4889975 3.455524444580078 2.93023681640625 0.0 0.0 0.0 0.9957083463668823 0.09254695475101471
1654618311.5889878 3.379131317138672 2.9467544555664062 0.0 0.0 0.0 0.9969056844711304 0.07860680669546127
1654618311.6889205 3.337047576904297 2.961902618408203 0.0 0.0 0.0 0.9980818629264832 0.0619080476462841
1654618311.7888606 3.2576675415039062 2.98614501953125 0.0 0.0 0.0 0.998407781124115 0.05640820786356926
1654618311.888827 3.1910934448242188 2.994579315185547 0.0 0.0 0.0 0.9988819360733032 0.047273967415094376
1654618311.9887493 3.106670379638672 3.007720947265625 0.0 0.0 0.0 0.9993078708648682 0.03719969093799591
1654618312.0886722 3.034801483154297 3.0127639770507812 0.0 0.0 0.0 0.9994980096817017 0.031682033091783524
1654618312.1885424 2.970458984375 3.0294570922851562 0.0 0.0 0.0 0.9997265934944153 0.023381561040878296
1654618312.288435 2.915935516357422 3.0244064331054688 0.0 0.0 0.0 0.9999536871910095 0.009623097255825996
1654618312.3883107 2.840526580810547 3.0271835327148438 0.0 0.0 0.0 0.9999854564666748 0.005395581014454365
1654618312.4881227 2.7761764526367188 3.040821075439453 0.0 0.0 0.0 -0.9999961256980896 0.002775025786831975
1654618312.5879736 2.685150146484375 3.053241729736328 0.0 0.0 0.0 -0.9999999403953552 0.00026090542087331414
1654618312.687854 2.59893798828125 3.062774658203125 0.0 0.0 0.0 -0.9999433159828186 0.010645025409758091
1654618312.7877421 2.53350830078125 3.0548629760742188 0.0 0.0 0.0 -0.9997354745864868 0.022998884320259094
1654618312.8876398 2.4712295532226562 3.0436782836914062 0.0 0.0 0.0 -0.9995450377464294 0.03016236424446106
1654618312.9875512 2.391876220703125 3.053508758544922 0.0 0.0 0.0 -0.9993027448654175 0.037335969507694244
1654618313.0875392 2.308727264404297 3.0479660034179688 0.0 0.0 0.0 -0.9991990923881531 0.040014028549194336
1654618313.1876218 2.224212646484375 3.0527725219726562 0.0 0.0 0.0 -0.9990437626838684 0.043721042573451996
1654618313.2878444 2.151111602783203 3.042194366455078 0.0 0.0 0.0 -0.9989998936653137 0.04471225291490555
1654618313.3881266 2.050220489501953 3.043743133544922 0.0 0.0 0.0 -0.9992494583129883 0.038736023008823395
1654618313.4884455 1.9416580200195312 3.0347976684570312 0.0 0.0 0.0 -0.999359130859375 0.03579610213637352
1654618313.588765 1.8704147338867188 3.028125762939453 0.0 0.0 0.0 -0.999612033367157 0.027852702885866165
1654618313.6889703 1.7939987182617188 3.0194931030273438 0.0 0.0 0.0 -0.999722957611084 0.023538636043667793
1654618313.7890213 1.6865310668945312 3.022258758544922 0.0 0.0 0.0 -0.9998322129249573 0.01831687055528164
1654618313.8889363 1.6129684448242188 3.0122756958007812 0.0 0.0 0.0 -0.9999468922615051 0.010303867049515247
1654618313.988699 1.5256576538085938 3.018787384033203 0.0 0.0 0.0 -0.9999565482139587 0.009321749210357666
1654618314.0884116 1.4479751586914062 3.017017364501953 0.0 0.0 0.0 -0.9999884963035583 0.0047958469949662685
1654618314.188072 1.3441886901855469 3.0167465209960938 0.0 0.0 0.0 -0.9999997019767761 0.0007854262366890907
1654618314.287704 1.2525825500488281 3.019977569580078 0.0 0.0 0.0 -0.9999954700469971 0.003013324225321412
1654618314.3873706 1.1912918090820312 3.0260009765625 0.0 0.0 0.0 -0.9999969005584717 0.0024954809341579676
1654618314.4870903 1.1085433959960938 3.032421112060547 0.0 0.0 0.0 -0.9999749660491943 0.007075683679431677
1654618314.5869048 1.0165481567382812 3.0291061401367188 0.0 0.0 0.0 -0.9999381899833679 0.011117185465991497
1654618314.6868103 0.94287109375 3.030029296875 0.0 0.0 0.0 -0.9999098777770996 0.013426333665847778
1654618314.786858 0.8574905395507812 3.043903350830078 0.0 0.0 0.0 -0.9998496770858765 0.01733962818980217
1654618314.8868845 0.7928962707519531 3.043529510498047 0.0 0.0 0.0 -0.9998015761375427 0.01991886831820011
1654618314.9869413 0.7105216979980469 3.048309326171875 0.0 0.0 0.0 -0.9996314644813538 0.02714749053120613
1654618315.0870414 0.6413688659667969 3.048725128173828 0.0 0.0 0.0 -0.9993983507156372 0.03468266502022743
1654618315.1870906 0.5879325866699219 3.053497314453125 0.0 0.0 0.0 -0.9990708231925964 0.04309888184070587
1654618315.2871268 0.5152969360351562 3.056072235107422 0.0 0.0 0.0 -0.9983659386634827 0.05714373290538788
1654618315.3871396 0.4627685546875 3.056549072265625 0.0 0.0 0.0 -0.9972983002662659 0.07345809042453766
1654618315.4871185 0.40305328369140625 3.056255340576172 0.0 0.0 0.0 -0.9961234927177429 0.08796603977680206
1654618315.5870383 0.351043701171875 3.0641403198242188 0.0 0.0 0.0 -0.993715226650238 0.11193747073411942
1654618315.687062 0.30460357666015625 3.055805206298828 0.0 0.0 0.0 -0.991752028465271 0.12817130982875824
1654618315.7870018 0.2614250183105469 3.0568771362304688 0.0 0.0 0.0 -0.9877033233642578 0.1563398241996765
1654618315.8870003 0.222625732421875 3.0561447143554688 0.0 0.0 0.0 -0.9828819036483765 0.1842367798089981
1654618315.987064 0.18891525268554688 3.052337646484375 0.0 0.0 0.0 -0.9783539772033691 0.20693837106227875
1654618316.0871062 0.1490478515625 3.061870574951172 0.0 0.0 0.0 -0.969983696937561 0.2431698739528656
1654618316.187202 0.12619781494140625 3.056995391845703 0.0 0.0 0.0 -0.9620528221130371 0.27286338806152344
1654618316.2872617 0.093414306640625 3.0494308471679688 0.0 0.0 0.0 -0.9521558284759521 0.3056129515171051
1654618316.3874116 0.07534027099609375 3.049175262451172 0.0 0.0 0.0 -0.9407120943069458 0.33920612931251526
1654618316.4875162 0.05533599853515625 3.06390380859375 0.0 0.0 0.0 -0.9279885292053223 0.3726087212562561
1654618316.587662 0.038036346435546875 3.0419540405273438 0.0 0.0 0.0 -0.9163886308670044 0.40028974413871765
1654618316.687739 0.02349853515625 3.0445327758789062 0.0 0.0 0.0 -0.9015271663665771 0.4327224791049957
1654618316.7877872 0.010906219482421875 3.043743133544922 0.0 0.0 0.0 -0.8848876953125 0.46580445766448975
1654618316.8879457 -0.00376129150390625 3.0413284301757812 0.0 0.0 0.0 -0.8701349496841431 0.4928135275840759
1654618316.988136 -0.01827239990234375 3.047962188720703 0.0 0.0 0.0 -0.8539479970932007 0.5203583240509033
1654618317.088226 -0.03311920166015625 3.0469436645507812 0.0 0.0 0.0 -0.8358944654464722 0.548890233039856
1654618317.1882863 -0.040409088134765625 3.038555145263672 0.0 0.0 0.0 -0.8207417726516724 0.5712993741035461
1654618317.2883441 -0.0594940185546875 3.030101776123047 0.0 0.0 0.0 -0.8051757216453552 0.5930363535881042
1654618317.388324 -0.062114715576171875 3.019073486328125 0.0 0.0 0.0 -0.7928770184516907 0.6093816757202148
1654618317.4883351 -0.08745574951171875 3.007122039794922 0.0 0.0 0.0 -0.7774781584739685 0.6289099454879761
1654618317.5883453 -0.08751678466796875 2.9869384765625 0.0 0.0 0.0 -0.7670370936393738 0.6416028141975403
1654618317.6883543 -0.09024429321289062 2.9546127319335938 0.0 0.0 0.0 -0.7574872374534607 0.6528499722480774
1654618317.788344 -0.0897216796875 2.920806884765625 0.0 0.0 0.0 -0.7495808005332947 0.6619128584861755
1654618317.8883767 -0.103790283203125 2.888660430908203 0.0 0.0 0.0 -0.7415817379951477 0.6708624958992004
1654618317.9884286 -0.11923980712890625 2.8551025390625 0.0 0.0 0.0 -0.7351627349853516 0.6778906583786011
1654618318.0884118 -0.13195037841796875 2.8068313598632812 0.0 0.0 0.0 -0.7280316352844238 0.6855435371398926
1654618318.1883428 -0.13412857055664062 2.7435836791992188 0.0 0.0 0.0 -0.722517192363739 0.6913529634475708
1654618318.288261 -0.14825439453125 2.6903762817382812 0.0 0.0 0.0 -0.7148998379707336 0.6992268562316895
1654618318.3881981 -0.13890838623046875 2.633319854736328 0.0 0.0 0.0 -0.7105701565742493 0.7036263942718506
1654618318.4881444 -0.16291046142578125 2.571807861328125 0.0 0.0 0.0 -0.7012552618980408 0.7129102349281311
1654618318.5881188 -0.16094589233398438 2.5088424682617188 0.0 0.0 0.0 -0.6974025964736938 0.716679573059082
1654618318.688211 -0.16454315185546875 2.4421463012695312 0.0 0.0 0.0 -0.6954858303070068 0.7185397744178772
1654618318.7883763 -0.160919189453125 2.362445831298828 0.0 0.0 0.0 -0.6960923671722412 0.7179521918296814
1654618318.8885431 -0.17446517944335938 2.286670684814453 0.0 0.0 0.0 -0.6943542957305908 0.7196332812309265
1654618318.9886465 -0.17380523681640625 2.199024200439453 0.0 0.0 0.0 -0.6955413222312927 0.7184860706329346
1654618319.088656 -0.17273712158203125 2.1198043823242188 0.0 0.0 0.0 -0.6975151896476746 0.7165700197219849
1654618319.1885653 -0.176605224609375 2.043895721435547 0.0 0.0 0.0 -0.6987038254737854 0.7154110670089722
1654618319.2884047 -0.185760498046875 1.9768142700195312 0.0 0.0 0.0 -0.6974053382873535 0.7166769504547119
1654618319.388202 -0.17924880981445312 1.9080619812011719 0.0 0.0 0.0 -0.6975964903831482 0.7164908647537231
1654618319.4879808 -0.17704010009765625 1.8411026000976562 0.0 0.0 0.0 -0.696084201335907 0.7179601788520813
1654618319.5878055 -0.17013931274414062 1.7696151733398438 0.0 0.0 0.0 -0.6944488286972046 0.7195420861244202
1654618319.6876552 -0.18260955810546875 1.6931228637695312 0.0 0.0 0.0 -0.6931095719337463 0.7208322882652283
1654618319.7875578 -0.18927764892578125 1.6208381652832031 0.0 0.0 0.0 -0.6895161867141724 0.7242702841758728
1654618319.8875117 -0.19026565551757812 1.5579299926757812 0.0 0.0 0.0 -0.686665952205658 0.7269730567932129
1654618319.987546 -0.18312454223632812 1.4849166870117188 0.0 0.0 0.0 -0.6837750673294067 0.7296928763389587
1654618320.087624 -0.18441390991210938 1.4199638366699219 0.0 0.0 0.0 -0.680396556854248 0.7328441739082336
1654618320.1877255 -0.19022369384765625 1.3591728210449219 0.0 0.0 0.0 -0.6758664846420288 0.7370240688323975
1654618320.287767 -0.19361495971679688 1.3062934875488281 0.0 0.0 0.0 -0.6705191135406494 0.7418922781944275
1654618320.3877451 -0.18824005126953125 1.2503166198730469 0.0 0.0 0.0 -0.6629225611686707 0.7486879825592041
1654618320.4876733 -0.18360137939453125 1.2135124206542969 0.0 0.0 0.0 -0.6531777381896973 0.7572045922279358
1654618320.5875847 -0.18442535400390625 1.1743850708007812 0.0 0.0 0.0 -0.6432090997695923 0.7656906247138977
1654618320.6874995 -0.18482208251953125 1.1456375122070312 0.0 0.0 0.0 -0.6307796239852905 0.7759619951248169
1654618320.7874024 -0.18545150756835938 1.1117439270019531 0.0 0.0 0.0 -0.6176830530166626 0.7864271402359009
1654618320.8873513 -0.18265533447265625 1.0784683227539062 0.0 0.0 0.0 -0.6009398102760315 0.7992942929267883
1654618320.9873345 -0.18685150146484375 1.0438156127929688 0.0 0.0 0.0 -0.58497154712677 0.8110538125038147
1654618321.0873628 -0.17909622192382812 1.0146408081054688 0.0 0.0 0.0 -0.5658420920372009 0.8245136141777039
1654618321.1874726 -0.17432022094726562 0.9824943542480469 0.0 0.0 0.0 -0.5513355731964111 0.8342835307121277
1654618321.2875807 -0.16373443603515625 0.9554328918457031 0.0 0.0 0.0 -0.533560574054718 0.8457618951797485
1654618321.387714 -0.1422271728515625 0.9245414733886719 0.0 0.0 0.0 -0.5191728472709656 0.8546692728996277
1654618321.4878206 -0.15055084228515625 0.9015274047851562 0.0 0.0 0.0 -0.4965570569038391 0.8680040836334229
1654618321.5879 -0.14853286743164062 0.8715400695800781 0.0 0.0 0.0 -0.4781687259674072 0.8782680034637451
1654618321.6878846 -0.12444305419921875 0.8455314636230469 0.0 0.0 0.0 -0.4595707058906555 0.8881411552429199
1654618321.7878695 -0.13687896728515625 0.8279609680175781 0.0 0.0 0.0 -0.4371025264263153 0.899411678314209
1654618321.8878393 -0.1349029541015625 0.8090896606445312 0.0 0.0 0.0 -0.4131554365158081 0.9106605052947998
1654618321.987832 -0.12313079833984375 0.7906875610351562 0.0 0.0 0.0 -0.39283084869384766 0.9196107387542725
1654618322.0878313 -0.14183807373046875 0.789764404296875 0.0 0.0 0.0 -0.3616863787174225 0.9322998523712158
1654618322.1877635 -0.1237335205078125 0.7790031433105469 0.0 0.0 0.0 -0.3331117630004883 0.9428873658180237
1654618322.2876287 -0.11688995361328125 0.7577590942382812 0.0 0.0 0.0 -0.3066542446613312 0.951820969581604
1654618322.387508 -0.114501953125 0.7516555786132812 0.0 0.0 0.0 -0.27264633774757385 0.9621143341064453
1654618322.487521 -0.10443115234375 0.7408523559570312 0.0 0.0 0.0 -0.24329760670661926 0.9699516892433167
1654618322.587643 -0.14551925659179688 0.7313613891601562 0.0 0.0 0.0 -0.2032630741596222 0.9791241884231567
1654618322.6879208 -0.13838958740234375 0.72100830078125 0.0 0.0 0.0 -0.17820967733860016 0.9839925169944763
1654618322.7882378 -0.13742446899414062 0.708038330078125 0.0 0.0 0.0 -0.1560216248035431 0.9877536296844482
1654618322.8884912 -0.1398162841796875 0.6952934265136719 0.0 0.0 0.0 -0.1344345211982727 0.9909224510192871
1654618322.988551 -0.12862396240234375 0.6797409057617188 0.0 0.0 0.0 -0.10887399315834045 0.9940555691719055
1654618323.0884726 -0.12304306030273438 0.6725883483886719 0.0 0.0 0.0 -0.08520407974720001 0.9963635206222534
1654618323.1883833 -0.0978851318359375 0.66033935546875 0.0 0.0 0.0 -0.059505488723516464 0.9982279539108276
1654618323.2883081 -0.08103561401367188 0.6479415893554688 0.0 0.0 0.0 -0.0376041978597641 0.9992927312850952
1654618323.3882225 -0.06823348999023438 0.6312179565429688 0.0 0.0 0.0 -0.0194321870803833 0.9998111724853516
1654618323.4882007 -0.033634185791015625 0.6259651184082031 0.0 0.0 0.0 -0.004545108415186405 0.9999896883964539
1654618323.5882149 -0.002155303955078125 0.631256103515625 0.0 0.0 0.0 0.011315570212900639 0.9999359846115112
1654618323.688323 0.04494476318359375 0.6340141296386719 0.0 0.0 0.0 0.021476853638887405 0.9997693300247192
1654618323.7884266 0.09189605712890625 0.6332817077636719 0.0 0.0 0.0 0.031191688030958176 0.9995134472846985
1654618323.88864 0.145233154296875 0.6306648254394531 0.0 0.0 0.0 0.03370145335793495 0.9994319677352905
1654618323.9887488 0.19846725463867188 0.6289558410644531 0.0 0.0 0.0 0.03561331704258919 0.9993656277656555
1654618324.0888095 0.270599365234375 0.6258926391601562 0.0 0.0 0.0 0.0350896455347538 0.9993841648101807
1654618324.1888216 0.3458976745605469 0.6242904663085938 0.0 0.0 0.0 0.03163079172372818 0.9994996190071106
1654618324.2886784 0.43004608154296875 0.6318359375 0.0 0.0 0.0 0.03181832656264305 0.9994936585426331
1654618324.388507 0.4981689453125 0.6303825378417969 0.0 0.0 0.0 0.028779087588191032 0.9995858073234558
1654618324.4883027 0.5770492553710938 0.6278076171875 0.0 0.0 0.0 0.027243025600910187 0.9996288418769836
1654618324.5880814 0.6645011901855469 0.63079833984375 0.0 0.0 0.0 0.028634322807192802 0.9995899796485901
1654618324.6878545 0.739837646484375 0.6384162902832031 0.0 0.0 0.0 0.02857869118452072 0.9995915293693542
1654618324.7876742 0.8165817260742188 0.6362533569335938 0.0 0.0 0.0 0.03043556772172451 0.9995367527008057
1654618324.8875265 0.9048042297363281 0.6277961730957031 0.0 0.0 0.0 0.03297308832406998 0.9994562268257141
1654618324.9874704 0.9836349487304688 0.6359176635742188 0.0 0.0 0.0 0.03501308709383011 0.9993868470191956
1654618325.0873992 1.0593338012695312 0.6399765014648438 0.0 0.0 0.0 0.03849075734615326 0.9992589354515076
1654618325.187394 1.1421089172363281 0.6442375183105469 0.0 0.0 0.0 0.042948439717292786 0.9990772604942322
1654618325.287459 1.2109184265136719 0.6429328918457031 0.0 0.0 0.0 0.047209061682224274 0.9988850355148315
1654618325.3875592 1.3108749389648438 0.6505851745605469 0.0 0.0 0.0 0.05057571455836296 0.9987202286720276
1654618325.4876688 1.3814620971679688 0.6469802856445312 0.0 0.0 0.0 0.054348621517419815 0.9985220432281494
1654618325.587824 1.4749641418457031 0.6638259887695312 0.0 0.0 0.0 0.05699128285050392 0.9983747005462646
1654618325.6879869 1.5686149597167969 0.6634597778320312 0.0 0.0 0.0 0.05519289895892143 0.9984757304191589
1654618325.7881103 1.6494865417480469 0.6712265014648438 0.0 0.0 0.0 0.055170703679323196 0.9984769225120544
1654618325.8882003 1.74365234375 0.6799392700195312 0.0 0.0 0.0 0.05425955355167389 0.9985268712043762
1654618325.9882185 1.82720947265625 0.6790275573730469 0.0 0.0 0.0 0.051901206374168396 0.9986522197723389
1654618326.088222 1.9127616882324219 0.6929817199707031 0.0 0.0 0.0 0.05123962089419365 0.9986863732337952
1654618326.188158 2.003040313720703 0.6928482055664062 0.0 0.0 0.0 0.04810319095849991 0.9988423585891724
1654618326.28806 2.1065292358398438 0.7044677734375 0.0 0.0 0.0 0.04988778010010719 0.9987548589706421
1654618326.3879383 2.188678741455078 0.699188232421875 0.0 0.0 0.0 0.046615369617938995 0.9989129304885864
1654618326.4878135 2.265716552734375 0.7137336730957031 0.0 0.0 0.0 0.04236922040581703 0.999101996421814
1654618326.587678 2.356243133544922 0.7005996704101562 0.0 0.0 0.0 0.04417639598250389 0.9990237355232239
1654618326.6875374 2.4472732543945312 0.714569091796875 0.0 0.0 0.0 0.04344464838504791 0.9990558624267578
1654618326.7873776 2.524738311767578 0.7150764465332031 0.0 0.0 0.0 0.048364244401454926 0.9988297820091248
1654618326.8873127 2.611316680908203 0.707611083984375 0.0 0.0 0.0 0.05413391813635826 0.9985336661338806
1654618326.987281 2.70745849609375 0.7192153930664062 0.0 0.0 0.0 0.05454565957188606 0.9985112547874451
1654618327.0873387 2.788585662841797 0.72210693359375 0.0 0.0 0.0 0.06115083396434784 0.9981285333633423
1654618327.1873662 2.866485595703125 0.7291488647460938 0.0 0.0 0.0 0.06462687253952026 0.9979094862937927
1654618327.2873836 2.93939208984375 0.726593017578125 0.0 0.0 0.0 0.06861911714076996 0.9976429343223572
1654618327.387378 3.015514373779297 0.7330093383789062 0.0 0.0 0.0 0.07532386481761932 0.9971591234207153
1654618327.4873414 3.096832275390625 0.7392387390136719 0.0 0.0 0.0 0.08367898315191269 0.9964927434921265
1654618327.587325 3.1740951538085938 0.7385940551757812 0.0 0.0 0.0 0.09461682289838791 0.9955137372016907
1654618327.6873293 3.240558624267578 0.7485847473144531 0.0 0.0 0.0 0.10803593695163727 0.994147002696991
1654618327.7872646 3.3044967651367188 0.766082763671875 0.0 0.0 0.0 0.12508803606033325 0.9921456575393677
1654618327.887156 3.359180450439453 0.7656135559082031 0.0 0.0 0.0 0.1463468372821808 0.9892333149909973
1654618327.9870546 3.4207763671875 0.7703628540039062 0.0 0.0 0.0 0.17069941759109497 0.9853231310844421
1654618328.086936 3.46099853515625 0.7797355651855469 0.0 0.0 0.0 0.19666151702404022 0.9804714322090149
1654618328.1868885 3.5063858032226562 0.7787971496582031 0.0 0.0 0.0 0.2245415896177292 0.9744645357131958
1654618328.2869852 3.5337905883789062 0.7765426635742188 0.0 0.0 0.0 0.2524321377277374 0.9676145911216736
1654618328.3870864 3.571094512939453 0.7881050109863281 0.0 0.0 0.0 0.28236865997314453 0.9593059420585632
1654618328.4872487 3.5937728881835938 0.8098220825195312 0.0 0.0 0.0 0.3106992840766907 0.9505082368850708
1654618328.5873876 3.620075225830078 0.8051681518554688 0.0 0.0 0.0 0.3444332182407379 0.9388108253479004
1654618328.6876156 3.649059295654297 0.8135757446289062 0.0 0.0 0.0 0.37410587072372437 0.9273859858512878
1654618328.7879033 3.6810836791992188 0.8260917663574219 0.0 0.0 0.0 0.40049076080322266 0.9163007736206055
1654618328.8881748 3.7016220092773438 0.8467521667480469 0.0 0.0 0.0 0.42551884055137634 0.9049495458602905
1654618328.9884262 3.7226638793945312 0.8609695434570312 0.0 0.0 0.0 0.4458189308643341 0.8951231837272644
1654618329.0886407 3.751605987548828 0.8816146850585938 0.0 0.0 0.0 0.4650370180606842 0.8852912187576294
1654618329.1887677 3.789806365966797 0.9081840515136719 0.0 0.0 0.0 0.4833589196205139 0.8754222989082336
1654618329.2887352 3.8208999633789062 0.9412422180175781 0.0 0.0 0.0 0.500206708908081 0.8659060597419739
1654618329.3885558 3.844982147216797 0.9885482788085938 0.0 0.0 0.0 0.5184327363967896 0.8551183938980103
1654618329.488288 3.874053955078125 1.0307388305664062 0.0 0.0 0.0 0.5315214991569519 0.847044825553894
1654618329.5880485 3.903392791748047 1.0783004760742188 0.0 0.0 0.0 0.5471358299255371 0.837043821811676
1654618329.6877677 3.92694091796875 1.1339225769042969 0.0 0.0 0.0 0.5627633333206177 0.8266180753707886
1654618329.7874706 3.9516525268554688 1.1787643432617188 0.0 0.0 0.0 0.5793098211288452 0.8151074051856995
1654618329.887247 3.990245819091797 1.2355766296386719 0.0 0.0 0.0 0.5943037271499634 0.8042407035827637
1654618329.9870872 4.018058776855469 1.2901191711425781 0.0 0.0 0.0 0.6108391284942627 0.7917547225952148
1654618330.086905 4.046581268310547 1.3503227233886719 0.0 0.0 0.0 0.6278467774391174 0.7783370018005371
1654618330.1867993 4.068305969238281 1.4242477416992188 0.0 0.0 0.0 0.6472063064575195 0.7623149156570435
1654618330.2867596 4.083423614501953 1.4774398803710938 0.0 0.0 0.0 0.6666744947433472 0.7453489899635315
1654618330.3868868 4.110992431640625 1.5519027709960938 0.0 0.0 0.0 0.6820064783096313 0.7313461303710938
1654618330.4870906 4.123405456542969 1.6124191284179688 0.0 0.0 0.0 0.6974419355392456 0.7166413068771362
1654618330.5873566 4.136100769042969 1.6804924011230469 0.0 0.0 0.0 0.7093515992164612 0.7048548460006714
1654618330.6876397 4.1397705078125 1.7629508972167969 0.0 0.0 0.0 0.7223866581916809 0.6914893388748169
1654618330.7879596 4.146442413330078 1.8527145385742188 0.0 0.0 0.0 0.7311459183692932 0.6822210550308228
1654618330.888237 4.143413543701172 1.9402961730957031 0.0 0.0 0.0 0.7392745018005371 0.6734041571617126
1654618330.988434 4.150611877441406 2.012523651123047 0.0 0.0 0.0 0.7453534007072449 0.6666696071624756
1654618331.0885413 4.143756866455078 2.0919418334960938 0.0 0.0 0.0 0.750694751739502 0.6606491804122925
1654618331.1885107 4.141529083251953 2.1796798706054688 0.0 0.0 0.0 0.7557991147041321 0.6548035740852356
1654618331.288337 4.138671875 2.259296417236328 0.0 0.0 0.0 0.7638121247291565 0.6454386115074158
1654618331.3880029 4.139690399169922 2.3378067016601562 0.0 0.0 0.0 0.7731935381889343 0.6341701745986938
1654618331.4875581 4.123420715332031 2.4120559692382812 0.0 0.0 0.0 0.7842986583709717 0.6203834414482117
1654618331.5870392 4.109630584716797 2.47308349609375 0.0 0.0 0.0 0.797619640827179 0.6031607389450073
1654618331.6865683 4.095558166503906 2.5256729125976562 0.0 0.0 0.0 0.8099247813224792 0.5865337252616882
1654618331.7862356 4.094322204589844 2.582286834716797 0.0 0.0 0.0 0.8270614147186279 0.5621116161346436
1654618331.8860278 4.096813201904297 2.6137008666992188 0.0 0.0 0.0 0.841492772102356 0.5402684211730957
1654618331.9859219 4.093006134033203 2.650188446044922 0.0 0.0 0.0 0.8564330339431763 0.5162581205368042
1654618332.0860121 4.093772888183594 2.6661376953125 0.0 0.0 0.0 0.870111346244812 0.4928552508354187
1654618332.186216 4.0897216796875 2.6863174438476562 0.0 0.0 0.0 0.8860626220703125 0.4635656177997589
1654618332.2864082 4.09942626953125 2.702056884765625 0.0 0.0 0.0 0.8995473384857178 0.4368233382701874
1654618332.386571 4.102313995361328 2.71710205078125 0.0 0.0 0.0 0.915631115436554 0.40201953053474426
1654618332.4867496 4.113819122314453 2.7167282104492188 0.0 0.0 0.0 0.9319784641265869 0.36251360177993774
1654618332.586919 4.106983184814453 2.722118377685547 0.0 0.0 0.0 0.9449784755706787 0.32713252305984497
1654618332.687093 4.11822509765625 2.72052001953125 0.0 0.0 0.0 0.955319344997406 0.2955755889415741
1654618332.787348 4.134307861328125 2.718280792236328 0.0 0.0 0.0 0.9657244682312012 0.25956928730010986
1654618332.8876643 4.134208679199219 2.736957550048828 0.0 0.0 0.0 0.9740157723426819 0.22648027539253235
1654618332.9879673 4.127540588378906 2.738292694091797 0.0 0.0 0.0 0.9797546863555908 0.20020170509815216
1654618333.0882812 4.136768341064453 2.744140625 0.0 0.0 0.0 0.9828721284866333 0.18428881466388702
1654618333.1884978 4.137462615966797 2.7598037719726562 0.0 0.0 0.0 0.9874317646026611 0.1580459177494049
1654618333.2886426 4.131122589111328 2.769153594970703 0.0 0.0 0.0 0.9900104403495789 0.14099401235580444
1654618333.3887284 4.142051696777344 2.7824935913085938 0.0 0.0 0.0 0.9936106204986572 0.1128627136349678
1654618333.4887848 4.190071105957031 2.784717559814453 0.0 0.0 0.0 0.9961128234863281 0.0880865678191185
1654618333.588728 4.210357666015625 2.784496307373047 0.0 0.0 0.0 0.9975650906562805 0.06974200159311295
1654618333.6884487 4.21514892578125 2.799633026123047 0.0 0.0 0.0 0.9980934858322144 0.061720650643110275
1654618333.7881238 4.142597198486328 2.809986114501953 0.0 0.0 0.0 0.9991623163223267 0.04092320799827576
1654618333.8878312 4.105804443359375 2.823028564453125 0.0 0.0 0.0 0.9993327260017395 0.0365251861512661
1654618333.9876297 4.032459259033203 2.82952880859375 0.0 0.0 0.0 0.9997419118881226 0.022718219086527824
1654618334.0874898 3.9677200317382812 2.843914031982422 0.0 0.0 0.0 0.9997789859771729 0.021024541929364204
1654618334.187555 3.850841522216797 2.853565216064453 0.0 0.0 0.0 0.9996892809867859 0.02492665871977806
1654618334.2877126 3.745746612548828 2.853778839111328 0.0 0.0 0.0 0.999578058719635 0.029047412797808647
1654618334.3878493 3.6424942016601562 2.8646774291992188 0.0 0.0 0.0 0.999485969543457 0.03205961361527443
1654618334.487861 3.5485000610351562 2.8641128540039062 0.0 0.0 0.0 0.9993066787719727 0.03723185509443283
1654618334.5878453 3.482452392578125 2.871868133544922 0.0 0.0 0.0 0.9991798400878906 0.04049322009086609
1654618334.6876626 3.387378692626953 2.879833221435547 0.0 0.0 0.0 0.9990877509117126 0.04270501807332039
1654618334.7874541 3.2727890014648438 2.9147415161132812 0.0 0.0 0.0 0.9986464977264404 0.05201145261526108
1654618334.8871636 3.2058486938476562 2.899799346923828 0.0 0.0 0.0 0.9991151094436646 0.04205912724137306
1654618334.9868662 3.103191375732422 2.9200057983398438 0.0 0.0 0.0 0.9993816018104553 0.0351625457406044
1654618335.0865753 3.009479522705078 2.930694580078125 0.0 0.0 0.0 0.999528706073761 0.03069748543202877
1654618335.1863687 2.9404296875 2.9436721801757812 0.0 0.0 0.0 0.9997314810752869 0.02317359857261181
1654618335.286287 2.856548309326172 2.9470901489257812 0.0 0.0 0.0 0.9999366998672485 0.011250095441937447
1654618335.3863652 2.72198486328125 2.96514892578125 0.0 0.0 0.0 0.9999464154243469 0.0103538129478693
1654618335.486557 2.678020477294922 2.9669113159179688 0.0 0.0 0.0 -0.9999989867210388 0.0014400039799511433
1654618335.5868237 2.575572967529297 2.9692611694335938 0.0 0.0 0.0 -0.999967098236084 0.008112655952572823
1654618335.687155 2.490459442138672 2.9725570678710938 0.0 0.0 0.0 -0.999907374382019 0.013609899207949638
1654618335.7874794 2.4123764038085938 2.972942352294922 0.0 0.0 0.0 -0.9998788237571716 0.0155667494982481
1654618335.8877676 2.3102035522460938 2.9802780151367188 0.0 0.0 0.0 -0.999821662902832 0.018885161727666855
1654618335.9879367 2.201263427734375 2.980640411376953 0.0 0.0 0.0 -0.9998471140861511 0.017485756427049637
1654618336.088011 2.104900360107422 2.977100372314453 0.0 0.0 0.0 -0.99973464012146 0.023036781698465347
1654618336.1879911 2.013904571533203 2.98126220703125 0.0 0.0 0.0 -0.9996808171272278 0.02526463009417057
1654618336.287889 1.91192626953125 2.9870529174804688 0.0 0.0 0.0 -0.9996299743652344 0.027200637385249138
1654618336.3877466 1.8192939758300781 2.970653533935547 0.0 0.0 0.0 -0.999681293964386 0.025244848802685738
1654618336.487568 1.7305221557617188 2.9754638671875 0.0 0.0 0.0 -0.999557614326477 0.029741981998085976
1654618336.587393 1.6325569152832031 2.9708938598632812 0.0 0.0 0.0 -0.9995043277740479 0.03148162364959717
1654618336.6872058 1.5473098754882812 2.9655380249023438 0.0 0.0 0.0 -0.9993306994438171 0.036580104380846024
1654618336.7870579 1.4449043273925781 2.9697265625 0.0 0.0 0.0 -0.999004602432251 0.044606976211071014
1654618336.8869615 1.3566513061523438 2.959716796875 0.0 0.0 0.0 -0.9987649917602539 0.04968392476439476
1654618336.9869611 1.2539253234863281 2.972766876220703 0.0 0.0 0.0 -0.9983806014060974 0.05688725411891937
1654618337.0869863 1.1569328308105469 2.979564666748047 0.0 0.0 0.0 -0.997895359992981 0.06484457105398178
1654618337.1870122 1.0722236633300781 2.9693832397460938 0.0 0.0 0.0 -0.9975300431251526 0.07024122029542923
1654618337.2870488 0.9935111999511719 2.953777313232422 0.0 0.0 0.0 -0.9970947504043579 0.07617093622684479
1654618337.3870842 0.8957901000976562 2.9556655883789062 0.0 0.0 0.0 -0.9961512088775635 0.08765159547328949
1654618337.4871264 0.8199691772460938 2.935840606689453 0.0 0.0 0.0 -0.9952818155288696 0.09702612459659576
1654618337.5871072 0.7445449829101562 2.928081512451172 0.0 0.0 0.0 -0.9940475225448608 0.10894715040922165
1654618337.6870322 0.66680908203125 2.941242218017578 0.0 0.0 0.0 -0.9915648102760315 0.12961198389530182
1654618337.7869432 0.6132087707519531 2.9301681518554688 0.0 0.0 0.0 -0.9891800880432129 0.14670631289482117
1654618337.8868117 0.54571533203125 2.924701690673828 0.0 0.0 0.0 -0.9851717352867126 0.1715710610151291
1654618337.9867218 0.48900604248046875 2.9068679809570312 0.0 0.0 0.0 -0.9807195663452148 0.1954205185174942
1654618338.0866997 0.44483184814453125 2.8997116088867188 0.0 0.0 0.0 -0.9737657904624939 0.22755266726016998
1654618338.1867597 0.3886299133300781 2.9034042358398438 0.0 0.0 0.0 -0.9645906090736389 0.26375168561935425
1654618338.28679 0.3546333312988281 2.889629364013672 0.0 0.0 0.0 -0.9553603529930115 0.29544302821159363
1654618338.3868637 0.3122062683105469 2.870525360107422 0.0 0.0 0.0 -0.944718062877655 0.327883780002594
1654618338.4869678 0.287689208984375 2.866321563720703 0.0 0.0 0.0 -0.9307371973991394 0.3656887412071228
1654618338.5870016 0.26116180419921875 2.846954345703125 0.0 0.0 0.0 -0.9144562482833862 0.40468472242355347
1654618338.6870756 0.23519134521484375 2.82708740234375 0.0 0.0 0.0 -0.8964826464653015 0.44307881593704224
1654618338.7871203 0.20268630981445312 2.8241195678710938 0.0 0.0 0.0 -0.8732730150222778 0.48723119497299194
1654618338.887389 0.16456985473632812 2.8171005249023438 0.0 0.0 0.0 -0.8499911427497864 0.5267969965934753
1654618338.9878078 0.14534759521484375 2.793994903564453 0.0 0.0 0.0 -0.8287215232849121 0.5596611499786377
1654618339.0882947 0.11786651611328125 2.753276824951172 0.0 0.0 0.0 -0.8103659749031067 0.5859240293502808
1654618339.1888387 0.094757080078125 2.7257308959960938 0.0 0.0 0.0 -0.7932338714599609 0.6089171171188354
1654618339.289309 0.07396697998046875 2.6859207153320312 0.0 0.0 0.0 -0.7782750725746155 0.6279234886169434
1654618339.3896043 0.05950927734375 2.6308059692382812 0.0 0.0 0.0 -0.7641761302947998 0.6450076103210449
1654618339.4897525 0.03533935546875 2.5701904296875 0.0 0.0 0.0 -0.7534232139587402 0.6575358510017395
1654618339.589726 0.01833343505859375 2.5096664428710938 0.0 0.0 0.0 -0.7419904470443726 0.6704104542732239
1654618339.689575 0.00955963134765625 2.4264602661132812 0.0 0.0 0.0 -0.7342623472213745 0.6788658499717712
1654618339.7892675 -0.003101348876953125 2.3653793334960938 0.0 0.0 0.0 -0.7247419357299805 0.6890203952789307
1654618339.8889284 -0.00699615478515625 2.288066864013672 0.0 0.0 0.0 -0.7165411114692688 0.6975448727607727
1654618339.9885545 -0.015918731689453125 2.205699920654297 0.0 0.0 0.0 -0.7092378735542297 0.7049692273139954
1654618340.0881581 -0.039409637451171875 2.13031005859375 0.0 0.0 0.0 -0.7036163806915283 0.7105799913406372
1654618340.1877005 -0.049472808837890625 2.053802490234375 0.0 0.0 0.0 -0.6942194700241089 0.7197633981704712
1654618340.2872088 -0.055171966552734375 1.9819831848144531 0.0 0.0 0.0 -0.682507336139679 0.7308787703514099
1654618340.3868082 -0.06438827514648438 1.9102592468261719 0.0 0.0 0.0 -0.6737533211708069 0.7389563322067261
1654618340.486561 -0.048675537109375 1.8392448425292969 0.0 0.0 0.0 -0.6606140732765198 0.7507256865501404
1654618340.5864666 -0.044189453125 1.7671318054199219 0.0 0.0 0.0 -0.649563729763031 0.7603071928024292
1654618340.6865282 -0.047306060791015625 1.6947517395019531 0.0 0.0 0.0 -0.6385617256164551 0.7695706486701965
1654618340.7867398 -0.04152679443359375 1.6175956726074219 0.0 0.0 0.0 -0.6294409036636353 0.7770483493804932
1654618340.886996 -0.02941131591796875 1.5503120422363281 0.0 0.0 0.0 -0.6184687614440918 0.7858093976974487
1654618340.9872742 -0.01689910888671875 1.4850273132324219 0.0 0.0 0.0 -0.6103315353393555 0.7921460866928101
1654618341.0875294 -0.01628875732421875 1.4145889282226562 0.0 0.0 0.0 -0.6012217998504639 0.7990821599960327
1654618341.18769 -0.00481414794921875 1.35931396484375 0.0 0.0 0.0 -0.5882142782211304 0.8087050914764404
1654618341.2876825 0.00301361083984375 1.3148002624511719 0.0 0.0 0.0 -0.571156919002533 0.8208408951759338
1654618341.3875065 0.01267242431640625 1.2629508972167969 0.0 0.0 0.0 -0.5523760318756104 0.8335950374603271
1654618341.4872308 0.01409912109375 1.2159309387207031 0.0 0.0 0.0 -0.5279838442802429 0.8492544293403625
1654618341.5869262 0.03023529052734375 1.1758041381835938 0.0 0.0 0.0 -0.5006521940231323 0.8656485676765442
1654618341.6866 0.03989410400390625 1.1287345886230469 0.0 0.0 0.0 -0.4700472056865692 0.8826412558555603
1654618341.7862957 0.03694915771484375 1.1026725769042969 0.0 0.0 0.0 -0.4340648949146271 0.9008815884590149
1654618341.8860667 0.06426239013671875 1.0852737426757812 0.0 0.0 0.0 -0.3973584473133087 0.9176634550094604
1654618341.9859867 0.06890869140625 1.0725936889648438 0.0 0.0 0.0 -0.3589416742324829 0.9333599805831909
1654618342.0860848 0.04680633544921875 1.0710945129394531 0.0 0.0 0.0 -0.31413885951042175 0.9493770599365234
1654618342.1862957 0.06841278076171875 1.06005859375 0.0 0.0 0.0 -0.2762540280818939 0.9610846638679504
1654618342.2865937 0.060314178466796875 1.0505142211914062 0.0 0.0 0.0 -0.23349590599536896 0.9723578095436096
1654618342.3869977 0.040546417236328125 1.0328178405761719 0.0 0.0 0.0 -0.19171231985092163 0.981451153755188
1654618342.4875143 0.00238800048828125 1.0178909301757812 0.0 0.0 0.0 -0.1480398029088974 0.9889814257621765
1654618342.5881686 0.03409576416015625 1.0099716186523438 0.0 0.0 0.0 -0.12277036160230637 0.992435097694397
1654618342.688833 0.06331253051757812 0.992889404296875 0.0 0.0 0.0 -0.11001934856176376 0.9939294457435608
1654618342.7893555 0.11240768432617188 0.9717292785644531 0.0 0.0 0.0 -0.0945499837398529 0.9955201148986816
1654618342.8895862 0.14422607421875 0.9527473449707031 0.0 0.0 0.0 -0.08344416320323944 0.9965124726295471
1654618342.9894774 0.2147216796875 0.9423027038574219 0.0 0.0 0.0 -0.07144977152347565 0.997444212436676
1654618343.0892506 0.286407470703125 0.9224777221679688 0.0 0.0 0.0 -0.06503152847290039 0.9978832006454468
1654618343.1887991 0.37249755859375 0.9088058471679688 0.0 0.0 0.0 -0.05307578667998314 0.9985904693603516
1654618343.288301 0.45450592041015625 0.8973503112792969 0.0 0.0 0.0 -0.037374526262283325 0.9993013143539429
1654618343.387801 0.5333023071289062 0.8722419738769531 0.0 0.0 0.0 -0.030819691717624664 0.9995249509811401
1654618343.4873855 0.6318893432617188 0.8588447570800781 0.0 0.0 0.0 -0.018079638481140137 0.9998365640640259
1654618343.587058 0.7297897338867188 0.8532295227050781 0.0 0.0 0.0 -0.005592706147581339 0.9999843835830688
1654618343.6868672 0.8155746459960938 0.8401374816894531 0.0 0.0 0.0 0.0035270240623503923 0.9999938011169434
1654618343.786856 0.9250869750976562 0.8304977416992188 0.0 0.0 0.0 0.014119965024292469 0.9999002814292908
1654618343.8869205 1.0181350708007812 0.8292617797851562 0.0 0.0 0.0 0.02634367160499096 0.9996529221534729
1654618343.9870958 1.1243782043457031 0.8353996276855469 0.0 0.0 0.0 0.03616606444120407 0.9993457794189453
1654618344.0872931 1.2114028930664062 0.8361129760742188 0.0 0.0 0.0 0.04881631210446358 0.9988077878952026
1654618344.1875792 1.3205184936523438 0.8328857421875 0.0 0.0 0.0 0.05477089434862137 0.9984989762306213
1654618344.2878776 1.4245796203613281 0.8410835266113281 0.0 0.0 0.0 0.061108242720365524 0.9981311559677124
1654618344.388202 1.5324287414550781 0.8432235717773438 0.0 0.0 0.0 0.06254889070987701 0.9980419278144836
1654618344.488474 1.6410751342773438 0.8662948608398438 0.0 0.0 0.0 0.060264863073825836 0.9981824159622192
1654618344.5886462 1.75439453125 0.86346435546875 0.0 0.0 0.0 0.06078100576996803 0.9981511235237122
1654618344.68868 1.8588790893554688 0.871337890625 0.0 0.0 0.0 0.06121034175157547 0.998124897480011
1654618344.7885911 1.9761886596679688 0.8883590698242188 0.0 0.0 0.0 0.0565582811832428 0.9983993172645569
1654618344.888386 2.089488983154297 0.896453857421875 0.0 0.0 0.0 0.05313829705119133 0.9985871911048889
1654618344.9881287 2.172515869140625 0.8947067260742188 0.0 0.0 0.0 0.0519532784819603 0.998649537563324
1654618345.0878685 2.2686691284179688 0.9012680053710938 0.0 0.0 0.0 0.05276698246598244 0.9986068606376648
1654618345.1875825 2.3721694946289062 0.8992118835449219 0.0 0.0 0.0 0.05662988871335983 0.9983952641487122
1654618345.287274 2.463787078857422 0.9105758666992188 0.0 0.0 0.0 0.05814473330974579 0.9983081817626953
1654618345.3869894 2.5648727416992188 0.9031257629394531 0.0 0.0 0.0 0.06912172585725784 0.9976082444190979
1654618345.4867861 2.65069580078125 0.9179916381835938 0.0 0.0 0.0 0.07442367821931839 0.9972267150878906
1654618345.5866518 2.748790740966797 0.920013427734375 0.0 0.0 0.0 0.08429577946662903 0.9964407682418823
1654618345.6866095 2.821125030517578 0.926910400390625 0.0 0.0 0.0 0.08949720859527588 0.995987057685852
1654618345.7866616 2.89703369140625 0.9296379089355469 0.0 0.0 0.0 0.10160304605960846 0.994825005531311
1654618345.8867655 2.9579849243164062 0.9350395202636719 0.0 0.0 0.0 0.11008232086896896 0.9939224720001221
1654618345.9868498 3.0178604125976562 0.9419136047363281 0.0 0.0 0.0 0.12622816860675812 0.9920012354850769
1654618346.0869079 3.073516845703125 0.9530105590820312 0.0 0.0 0.0 0.13976076245307922 0.9901853203773499
1654618346.18692 3.13226318359375 0.9627571105957031 0.0 0.0 0.0 0.15784205496311188 0.9874643683433533
1654618346.2868676 3.186492919921875 0.967437744140625 0.0 0.0 0.0 0.178383007645607 0.9839611053466797
1654618346.3867362 3.2259445190429688 0.9887924194335938 0.0 0.0 0.0 0.20174284279346466 0.9794385433197021
1654618346.4866147 3.2700424194335938 0.9795417785644531 0.0 0.0 0.0 0.23058904707431793 0.9730512499809265
1654618346.586458 3.3157272338867188 0.996795654296875 0.0 0.0 0.0 0.2610083818435669 0.9653365612030029
1654618346.6862962 3.355175018310547 0.9902153015136719 0.0 0.0 0.0 0.2951677143573761 0.9554454684257507
1654618346.7861454 3.38916015625 1.0034675598144531 0.0 0.0 0.0 0.32964932918548584 0.944103479385376
1654618346.8861558 3.423870086669922 1.0089797973632812 0.0 0.0 0.0 0.36666804552078247 0.9303518533706665
1654618346.9862185 3.45635986328125 1.0289802551269531 0.0 0.0 0.0 0.39835086464881897 0.9172331094741821
1654618347.0864003 3.481952667236328 1.0296630859375 0.0 0.0 0.0 0.43361803889274597 0.901096761226654
1654618347.1866865 3.509624481201172 1.0546646118164062 0.0 0.0 0.0 0.46488165855407715 0.8853728175163269
1654618347.286958 3.53472900390625 1.071685791015625 0.0 0.0 0.0 0.49833592772483826 0.8669840097427368
1654618347.3871944 3.55157470703125 1.0993118286132812 0.0 0.0 0.0 0.5296685099601746 0.8482047319412231
1654618347.4873655 3.5706100463867188 1.1306953430175781 0.0 0.0 0.0 0.556792140007019 0.8306518197059631
1654618347.5875995 3.6158218383789062 1.1605758666992188 0.0 0.0 0.0 0.586842954158783 0.8097007870674133
1654618347.687831 3.622589111328125 1.1967697143554688 0.0 0.0 0.0 0.6094223260879517 0.7928457856178284
1654618347.7880597 3.641590118408203 1.25750732421875 0.0 0.0 0.0 0.6287983655929565 0.7775683999061584
1654618347.8883114 3.6562271118164062 1.3142013549804688 0.0 0.0 0.0 0.6414259076118469 0.7671849727630615
1654618347.9886022 3.685161590576172 1.393524169921875 0.0 0.0 0.0 0.6477436423301697 0.761858344078064
1654618348.0888517 3.7085037231445312 1.4653434753417969 0.0 0.0 0.0 0.6525278091430664 0.7577648162841797
1654618348.1889372 3.7254562377929688 1.556427001953125 0.0 0.0 0.0 0.6543769240379333 0.75616854429245
1654618348.2888348 3.7355422973632812 1.6504745483398438 0.0 0.0 0.0 0.6572679281234741 0.7536570429801941
1654618348.388578 3.76214599609375 1.7336235046386719 0.0 0.0 0.0 0.6586229801177979 0.7524731159210205
1654618348.4881873 3.780010223388672 1.821563720703125 0.0 0.0 0.0 0.6626394987106323 0.7489385008811951
1654618348.587715 3.795703887939453 1.9155769348144531 0.0 0.0 0.0 0.6685501337051392 0.7436671257019043
1654618348.6871748 3.817638397216797 1.9961166381835938 0.0 0.0 0.0 0.6775333285331726 0.7354920506477356
1654618348.7866518 3.8327407836914062 2.072528839111328 0.0 0.0 0.0 0.6874396204948425 0.7262415289878845
1654618348.886198 3.849842071533203 2.147632598876953 0.0 0.0 0.0 0.6998533606529236 0.7142865061759949
1654618348.9859073 3.866382598876953 2.217212677001953 0.0 0.0 0.0 0.7111378312110901 0.7030526399612427
1654618349.0857747 3.871082305908203 2.284229278564453 0.0 0.0 0.0 0.725317120552063 0.6884148716926575
1654618349.1857948 3.874835968017578 2.352245330810547 0.0 0.0 0.0 0.7400461435317993 0.6725561022758484
1654618349.2859604 3.87750244140625 2.4152297973632812 0.0 0.0 0.0 0.7537287473678589 0.6571856737136841
1654618349.386181 3.881305694580078 2.457733154296875 0.0 0.0 0.0 0.7661687135696411 0.6426394581794739
1654618349.4864852 3.874897003173828 2.49212646484375 0.0 0.0 0.0 0.7825273275375366 0.6226162314414978
1654618349.5868137 3.874347686767578 2.530986785888672 0.0 0.0 0.0 0.7977181077003479 0.6030305027961731
1654618349.6870646 3.885913848876953 2.5565109252929688 0.0 0.0 0.0 0.8127666115760803 0.5825894474983215
1654618349.7871969 3.887737274169922 2.5726089477539062 0.0 0.0 0.0 0.8338345289230347 0.5520144701004028
1654618349.8872437 3.896392822265625 2.602771759033203 0.0 0.0 0.0 0.8529884815216064 0.5219296813011169
1654618349.987214 3.8996353149414062 2.6215591430664062 0.0 0.0 0.0 0.8733016848564148 0.4871797561645508
1654618350.0871747 3.927398681640625 2.626434326171875 0.0 0.0 0.0 0.8932827115058899 0.44949522614479065
1654618350.1871116 3.930370330810547 2.632457733154297 0.0 0.0 0.0 0.914080798625946 0.4055321216583252
1654618350.2871726 3.9227218627929688 2.634349822998047 0.0 0.0 0.0 0.9315435290336609 0.36362987756729126
1654618350.3873045 3.9302978515625 2.6407699584960938 0.0 0.0 0.0 0.9457474946975708 0.3249024748802185
1654618350.4874806 3.952178955078125 2.638568878173828 0.0 0.0 0.0 0.9560476541519165 0.2932113707065582
1654618350.587702 3.959857940673828 2.649768829345703 0.0 0.0 0.0 0.9673373103141785 0.2534925937652588
1654618350.687943 3.927154541015625 2.6714706420898438 0.0 0.0 0.0 0.9758002758026123 0.21866363286972046
1654618350.7882454 3.922351837158203 2.687725067138672 0.0 0.0 0.0 0.9808208346366882 0.19491146504878998
1654618350.8885963 3.8911972045898438 2.697540283203125 0.0 0.0 0.0 0.9848806262016296 0.1732342541217804
1654618350.988883 3.864490509033203 2.7083206176757812 0.0 0.0 0.0 0.9877456426620483 0.15607206523418427
1654618351.0889423 3.8899765014648438 2.722270965576172 0.0 0.0 0.0 0.9916584491729736 0.12889350950717926
1654618351.1887689 3.856639862060547 2.732646942138672 0.0 0.0 0.0 0.9943355321884155 0.10628656297922134
1654618351.2885146 3.805908203125 2.7656021118164062 0.0 0.0 0.0 0.9963045716285706 0.0858907476067543
1654618351.3882744 3.561389923095703 2.793689727783203 0.0 0.0 0.0 0.9976403713226318 0.06865658611059189
1654618351.4881237 3.794658660888672 2.806995391845703 0.0 0.0 0.0 0.9990023374557495 0.04465842247009277
1654618351.588082 3.716472625732422 2.7879562377929688 0.0 0.0 0.0 0.9998785257339478 0.015588085167109966
1654618351.68806 3.6186752319335938 2.7939529418945312 0.0 0.0 0.0 0.9999776482582092 0.006687189918011427
1654618351.7880352 3.508514404296875 2.8052597045898438 0.0 0.0 0.0 0.9999762773513794 0.006883880589157343
1654618351.8880174 3.401123046875 2.80438232421875 0.0 0.0 0.0 0.999998152256012 0.0019266156014055014
1654618351.9879963 3.2985305786132812 2.8092041015625 0.0 0.0 0.0 0.9999997019767761 0.0008090296760201454
1654618352.0878975 3.2429428100585938 2.8036270141601562 0.0 0.0 0.0 -0.9999856948852539 0.005351593252271414
1654618352.1877642 3.134014129638672 2.8142623901367188 0.0 0.0 0.0 -0.9999806880950928 0.006212746724486351
1654618352.2876065 3.037006378173828 2.810760498046875 0.0 0.0 0.0 -0.999942421913147 0.010733354836702347
1654618352.387402 2.962646484375 2.81854248046875 0.0 0.0 0.0 -0.9997922778129578 0.020380115136504173
1654618352.487163 2.877105712890625 2.8160629272460938 0.0 0.0 0.0 -0.999583899974823 0.028844483196735382
1654618352.5870245 2.7744674682617188 2.8311233520507812 0.0 0.0 0.0 -0.9992671608924866 0.03827669471502304
1654618352.6869624 2.6768569946289062 2.8283920288085938 0.0 0.0 0.0 -0.9988179802894592 0.048606980592012405
1654618352.787015 2.584545135498047 2.823314666748047 0.0 0.0 0.0 -0.9982196688652039 0.05964440107345581
1654618352.887118 2.503265380859375 2.814533233642578 0.0 0.0 0.0 -0.9977468252182007 0.06709177047014236
1654618352.9873104 2.4123001098632812 2.814075469970703 0.0 0.0 0.0 -0.9972642660140991 0.07391900569200516
1654618353.0875633 2.3195419311523438 2.812244415283203 0.0 0.0 0.0 -0.9969480633735657 0.07806749641895294
1654618353.18782 2.2014389038085938 2.799083709716797 0.0 0.0 0.0 -0.9966641068458557 0.08161310106515884
1654618353.2880082 2.090526580810547 2.7915420532226562 0.0 0.0 0.0 -0.9963747262954712 0.08507299423217773
1654618353.3881261 2.0048828125 2.7730026245117188 0.0 0.0 0.0 -0.9967260956764221 0.08085232973098755
1654618353.4881587 1.9331779479980469 2.757965087890625 0.0 0.0 0.0 -0.9963049292564392 0.08588647097349167
1654618353.588119 1.8424453735351562 2.7482223510742188 0.0 0.0 0.0 -0.9961636066436768 0.08751039952039719
1654618353.6880336 1.7404098510742188 2.7481765747070312 0.0 0.0 0.0 -0.9958244562149048 0.09128916263580322
1654618353.7878492 1.6488571166992188 2.735157012939453 0.0 0.0 0.0 -0.9952528476715088 0.0973227396607399
1654618353.8876138 1.5705337524414062 2.71624755859375 0.0 0.0 0.0 -0.9949063062667847 0.10080384463071823
1654618353.987436 1.4869384765625 2.713237762451172 0.0 0.0 0.0 -0.9940548539161682 0.10888019949197769
1654618354.0872753 1.4143447875976562 2.6909408569335938 0.0 0.0 0.0 -0.9931178689002991 0.11711902916431427
1654618354.1871643 1.3401870727539062 2.6798934936523438 0.0 0.0 0.0 -0.9919459819793701 0.1266617625951767
1654618354.2871537 1.24969482421875 2.684337615966797 0.0 0.0 0.0 -0.9904771447181702 0.1376771479845047
1654618354.387294 1.1823616027832031 2.656463623046875 0.0 0.0 0.0 -0.9900068044662476 0.14101973176002502
1654618354.4874678 1.0894584655761719 2.6381912231445312 0.0 0.0 0.0 -0.9890533685684204 0.14755822718143463
1654618354.587682 1.0185317993164062 2.6118850708007812 0.0 0.0 0.0 -0.9890178442001343 0.14779627323150635
1654618354.6878014 0.9344711303710938 2.610912322998047 0.0 0.0 0.0 -0.9879217743873596 0.15495358407497406
1654618354.7878914 0.882537841796875 2.579120635986328 0.0 0.0 0.0 -0.9879259467124939 0.15492674708366394
1654618354.887926 0.8251762390136719 2.5645675659179688 0.0 0.0 0.0 -0.9870212078094482 0.1605900675058365
1654618354.9879587 0.7730636596679688 2.55401611328125 0.0 0.0 0.0 -0.9865756630897522 0.16330474615097046
1654618355.0879526 0.7300834655761719 2.5292587280273438 0.0 0.0 0.0 -0.9865967035293579 0.163177490234375
1654618355.1878886 0.6861495971679688 2.51800537109375 0.0 0.0 0.0 -0.9858477711677551 0.16764315962791443
1654618355.2877312 0.6429634094238281 2.5315780639648438 0.0 0.0 0.0 -0.9839701652526855 0.17833323776721954
1654618355.3875005 0.6014289855957031 2.5209426879882812 0.0 0.0 0.0 -0.981831431388855 0.18975530564785004
1654618355.4872205 0.5657844543457031 2.519256591796875 0.0 0.0 0.0 -0.9790985584259033 0.20338648557662964
1654618355.5868638 0.5344734191894531 2.5080947875976562 0.0 0.0 0.0 -0.9748350977897644 0.2229272723197937
1654618355.6864913 0.5039596557617188 2.510009765625 0.0 0.0 0.0 -0.9681804180145264 0.25025323033332825
1654618355.786153 0.4651679992675781 2.503704071044922 0.0 0.0 0.0 -0.9606993198394775 0.2775910794734955
1654618355.8859715 0.4497871398925781 2.504047393798828 0.0 0.0 0.0 -0.950291097164154 0.3113628625869751
1654618355.9858015 0.430328369140625 2.5037460327148438 0.0 0.0 0.0 -0.9382025599479675 0.34608662128448486
1654618356.0858035 0.41483306884765625 2.496166229248047 0.0 0.0 0.0 -0.9243775010108948 0.3814789950847626
1654618356.1858735 0.4029541015625 2.4948959350585938 0.0 0.0 0.0 -0.9058734774589539 0.4235483705997467
1654618356.2861779 0.3913688659667969 2.49853515625 0.0 0.0 0.0 -0.886918842792511 0.4619252681732178
1654618356.3866649 0.3659858703613281 2.520050048828125 0.0 0.0 0.0 -0.8660458326339722 0.49996456503868103
1654618356.4873934 0.3509101867675781 2.514129638671875 0.0 0.0 0.0 -0.8507615327835083 0.525551974773407
1654618356.5880404 0.3335380554199219 2.514789581298828 0.0 0.0 0.0 -0.833877682685852 0.5519492626190186
1654618356.6885052 0.31890869140625 2.499858856201172 0.0 0.0 0.0 -0.8181930780410767 0.5749435424804688
1654618356.7887695 0.3049736022949219 2.483154296875 0.0 0.0 0.0 -0.8021116852760315 0.5971740484237671
1654618356.8888052 0.28501129150390625 2.4678115844726562 0.0 0.0 0.0 -0.7867377996444702 0.6172873377799988
1654618356.9886944 0.2704277038574219 2.4399948120117188 0.0 0.0 0.0 -0.7716483473777771 0.6360493898391724
1654618357.0884848 0.26385498046875 2.402301788330078 0.0 0.0 0.0 -0.7597086429595947 0.6502636671066284
1654618357.1882327 0.2559700012207031 2.3605728149414062 0.0 0.0 0.0 -0.7478764653205872 0.6638379693031311
1654618357.287985 0.24663543701171875 2.3022689819335938 0.0 0.0 0.0 -0.738458514213562 0.6742989420890808
1654618357.3877487 0.23152542114257812 2.2500991821289062 0.0 0.0 0.0 -0.7295789122581482 0.6838966012001038
1654618357.487499 0.22435379028320312 2.188922882080078 0.0 0.0 0.0 -0.721197247505188 0.6927297711372375
1654618357.5872643 0.21040725708007812 2.1175003051757812 0.0 0.0 0.0 -0.7154107689857483 0.6987041234970093
1654618357.6870959 0.20344924926757812 2.0474319458007812 0.0 0.0 0.0 -0.711012065410614 0.7031798362731934
1654618357.787019 0.19496917724609375 1.9787101745605469 0.0 0.0 0.0 -0.707898736000061 0.706313967704773
1654618357.8870134 0.19476318359375 1.9016609191894531 0.0 0.0 0.0 -0.7055515646934509 0.7086585760116577
1654618357.9870825 0.18317413330078125 1.8249130249023438 0.0 0.0 0.0 -0.7059581279754639 0.7082535624504089
1654618358.087215 0.18776321411132812 1.74273681640625 0.0 0.0 0.0 -0.7074620723724365 0.70675128698349
1654618358.1873446 0.18416213989257812 1.6569023132324219 0.0 0.0 0.0 -0.7096769213676453 0.7045272588729858
1654618358.2873936 0.17324066162109375 1.5789070129394531 0.0 0.0 0.0 -0.7118914723396301 0.7022894620895386
1654618358.3873293 0.17012786865234375 1.497467041015625 0.0 0.0 0.0 -0.7132135033607483 0.7009468674659729
1654618358.487132 0.171356201171875 1.427581787109375 0.0 0.0 0.0 -0.7115426063537598 0.7026429176330566
1654618358.5868077 0.16054153442382812 1.3585586547851562 0.0 0.0 0.0 -0.7044291496276855 0.7097743153572083
1654618358.6863945 0.149749755859375 1.299468994140625 0.0 0.0 0.0 -0.6940044164657593 0.7199707627296448
1654618358.7858744 0.13673019409179688 1.254241943359375 0.0 0.0 0.0 -0.6751130223274231 0.7377142906188965
1654618358.8853376 0.12526702880859375 1.2088088989257812 0.0 0.0 0.0 -0.6516963243484497 0.7584800124168396
1654618358.9848835 0.12153244018554688 1.1773757934570312 0.0 0.0 0.0 -0.6227108836174011 0.7824520468711853
1654618359.0845594 0.10161209106445312 1.1378974914550781 0.0 0.0 0.0 -0.585629940032959 0.8105785250663757
1654618359.184444 0.09504318237304688 1.1054801940917969 0.0 0.0 0.0 -0.5484999418258667 0.836150586605072
1654618359.284569 0.08697509765625 1.0768203735351562 0.0 0.0 0.0 -0.5094355344772339 0.8605088591575623
1654618359.3848712 0.10875701904296875 1.0481376647949219 0.0 0.0 0.0 -0.4725545644760132 0.8813014030456543
1654618359.4854584 0.11366653442382812 1.0265274047851562 0.0 0.0 0.0 -0.4314015805721283 0.9021599888801575
1654618359.586213 0.09067916870117188 1.0208320617675781 0.0 0.0 0.0 -0.38770437240600586 0.9217837452888489
1654618359.6870296 0.09782028198242188 1.0244636535644531 0.0 0.0 0.0 -0.3498487174510956 0.9368062019348145
1654618359.787805 0.08295440673828125 1.0189895629882812 0.0 0.0 0.0 -0.31079941987991333 0.9504755139350891
1654618359.8883784 0.09264373779296875 1.0163803100585938 0.0 0.0 0.0 -0.272223562002182 0.9622340202331543
1654618359.9887521 0.09146881103515625 0.9961776733398438 0.0 0.0 0.0 -0.2306056022644043 0.9730473160743713
1654618360.0889552 0.07320022583007812 0.9882736206054688 0.0 0.0 0.0 -0.19598396122455597 0.9806070923805237
1654618360.1890488 0.02288055419921875 0.974578857421875 0.0 0.0 0.0 -0.14971937239170074 0.9887285232543945
1654618360.2890604 0.021800994873046875 0.9687919616699219 0.0 0.0 0.0 -0.12121991068124771 0.9926256537437439
1654618360.388985 0.024127960205078125 0.95947265625 0.0 0.0 0.0 -0.09572076797485352 0.9954082369804382
1654618360.4888468 0.038379669189453125 0.9507637023925781 0.0 0.0 0.0 -0.07217768579721451 0.9973917603492737
1654618360.5887096 0.02373504638671875 0.9431037902832031 0.0 0.0 0.0 -0.05875173956155777 0.9982725977897644
1654618360.688538 0.016925811767578125 0.9379158020019531 0.0 0.0 0.0 -0.04352616146206856 0.9990522861480713
1654618360.7883344 0.0179443359375 0.934600830078125 0.0 0.0 0.0 -0.03161252662539482 0.9995002150535583
1654618360.888137 0.01708221435546875 0.9257392883300781 0.0 0.0 0.0 -0.02076968364417553 0.9997842907905579
1654618360.9880068 0.01128387451171875 0.9346504211425781 0.0 0.0 0.0 -0.012029746547341347 0.9999276399612427
1654618361.0879252 0.01934814453125 0.9266853332519531 0.0 0.0 0.0 -0.012324887327849865 0.9999240636825562
1654618361.1878865 0.01871490478515625 0.9266548156738281 0.0 0.0 0.0 -0.0106665575876832 0.9999431371688843
1654618361.2878892 0.02283477783203125 0.9295120239257812 0.0 0.0 0.0 -0.0104422178119421 0.9999454617500305
1654618361.387944 0.021808624267578125 0.929351806640625 0.0 0.0 0.0 -0.012588080950081348 0.9999207854270935
1654618361.487986 0.0264892578125 0.9379501342773438 0.0 0.0 0.0 -0.01392882876098156 0.9999029636383057
1654618361.5879612 0.025726318359375 0.9351272583007812 0.0 0.0 0.0 -0.01805270090699196 0.9998370409011841
1654618361.6878507 0.02483367919921875 0.9324531555175781 0.0 0.0 0.0 -0.02014468051493168 0.9997970461845398
1654618361.7876878 0.024517059326171875 0.9346809387207031 0.0 0.0 0.0 -0.019892724230885506 0.9998021125793457
1654618361.887518 0.01508331298828125 0.9364395141601562 0.0 0.0 0.0 -0.020148972049355507 0.999796986579895
1654618361.9873552 0.021484375 0.9386825561523438 0.0 0.0 0.0 -0.019079869613051414 0.999817967414856
1654618362.0872462 0.019866943359375 0.9325485229492188 0.0 0.0 0.0 -0.019848624244332314 0.9998030066490173
1654618362.187212 0.02275848388671875 0.93328857421875 0.0 0.0 0.0 -0.02011202462017536 0.9997977614402771
1654618362.2872186 0.024425506591796875 0.9300041198730469 0.0 0.0 0.0 -0.02001214772462845 0.9997997283935547
1654618362.3872585 0.022937774658203125 0.9332084655761719 0.0 0.0 0.0 -0.02006673440337181 0.9997986555099487
1654618362.487332 0.0242919921875 0.9347000122070312 0.0 0.0 0.0 -0.019948503002524376 0.999800980091095
1654618362.5874226 0.02629852294921875 0.932220458984375 0.0 0.0 0.0 -0.019918229430913925 0.9998016357421875
1654618362.687502 0.023082733154296875 0.9344482421875 0.0 0.0 0.0 -0.019831938669085503 0.9998033046722412
1654618362.7875676 0.02504730224609375 0.9355278015136719 0.0 0.0 0.0 -0.0202383603900671 0.9997951984405518
