1654618298.5277834 -0.14209747314453125 0.7486038208007812 0.0 0.0 0.0 0.007062883581966162 0.9999750852584839
1654618298.627821 -0.12080764770507812 0.7350387573242188 0.0 0.0 0.0 0.006419785786420107 0.9999793767929077
1654618298.7277474 -0.13845443725585938 0.736358642578125 0.0 0.0 0.0 0.009870041161775589 0.9999513030052185
1654618298.8276293 -0.14246749877929688 0.7247505187988281 0.0 0.0 0.0 0.009283916093409061 0.9999569058418274
1654618298.9274776 -0.1522674560546875 0.7171821594238281 0.0 0.0 0.0 0.007678994443267584 0.9999704957008362
1654618299.0273402 -0.13074111938476562 0.756439208984375 0.0 0.0 0.0 0.006285849958658218 0.9999802708625793
1654618299.1272218 -0.12975311279296875 0.7502326965332031 0.0 0.0 0.0 0.0065937102772295475 0.999978244304657
1654618299.227134 -0.11435317993164062 0.7431755065917969 0.0 0.0 0.0 0.007947102189064026 0.999968409538269
1654618299.3271074 -0.08585357666015625 0.751190185546875 0.0 0.0 0.0 0.009399990551173687 0.9999558329582214
1654618299.4272091 -0.06985092163085938 0.7567062377929688 0.0 0.0 0.0 0.013423863798379898 0.9999098777770996
1654618299.5274286 -0.022243499755859375 0.72515869140625 0.0 0.0 0.0 0.015872782096266747 0.9998739957809448
1654618299.6275985 0.026508331298828125 0.7245368957519531 0.0 0.0 0.0 0.020334267988801003 0.9997932314872742
1654618299.7277894 0.069671630859375 0.723663330078125 0.0 0.0 0.0 0.025397300720214844 0.9996774196624756
1654618299.8281062 0.101348876953125 0.7284660339355469 0.0 0.0 0.0 0.029437355697155 0.9995666146278381
1654618299.9282365 0.14146041870117188 0.7326545715332031 0.0 0.0 0.0 0.03950897976756096 0.9992192387580872
1654618300.0281482 0.19353103637695312 0.7381095886230469 0.0 0.0 0.0 0.0467941053211689 0.9989045262336731
1654618300.1279697 0.23421096801757812 0.735260009765625 0.0 0.0 0.0 0.05729284510016441 0.9983574151992798
1654618300.2278748 0.26047515869140625 0.7279739379882812 0.0 0.0 0.0 0.061869509518146515 0.9980842471122742
1654618300.3279474 0.28551483154296875 0.732696533203125 0.0 0.0 0.0 0.06037257984280586 0.9981759190559387
1654618300.4280903 0.323760986328125 0.732330322265625 0.0 0.0 0.0 0.052327532321214676 0.9986299872398376
1654618300.5282962 0.3673820495605469 0.7372055053710938 0.0 0.0 0.0 0.0376436784863472 0.9992912411689758
1654618300.6283882 0.41825103759765625 0.7454948425292969 0.0 0.0 0.0 0.027078917250037193 0.9996333122253418
1654618300.7282274 0.4503059387207031 0.751922607421875 0.0 0.0 0.0 0.022601598873734474 0.9997445344924927
1654618300.828161 0.5157890319824219 0.7515182495117188 0.0 0.0 0.0 0.013425462879240513 0.9999098777770996
1654618300.928107 0.5779914855957031 0.7614555358886719 0.0 0.0 0.0 0.005805760622024536 0.9999831318855286
1654618301.0279405 0.6420402526855469 0.7657699584960938 0.0 0.0 0.0 2.7092057280242443e-05 1.0
1654618301.1277342 0.6894607543945312 0.7655715942382812 0.0 0.0 0.0 -0.005141624715179205 0.9999867677688599
1654618301.2275324 0.761962890625 0.7633285522460938 0.0 0.0 0.0 -0.008604809641838074 0.9999629855155945
1654618301.3273208 0.8250961303710938 0.7662544250488281 0.0 0.0 0.0 -0.010735456831753254 0.9999423623085022
1654618301.4270244 0.8849678039550781 0.7675590515136719 0.0 0.0 0.0 -0.009287136606872082 0.9999568462371826
1654618301.5266833 0.937286376953125 0.7653694152832031 0.0 0.0 0.0 -0.0057922592386603355 0.9999832510948181
1654618301.6263592 1.0179557800292969 0.7647171020507812 0.0 0.0 0.0 -0.001580865471623838 0.9999987483024597
1654618301.726207 1.0821723937988281 0.7598876953125 0.0 0.0 0.0 0.0033356358762830496 0.9999944567680359
1654618301.8262236 1.1577339172363281 0.7550582885742188 0.0 0.0 0.0 0.009824160486459732 0.9999517202377319
1654618301.9263272 1.2168655395507812 0.75286865234375 0.0 0.0 0.0 0.01667402870953083 0.9998610019683838
1654618302.0266721 1.2985343933105469 0.753387451171875 0.0 0.0 0.0 0.022949544712901115 0.9997366070747375
1654618302.1271906 1.3693466186523438 0.7569770812988281 0.0 0.0 0.0 0.029772888869047165 0.9995566606521606
1654618302.2276523 1.4391059875488281 0.7591934204101562 0.0 0.0 0.0 0.035119492560625076 0.9993830919265747
1654618302.3278913 1.515380859375 0.7500190734863281 0.0 0.0 0.0 0.037402112036943436 0.9993003010749817
1654618302.4278862 1.5935745239257812 0.7615547180175781 0.0 0.0 0.0 0.04019256308674812 0.99919193983078
1654618302.5277922 1.668182373046875 0.7554702758789062 0.0 0.0 0.0 0.04034318029880524 0.9991858601570129
1654618302.6276004 1.7575607299804688 0.7582321166992188 0.0 0.0 0.0 0.038319945335388184 0.9992654919624329
1654618302.7273614 1.8300590515136719 0.7714042663574219 0.0 0.0 0.0 0.03709140792489052 0.9993118643760681
1654618302.8271341 1.8973770141601562 0.7733573913574219 0.0 0.0 0.0 0.03631095588207245 0.9993405342102051
1654618302.9269233 1.9913711547851562 0.7760543823242188 0.0 0.0 0.0 0.03587145730853081 0.9993563890457153
1654618303.0268242 2.0576171875 0.7816886901855469 0.0 0.0 0.0 0.03486540541052818 0.999392032623291
1654618303.1268137 2.1449661254882812 0.7801094055175781 0.0 0.0 0.0 0.0354037769138813 0.9993730783462524
1654618303.2268574 2.2207870483398438 0.7847824096679688 0.0 0.0 0.0 0.03801741451025009 0.9992770552635193
1654618303.3268523 2.302093505859375 0.7861824035644531 0.0 0.0 0.0 0.04014057293534279 0.9991940259933472
1654618303.4267995 2.3775100708007812 0.786956787109375 0.0 0.0 0.0 0.04518210515379906 0.9989787936210632
1654618303.5267253 2.449077606201172 0.7929801940917969 0.0 0.0 0.0 0.05037893354892731 0.9987301826477051
1654618303.6268036 2.515247344970703 0.797821044921875 0.0 0.0 0.0 0.05557423457503319 0.9984545707702637
1654618303.7269955 2.586132049560547 0.8026542663574219 0.0 0.0 0.0 0.06173283979296684 0.9980927109718323
1654618303.8272738 2.66168212890625 0.8121719360351562 0.0 0.0 0.0 0.06715621054172516 0.9977424740791321
1654618303.9274895 2.731708526611328 0.8196640014648438 0.0 0.0 0.0 0.07230867445468903 0.9973822832107544
1654618304.027605 2.802501678466797 0.8232192993164062 0.0 0.0 0.0 0.07958332449197769 0.9968281984329224
1654618304.127703 2.870452880859375 0.8296928405761719 0.0 0.0 0.0 0.08453498780727386 0.9964205026626587
1654618304.227765 2.941986083984375 0.843048095703125 0.0 0.0 0.0 0.0885266661643982 0.9960737824440002
1654618304.3276772 3.005462646484375 0.8529281616210938 0.0 0.0 0.0 0.09430964291095734 0.9955428838729858
1654618304.4274476 3.064136505126953 0.861572265625 0.0 0.0 0.0 0.10104984045028687 0.9948813915252686
1654618304.5272343 3.133434295654297 0.8679275512695312 0.0 0.0 0.0 0.1096222922205925 0.9939733147621155
1654618304.6270554 3.1860275268554688 0.874908447265625 0.0 0.0 0.0 0.12227145582437515 0.99249666929245
1654618304.7269802 3.240642547607422 0.8853569030761719 0.0 0.0 0.0 0.13892801105976105 0.9903025031089783
1654618304.8270621 3.289886474609375 0.896026611328125 0.0 0.0 0.0 0.15743952989578247 0.9875286221504211
1654618304.927249 3.333892822265625 0.907135009765625 0.0 0.0 0.0 0.1784725785255432 0.9839448928833008
1654618305.0274684 3.378185272216797 0.9127731323242188 0.0 0.0 0.0 0.20181168615818024 0.9794243574142456
1654618305.127676 3.407886505126953 0.911651611328125 0.0 0.0 0.0 0.22789908945560455 0.9736847281455994
1654618305.2277193 3.440074920654297 0.9137191772460938 0.0 0.0 0.0 0.2556595802307129 0.966766893863678
1654618305.3277385 3.466533660888672 0.9109115600585938 0.0 0.0 0.0 0.28478333353996277 0.9585919380187988
1654618305.427717 3.493427276611328 0.9122314453125 0.0 0.0 0.0 0.3134104013442993 0.9496178030967712
1654618305.5278106 3.520111083984375 0.9231338500976562 0.0 0.0 0.0 0.3421621024608612 0.9396409392356873
1654618305.627774 3.538219451904297 0.9244270324707031 0.0 0.0 0.0 0.3759083151817322 0.9266568422317505
1654618305.727792 3.561046600341797 0.9270133972167969 0.0 0.0 0.0 0.4046895503997803 0.9144541025161743
1654618305.8278158 3.5898208618164062 0.92742919921875 0.0 0.0 0.0 0.4377190172672272 0.899111807346344
1654618305.9277182 3.608318328857422 0.9323005676269531 0.0 0.0 0.0 0.4676024615764618 0.8839388489723206
1654618306.0276673 3.6191635131835938 0.9396286010742188 0.0 0.0 0.0 0.4973657429218292 0.8675409555435181
1654618306.1276155 3.6350021362304688 0.9543991088867188 0.0 0.0 0.0 0.5236272215843201 0.8519474864006042
1654618306.2275937 3.655445098876953 0.9643478393554688 0.0 0.0 0.0 0.5499122738838196 0.8352224230766296
1654618306.3277485 3.6735916137695312 0.97259521484375 0.0 0.0 0.0 0.5728850960731506 0.8196356892585754
1654618306.4280643 3.69256591796875 0.9834709167480469 0.0 0.0 0.0 0.5958940386772156 0.8030630946159363
1654618306.528265 3.717681884765625 1.0036697387695312 0.0 0.0 0.0 0.6157304644584656 0.7879568338394165
1654618306.6284373 3.717876434326172 1.0251350402832031 0.0 0.0 0.0 0.634171187877655 0.7731927037239075
1654618306.7285678 3.727142333984375 1.0478744506835938 0.0 0.0 0.0 0.6486426591873169 0.7610931396484375
1654618306.8285177 3.7309951782226562 1.080047607421875 0.0 0.0 0.0 0.6598434448242188 0.7514030933380127
1654618306.92829 3.7446365356445312 1.11456298828125 0.0 0.0 0.0 0.669662594795227 0.7426654696464539
1654618307.0279906 3.7561264038085938 1.1657943725585938 0.0 0.0 0.0 0.6784493923187256 0.7346471548080444
1654618307.1278143 3.769245147705078 1.2179641723632812 0.0 0.0 0.0 0.6834275126457214 0.7300183773040771
1654618307.2277224 3.7650146484375 1.2688827514648438 0.0 0.0 0.0 0.6894102096557617 0.7243711352348328
1654618307.3277643 3.7736587524414062 1.32568359375 0.0 0.0 0.0 0.6928426623344421 0.7210888266563416
1654618307.4278147 3.777545928955078 1.3989753723144531 0.0 0.0 0.0 0.6926982402801514 0.7212275266647339
1654618307.5277162 3.789447784423828 1.4549026489257812 0.0 0.0 0.0 0.6942191123962402 0.7197637557983398
1654618307.6275454 3.7967758178710938 1.5315742492675781 0.0 0.0 0.0 0.6918863654136658 0.7220063805580139
1654618307.7273855 3.796886444091797 1.60284423828125 0.0 0.0 0.0 0.6922593712806702 0.7216488122940063
1654618307.8273027 3.7965621948242188 1.6727790832519531 0.0 0.0 0.0 0.6919852495193481 0.721911609172821
1654618307.9272525 3.802886962890625 1.740447998046875 0.0 0.0 0.0 0.6928460001945496 0.7210856080055237
1654618308.0272276 3.8129348754882812 1.8050155639648438 0.0 0.0 0.0 0.6935563683509827 0.7204023599624634
1654618308.1272295 3.819202423095703 1.868988037109375 0.0 0.0 0.0 0.6959226727485657 0.7181167006492615
1654618308.2272902 3.8103103637695312 1.9255142211914062 0.0 0.0 0.0 0.6986315250396729 0.7154816389083862
1654618308.3273401 3.8203125 1.9816780090332031 0.0 0.0 0.0 0.7036042809486389 0.7105920314788818
1654618308.4272566 3.825946807861328 2.039051055908203 0.0 0.0 0.0 0.7100827097892761 0.7041182518005371
1654618308.5271428 3.834247589111328 2.095134735107422 0.0 0.0 0.0 0.7178866863250732 0.6961599588394165
1654618308.6269014 3.8352127075195312 2.153575897216797 0.0 0.0 0.0 0.7288304567337036 0.6846941709518433
1654618308.7267365 3.8326644897460938 2.2009048461914062 0.0 0.0 0.0 0.7417290210723877 0.6706996560096741
1654618308.826632 3.83447265625 2.24755859375 0.0 0.0 0.0 0.7550302743911743 0.6556899547576904
1654618308.9267197 3.8328475952148438 2.2915725708007812 0.0 0.0 0.0 0.7690632343292236 0.6391727328300476
1654618309.0269213 3.824005126953125 2.340118408203125 0.0 0.0 0.0 0.7823439240455627 0.6228466629981995
1654618309.1270378 3.821208953857422 2.391815185546875 0.0 0.0 0.0 0.7977668642997742 0.6029660105705261
1654618309.2271445 3.819427490234375 2.4300613403320312 0.0 0.0 0.0 0.812828004360199 0.5825037360191345
1654618309.3272076 3.8166275024414062 2.467235565185547 0.0 0.0 0.0 0.8285123705863953 0.5599707961082458
1654618309.4273295 3.81475830078125 2.511676788330078 0.0 0.0 0.0 0.8420769572257996 0.5393574237823486
1654618309.5274284 3.810771942138672 2.543407440185547 0.0 0.0 0.0 0.8569415807723999 0.5154135227203369
1654618309.627412 3.799102783203125 2.55804443359375 0.0 0.0 0.0 0.8714191913604736 0.4905390739440918
1654618309.7273805 3.794281005859375 2.585376739501953 0.0 0.0 0.0 0.8853331208229065 0.4649572968482971
1654618309.827413 3.8052291870117188 2.615337371826172 0.0 0.0 0.0 0.8997767567634583 0.4363504946231842
1654618309.9273422 3.8061294555664062 2.641998291015625 0.0 0.0 0.0 0.914299726486206 0.40503832697868347
1654618310.0271974 3.79962158203125 2.6684188842773438 0.0 0.0 0.0 0.9269258379936218 0.3752446174621582
1654618310.1270797 3.796600341796875 2.6929931640625 0.0 0.0 0.0 0.9381139278411865 0.3463267385959625
1654618310.2270067 3.7812118530273438 2.713329315185547 0.0 0.0 0.0 0.9489446878433228 0.3154425024986267
1654618310.3270113 3.769989013671875 2.739013671875 0.0 0.0 0.0 0.9582865238189697 0.28580936789512634
1654618310.4272077 3.760498046875 2.7653732299804688 0.0 0.0 0.0 0.9662531018257141 0.257594496011734
1654618310.5275028 3.7385177612304688 2.794292449951172 0.0 0.0 0.0 0.9722076058387756 0.2341204583644867
1654618310.6277988 3.7128219604492188 2.816436767578125 0.0 0.0 0.0 0.9775137305259705 0.21087174117565155
1654618310.7280538 3.689434051513672 2.8318405151367188 0.0 0.0 0.0 0.9817657470703125 0.1900947242975235
1654618310.8282752 3.656177520751953 2.8532943725585938 0.0 0.0 0.0 0.9849315881729126 0.17294448614120483
1654618310.9283273 3.6164627075195312 2.877880096435547 0.0 0.0 0.0 0.9872841238975525 0.15896552801132202
1654618311.0283098 3.578685760498047 2.8906478881835938 0.0 0.0 0.0 0.9896098971366882 0.14377868175506592
1654618311.1282094 3.5322494506835938 2.907318115234375 0.0 0.0 0.0 0.9914648532867432 0.1303742527961731
1654618311.2281473 3.4840164184570312 2.9178466796875 0.0 0.0 0.0 0.9932305216789246 0.11616013944149017
1654618311.328069 3.44439697265625 2.93182373046875 0.0 0.0 0.0 0.9946335554122925 0.10346076637506485
1654618311.4279773 3.385875701904297 2.951427459716797 0.0 0.0 0.0 0.9959491491317749 0.08991854637861252
1654618311.5278728 3.336261749267578 2.9639968872070312 0.0 0.0 0.0 0.9969696998596191 0.07779117673635483
1654618311.6275852 3.2791366577148438 2.9783706665039062 0.0 0.0 0.0 0.997941792011261 0.0641261637210846
1654618311.7273288 3.212482452392578 2.9951858520507812 0.0 0.0 0.0 0.9986039996147156 0.052821315824985504
1654618311.8272045 3.139850616455078 3.0089797973632812 0.0 0.0 0.0 0.9990509748458862 0.04355645179748535
1654618311.9272075 3.070941925048828 3.015594482421875 0.0 0.0 0.0 0.9994194507598877 0.03406957536935806
1654618312.0271769 3.001262664794922 3.0113754272460938 0.0 0.0 0.0 0.9996554851531982 0.026248019188642502
1654618312.1271884 2.930206298828125 3.021484375 0.0 0.0 0.0 0.9998602867126465 0.016715658828616142
1654618312.2272563 2.8603439331054688 3.0321044921875 0.0 0.0 0.0 0.9999414682388306 0.01081882230937481
1654618312.3274431 2.790069580078125 3.0393753051757812 0.0 0.0 0.0 0.9999891519546509 0.004661618731915951
1654618312.427598 2.720458984375 3.039875030517578 0.0 0.0 0.0 -0.9999976754188538 0.0021650337148457766
1654618312.5276704 2.6391525268554688 3.039020538330078 0.0 0.0 0.0 -0.9999645948410034 0.008417462930083275
1654618312.627692 2.568572998046875 3.044635772705078 0.0 0.0 0.0 -0.9998778700828552 0.015626942738890648
1654618312.7276003 2.4938430786132812 3.041759490966797 0.0 0.0 0.0 -0.9997732043266296 0.02129746973514557
1654618312.8274171 2.422027587890625 3.037261962890625 0.0 0.0 0.0 -0.9996068477630615 0.028037406504154205
1654618312.9272363 2.33990478515625 3.034587860107422 0.0 0.0 0.0 -0.9993552565574646 0.03590284660458565
1654618313.0270853 2.270416259765625 3.0320968627929688 0.0 0.0 0.0 -0.9991490244865417 0.04124658554792404
1654618313.1270895 2.196990966796875 3.030658721923828 0.0 0.0 0.0 -0.9989702105522156 0.04537152498960495
1654618313.2272804 2.1124496459960938 3.037090301513672 0.0 0.0 0.0 -0.99898362159729 0.04507463797926903
1654618313.327519 2.0149612426757812 3.029521942138672 0.0 0.0 0.0 -0.9991044998168945 0.04231126978993416
1654618313.4276392 1.9358749389648438 3.023418426513672 0.0 0.0 0.0 -0.9992184638977051 0.03952768072485924
1654618313.527725 1.8366622924804688 3.0176773071289062 0.0 0.0 0.0 -0.9993885159492493 0.03496573492884636
1654618313.62779 1.7569694519042969 3.004436492919922 0.0 0.0 0.0 -0.9995900392532349 0.0286315456032753
1654618313.7277822 1.6638259887695312 2.9968948364257812 0.0 0.0 0.0 -0.999729335308075 0.02326512522995472
1654618313.8277497 1.5905952453613281 2.991931915283203 0.0 0.0 0.0 -0.9998369812965393 0.018056083470582962
1654618313.927664 1.4977493286132812 2.9923019409179688 0.0 0.0 0.0 -0.9999103546142578 0.013387713581323624
1654618314.0275204 1.406646728515625 2.9894943237304688 0.0 0.0 0.0 -0.9999638795852661 0.008497807197272778
1654618314.1274219 1.3198928833007812 2.9863204956054688 0.0 0.0 0.0 -0.9999853372573853 0.005416680593043566
1654618314.2272346 1.2298202514648438 2.980937957763672 0.0 0.0 0.0 -0.9999855756759644 0.0053735277615487576
1654618314.3269906 1.1472969055175781 2.98492431640625 0.0 0.0 0.0 -0.9999845623970032 0.00555448466911912
1654618314.4267442 1.0549430847167969 2.988239288330078 0.0 0.0 0.0 -0.9999642372131348 0.008458350785076618
1654618314.5265784 0.9809455871582031 2.9797134399414062 0.0 0.0 0.0 -0.9999364614486694 0.011273459531366825
1654618314.626565 0.8975639343261719 2.9803085327148438 0.0 0.0 0.0 -0.9998957514762878 0.014438798651099205
1654618314.726723 0.8157844543457031 2.989452362060547 0.0 0.0 0.0 -0.9998506903648376 0.017279556021094322
1654618314.8271456 0.7404289245605469 2.989124298095703 0.0 0.0 0.0 -0.9998074173927307 0.019625432789325714
1654618314.9274418 0.6587638854980469 2.98590087890625 0.0 0.0 0.0 -0.9996564388275146 0.026211434975266457
1654618315.0276127 0.5957717895507812 2.982074737548828 0.0 0.0 0.0 -0.9994900226593018 0.03193272277712822
1654618315.1276336 0.525726318359375 2.9768600463867188 0.0 0.0 0.0 -0.9992402791976929 0.03897307068109512
1654618315.2274344 0.4662055969238281 2.9800491333007812 0.0 0.0 0.0 -0.9988441467285156 0.048066046088933945
1654618315.3271887 0.4080619812011719 2.970561981201172 0.0 0.0 0.0 -0.9980831146240234 0.061887700110673904
1654618315.4269903 0.3564453125 2.9722671508789062 0.0 0.0 0.0 -0.9971189498901367 0.07585357129573822
1654618315.5267315 0.2892341613769531 2.968578338623047 0.0 0.0 0.0 -0.9954328536987305 0.09546437859535217
1654618315.626555 0.24019622802734375 2.965953826904297 0.0 0.0 0.0 -0.9933929443359375 0.11476276069879532
1654618315.7264888 0.19013595581054688 2.964488983154297 0.0 0.0 0.0 -0.990310549736023 0.13887029886245728
1654618315.8265293 0.14679718017578125 2.9604568481445312 0.0 0.0 0.0 -0.9862878322601318 0.16503441333770752
1654618315.9268131 0.10133743286132812 2.9677658081054688 0.0 0.0 0.0 -0.9815021753311157 0.19145086407661438
1654618316.0271199 0.06916427612304688 2.96466064453125 0.0 0.0 0.0 -0.9752034544944763 0.22131025791168213
1654618316.1274111 0.04878997802734375 2.969463348388672 0.0 0.0 0.0 -0.9674243927001953 0.25316011905670166
1654618316.2276263 0.027507781982421875 2.9638595581054688 0.0 0.0 0.0 -0.9575644135475159 0.2882194221019745
1654618316.3277435 0.00635528564453125 2.96923828125 0.0 0.0 0.0 -0.9475295543670654 0.31966811418533325
1654618316.4278164 -0.03003692626953125 2.9811630249023438 0.0 0.0 0.0 -0.9345033168792725 0.35595443844795227
1654618316.5277874 -0.0478363037109375 2.978649139404297 0.0 0.0 0.0 -0.9217111468315125 0.38787704706192017
1654618316.6277134 -0.06508636474609375 2.978790283203125 0.0 0.0 0.0 -0.9067099690437317 0.42175471782684326
1654618316.7276254 -0.071258544921875 2.977313995361328 0.0 0.0 0.0 -0.8899453282356262 0.45606720447540283
1654618316.8275769 -0.08890151977539062 2.971710205078125 0.0 0.0 0.0 -0.875503420829773 0.483211874961853
1654618316.9276898 -0.09789276123046875 2.968791961669922 0.0 0.0 0.0 -0.8612034916877747 0.5082603096961975
1654618317.0277815 -0.10935592651367188 2.971435546875 0.0 0.0 0.0 -0.8439145684242249 0.5364776253700256
1654618317.1278849 -0.11044692993164062 2.9646224975585938 0.0 0.0 0.0 -0.829394519329071 0.5586633682250977
1654618317.2279499 -0.12322235107421875 2.9637985229492188 0.0 0.0 0.0 -0.8138065338134766 0.5811358690261841
1654618317.3279705 -0.143157958984375 2.957225799560547 0.0 0.0 0.0 -0.798769474029541 0.6016371846199036
1654618317.427889 -0.16121292114257812 2.949260711669922 0.0 0.0 0.0 -0.7853592038154602 0.6190403699874878
1654618317.5277994 -0.17319107055664062 2.928241729736328 0.0 0.0 0.0 -0.772206723690033 0.6353713870048523
1654618317.627619 -0.17292404174804688 2.907085418701172 0.0 0.0 0.0 -0.7612442970275879 0.6484652161598206
1654618317.727432 -0.1796875 2.884429931640625 0.0 0.0 0.0 -0.7498835325241089 0.6615698337554932
1654618317.8272645 -0.2004547119140625 2.851032257080078 0.0 0.0 0.0 -0.741122841835022 0.6713694334030151
1654618317.9271617 -0.2107086181640625 2.8088455200195312 0.0 0.0 0.0 -0.7344228625297546 0.6786921620368958
1654618318.0269523 -0.21784591674804688 2.765941619873047 0.0 0.0 0.0 -0.726824939250946 0.686822772026062
1654618318.1268473 -0.22362518310546875 2.71337890625 0.0 0.0 0.0 -0.720943033695221 0.6929943561553955
1654618318.2268162 -0.2256622314453125 2.659076690673828 0.0 0.0 0.0 -0.7154589295387268 0.69865483045578
1654618318.326821 -0.23813629150390625 2.59918212890625 0.0 0.0 0.0 -0.7075555920600891 0.7066576480865479
1654618318.4268198 -0.23418426513671875 2.5452499389648438 0.0 0.0 0.0 -0.7022165060043335 0.7119634747505188
1654618318.5269306 -0.22812652587890625 2.486347198486328 0.0 0.0 0.0 -0.6986514329910278 0.7154622077941895
1654618318.627166 -0.23675537109375 2.4228515625 0.0 0.0 0.0 -0.6920912861824036 0.721809983253479
1654618318.7273855 -0.23935699462890625 2.342987060546875 0.0 0.0 0.0 -0.6924740672111511 0.7214427590370178
1654618318.827648 -0.23346710205078125 2.2658920288085938 0.0 0.0 0.0 -0.6940052509307861 0.7199699282646179
1654618318.9278767 -0.238800048828125 2.178497314453125 0.0 0.0 0.0 -0.6937087774276733 0.7202556133270264
1654618319.0278494 -0.24126434326171875 2.1007003784179688 0.0 0.0 0.0 -0.6944608688354492 0.719530463218689
1654618319.1275887 -0.23917007446289062 2.018688201904297 0.0 0.0 0.0 -0.6952269673347473 0.7187902927398682
1654618319.2273085 -0.23655319213867188 1.9505729675292969 0.0 0.0 0.0 -0.6963083744049072 0.7177427411079407
1654618319.3270364 -0.23484420776367188 1.8856735229492188 0.0 0.0 0.0 -0.6945111155509949 0.7194819450378418
1654618319.4267669 -0.22869110107421875 1.8163223266601562 0.0 0.0 0.0 -0.692223072052002 0.7216835618019104
1654618319.5266678 -0.21924972534179688 1.737579345703125 0.0 0.0 0.0 -0.693183422088623 0.7207611799240112
1654618319.6267183 -0.217376708984375 1.6720199584960938 0.0 0.0 0.0 -0.6901591420173645 0.7236576676368713
1654618319.7268214 -0.22831344604492188 1.5974922180175781 0.0 0.0 0.0 -0.6890480518341064 0.7247156500816345
1654618319.8269737 -0.2233734130859375 1.529052734375 0.0 0.0 0.0 -0.6852788329124451 0.7282808423042297
1654618319.9270923 -0.22879791259765625 1.46612548828125 0.0 0.0 0.0 -0.6815218329429626 0.7317978143692017
1654618320.0272512 -0.21970367431640625 1.3925094604492188 0.0 0.0 0.0 -0.6791273951530457 0.7340204119682312
1654618320.127246 -0.22130203247070312 1.3251838684082031 0.0 0.0 0.0 -0.6755672097206116 0.7372984290122986
1654618320.227243 -0.22264480590820312 1.2724494934082031 0.0 0.0 0.0 -0.670724093914032 0.7417069673538208
1654618320.3273072 -0.22070693969726562 1.219482421875 0.0 0.0 0.0 -0.6634613275527954 0.748210608959198
1654618320.427287 -0.20656585693359375 1.1714248657226562 0.0 0.0 0.0 -0.6558102965354919 0.7549257278442383
1654618320.5271695 -0.20721817016601562 1.1380233764648438 0.0 0.0 0.0 -0.6450238823890686 0.7641624212265015
1654618320.6270797 -0.1947021484375 1.0923385620117188 0.0 0.0 0.0 -0.6342865824699402 0.7730980515480042
1654618320.7270179 -0.20139312744140625 1.0721435546875 0.0 0.0 0.0 -0.6193859577178955 0.7850866317749023
1654618320.8270152 -0.1995086669921875 1.0300216674804688 0.0 0.0 0.0 -0.6065264940261841 0.7950632572174072
1654618320.92708 -0.19408798217773438 0.9991989135742188 0.0 0.0 0.0 -0.5894123315811157 0.8078323006629944
1654618321.0271347 -0.19564056396484375 0.9677734375 0.0 0.0 0.0 -0.5723487734794617 0.8200103044509888
1654618321.1272814 -0.181121826171875 0.94775390625 0.0 0.0 0.0 -0.5539816617965698 0.832528829574585
1654618321.2275379 -0.1717681884765625 0.9080619812011719 0.0 0.0 0.0 -0.5393047332763672 0.8421106934547424
1654618321.32774 -0.17649078369140625 0.8869819641113281 0.0 0.0 0.0 -0.5199218988418579 0.8542137742042542
1654618321.4278362 -0.16731643676757812 0.8675918579101562 0.0 0.0 0.0 -0.5016379952430725 0.8650776743888855
1654618321.527907 -0.16377639770507812 0.8297348022460938 0.0 0.0 0.0 -0.48521822690963745 0.874393105506897
1654618321.627953 -0.16693496704101562 0.8098564147949219 0.0 0.0 0.0 -0.4639664888381958 0.8858527541160583
1654618321.7279458 -0.17092514038085938 0.7855644226074219 0.0 0.0 0.0 -0.44046032428741455 0.8977720737457275
1654618321.8279326 -0.16750335693359375 0.7657051086425781 0.0 0.0 0.0 -0.4185153841972351 0.9082096815109253
1654618321.927847 -0.15404891967773438 0.7455520629882812 0.0 0.0 0.0 -0.3946557939052582 0.9188290238380432
1654618322.0277364 -0.1519622802734375 0.7269058227539062 0.0 0.0 0.0 -0.3705788254737854 0.9288010001182556
1654618322.127595 -0.15929412841796875 0.7091751098632812 0.0 0.0 0.0 -0.3432201147079468 0.9392549991607666
1654618322.2273777 -0.15853500366210938 0.6830024719238281 0.0 0.0 0.0 -0.3126792311668396 0.9498587846755981
1654618322.3271086 -0.17110443115234375 0.6783638000488281 0.0 0.0 0.0 -0.2773127257823944 0.9607797265052795
1654618322.426996 -0.17052078247070312 0.6637496948242188 0.0 0.0 0.0 -0.24526207149028778 0.9694567918777466
1654618322.5271227 -0.16372299194335938 0.65740966796875 0.0 0.0 0.0 -0.21682097017765045 0.9762113690376282
1654618322.6272871 -0.16105270385742188 0.6450881958007812 0.0 0.0 0.0 -0.19048134982585907 0.9816908240318298
1654618322.7275977 -0.1644134521484375 0.6332206726074219 0.0 0.0 0.0 -0.16642628610134125 0.9860538840293884
1654618322.8278606 -0.153045654296875 0.6252975463867188 0.0 0.0 0.0 -0.14675037562847137 0.9891735315322876
1654618322.9280486 -0.14146804809570312 0.6156997680664062 0.0 0.0 0.0 -0.1228146031498909 0.9924296140670776
1654618323.02813 -0.13467788696289062 0.6053352355957031 0.0 0.0 0.0 -0.09892318397760391 0.9950950741767883
1654618323.1280918 -0.11824798583984375 0.5965194702148438 0.0 0.0 0.0 -0.07590606063604355 0.9971149563789368
1654618323.227971 -0.11082839965820312 0.5902175903320312 0.0 0.0 0.0 -0.05225462466478348 0.9986338019371033
1654618323.3279147 -0.0980072021484375 0.5733566284179688 0.0 0.0 0.0 -0.02997417375445366 0.9995507001876831
1654618323.4279277 -0.07720184326171875 0.5708847045898438 0.0 0.0 0.0 -0.010795296169817448 0.9999417066574097
1654618323.5280766 -0.03470611572265625 0.591552734375 0.0 0.0 0.0 0.0021020853891968727 0.9999977946281433
1654618323.6282878 -0.012584686279296875 0.5873222351074219 0.0 0.0 0.0 0.017740607261657715 0.999842643737793
1654618323.7283442 0.03031158447265625 0.5830268859863281 0.0 0.0 0.0 0.027901049703359604 0.9996106624603271
1654618323.8283358 0.08153152465820312 0.5763359069824219 0.0 0.0 0.0 0.032285939902067184 0.9994786977767944
1654618323.9283414 0.13969802856445312 0.584930419921875 0.0 0.0 0.0 0.035060010850429535 0.9993852376937866
1654618324.0282028 0.199249267578125 0.5829887390136719 0.0 0.0 0.0 0.03598886728286743 0.999352216720581
1654618324.1280177 0.27520751953125 0.580291748046875 0.0 0.0 0.0 0.03469673916697502 0.999397873878479
1654618324.227766 0.35279083251953125 0.5859146118164062 0.0 0.0 0.0 0.033207397907972336 0.9994484782218933
1654618324.3274915 0.42655181884765625 0.58599853515625 0.0 0.0 0.0 0.032345015555620193 0.9994767904281616
1654618324.4272366 0.513275146484375 0.6013298034667969 0.0 0.0 0.0 0.03048456832766533 0.9995352625846863
1654618324.527019 0.5893669128417969 0.5908317565917969 0.0 0.0 0.0 0.03194664046168327 0.9994896054267883
1654618324.6268556 0.6677780151367188 0.5976333618164062 0.0 0.0 0.0 0.0318317785859108 0.9994932413101196
1654618324.7267916 0.7496223449707031 0.6006889343261719 0.0 0.0 0.0 0.03245590254664421 0.9994731545448303
1654618324.8266997 0.8283500671386719 0.5989570617675781 0.0 0.0 0.0 0.035573810338974 0.9993670582771301
1654618324.92667 0.9068374633789062 0.6083488464355469 0.0 0.0 0.0 0.03744634613394737 0.999298632144928
1654618325.0266986 0.9845085144042969 0.6086502075195312 0.0 0.0 0.0 0.0416078045964241 0.9991340041160583
1654618325.1267333 1.0604438781738281 0.6160202026367188 0.0 0.0 0.0 0.0471835620701313 0.998886227607727
1654618325.226791 1.1431770324707031 0.6231689453125 0.0 0.0 0.0 0.05103352665901184 0.9986969232559204
1654618325.3267915 1.2223320007324219 0.6264762878417969 0.0 0.0 0.0 0.055011000484228134 0.9984857439994812
1654618325.4267738 1.3081474304199219 0.6361274719238281 0.0 0.0 0.0 0.05704015493392944 0.9983718991279602
1654618325.5266702 1.3939285278320312 0.6431465148925781 0.0 0.0 0.0 0.058993421494960785 0.9982583522796631
1654618325.6265366 1.4800605773925781 0.6497306823730469 0.0 0.0 0.0 0.05865205451846123 0.9982784986495972
1654618325.7264326 1.5766677856445312 0.6577949523925781 0.0 0.0 0.0 0.058053482323884964 0.9983134865760803
1654618325.8263853 1.6500740051269531 0.6630325317382812 0.0 0.0 0.0 0.05794356018304825 0.9983198642730713
1654618325.9263086 1.7358016967773438 0.6742782592773438 0.0 0.0 0.0 0.05564000457525253 0.9984508752822876
1654618326.026157 1.81817626953125 0.6847457885742188 0.0 0.0 0.0 0.05422825366258621 0.9985285401344299
1654618326.126033 1.9028396606445312 0.6928520202636719 0.0 0.0 0.0 0.053340550512075424 0.9985764026641846
1654618326.2260225 1.9914970397949219 0.70489501953125 0.0 0.0 0.0 0.05213862285017967 0.9986398816108704
1654618326.3262224 2.0835342407226562 0.7121353149414062 0.0 0.0 0.0 0.05137203633785248 0.9986795783042908
1654618326.4264135 2.1672439575195312 0.7160758972167969 0.0 0.0 0.0 0.051149968057870865 0.9986909627914429
1654618326.5265417 2.255634307861328 0.71734619140625 0.0 0.0 0.0 0.051761459559202194 0.9986594915390015
1654618326.6265955 2.337146759033203 0.7249069213867188 0.0 0.0 0.0 0.051999032497406006 0.998647153377533
1654618326.7267816 2.421436309814453 0.7390251159667969 0.0 0.0 0.0 0.05398530885577202 0.9985417127609253
1654618326.8270078 2.504150390625 0.7460212707519531 0.0 0.0 0.0 0.05697542428970337 0.9983755946159363
1654618326.9272902 2.5872421264648438 0.7611160278320312 0.0 0.0 0.0 0.05898495018482208 0.9982588887214661
1654618327.0275276 2.669116973876953 0.769805908203125 0.0 0.0 0.0 0.062417738139629364 0.9980500936508179
1654618327.127731 2.7518539428710938 0.7783203125 0.0 0.0 0.0 0.06721850484609604 0.9977383017539978
1654618327.2278357 2.8278579711914062 0.7836418151855469 0.0 0.0 0.0 0.07207316905260086 0.9973993301391602
1654618327.3279274 2.9070968627929688 0.788818359375 0.0 0.0 0.0 0.07707909494638443 0.9970249533653259
1654618327.4279325 2.9774856567382812 0.8025131225585938 0.0 0.0 0.0 0.08460000902414322 0.9964150190353394
1654618327.527789 3.0621566772460938 0.814727783203125 0.0 0.0 0.0 0.09255924075841904 0.9957071542739868
1654618327.6276402 3.14581298828125 0.8227310180664062 0.0 0.0 0.0 0.10427989065647125 0.994547963142395
1654618327.7274177 3.2095718383789062 0.8384628295898438 0.0 0.0 0.0 0.1187642440199852 0.9929224848747253
1654618327.8272169 3.272655487060547 0.84405517578125 0.0 0.0 0.0 0.13900475203990936 0.9902917146682739
1654618327.9271076 3.338775634765625 0.8491592407226562 0.0 0.0 0.0 0.15989816188812256 0.9871335029602051
1654618328.0269876 3.380512237548828 0.8550834655761719 0.0 0.0 0.0 0.18606704473495483 0.982537031173706
1654618328.1269352 3.418415069580078 0.8635673522949219 0.0 0.0 0.0 0.21578052639961243 0.9764418601989746
1654618328.227004 3.4528121948242188 0.8597640991210938 0.0 0.0 0.0 0.2419005185365677 0.9703010320663452
1654618328.327145 3.4822311401367188 0.8593063354492188 0.0 0.0 0.0 0.27247169613838196 0.9621638059616089
1654618328.4272213 3.5218276977539062 0.8651237487792969 0.0 0.0 0.0 0.3030984401702881 0.9529592394828796
1654618328.5273101 3.5431900024414062 0.8685188293457031 0.0 0.0 0.0 0.33658599853515625 0.9416527152061462
1654618328.6273391 3.5652236938476562 0.8838005065917969 0.0 0.0 0.0 0.36674028635025024 0.9303233623504639
1654618328.7273874 3.597431182861328 0.8902473449707031 0.0 0.0 0.0 0.3937368094921112 0.9192232489585876
1654618328.8274424 3.6192626953125 0.9045219421386719 0.0 0.0 0.0 0.4197505712509155 0.9076395034790039
1654618328.9275043 3.6474990844726562 0.9161796569824219 0.0 0.0 0.0 0.44232529401779175 0.8968546986579895
1654618329.0275497 3.6738052368164062 0.9350357055664062 0.0 0.0 0.0 0.4626002013683319 0.8865669965744019
1654618329.1275384 3.704914093017578 0.9609909057617188 0.0 0.0 0.0 0.4805057942867279 0.8769915699958801
1654618329.2273383 3.7296218872070312 0.9879264831542969 0.0 0.0 0.0 0.4975992441177368 0.8674070239067078
1654618329.3270433 3.7609176635742188 1.0264167785644531 0.0 0.0 0.0 0.5123471021652222 0.8587784767150879
1654618329.4266849 3.79071044921875 1.06402587890625 0.0 0.0 0.0 0.5290198922157288 0.8486093878746033
1654618329.5265636 3.823009490966797 1.1077690124511719 0.0 0.0 0.0 0.5441811680793762 0.8389677405357361
1654618329.626558 3.857330322265625 1.1570243835449219 0.0 0.0 0.0 0.5580648183822632 0.8297973275184631
1654618329.7265856 3.8790283203125 1.2033767700195312 0.0 0.0 0.0 0.5732942223548889 0.8193495869636536
1654618329.826651 3.9089584350585938 1.2536811828613281 0.0 0.0 0.0 0.5879293084144592 0.8089123368263245
1654618329.926715 3.9438095092773438 1.3135261535644531 0.0 0.0 0.0 0.6027488708496094 0.7979309558868408
1654618330.0267153 3.969898223876953 1.3642196655273438 0.0 0.0 0.0 0.6200755834579468 0.7845420837402344
1654618330.1266491 3.9918746948242188 1.4305953979492188 0.0 0.0 0.0 0.6378557682037354 0.7701558470726013
1654618330.2266784 4.009624481201172 1.4960708618164062 0.0 0.0 0.0 0.6558414697647095 0.7548986673355103
1654618330.326732 4.030487060546875 1.5620346069335938 0.0 0.0 0.0 0.6729182004928589 0.7397168874740601
1654618330.4270287 4.040821075439453 1.6236572265625 0.0 0.0 0.0 0.6888841390609741 0.7248714566230774
1654618330.5273035 4.04302978515625 1.6955680847167969 0.0 0.0 0.0 0.7032314538955688 0.7109609842300415
1654618330.6275733 4.048595428466797 1.774444580078125 0.0 0.0 0.0 0.7159457206726074 0.69815593957901
1654618330.7277174 4.04241943359375 1.8536911010742188 0.0 0.0 0.0 0.7262774705886841 0.6874016523361206
1654618330.827829 4.049449920654297 1.9340438842773438 0.0 0.0 0.0 0.7352893948554993 0.6777532696723938
1654618330.9277709 4.0548095703125 2.0233688354492188 0.0 0.0 0.0 0.7420427203178406 0.6703526377677917
1654618331.0275106 4.044090270996094 2.1122360229492188 0.0 0.0 0.0 0.7477777600288391 0.6639491319656372
1654618331.1271393 4.053718566894531 2.191082000732422 0.0 0.0 0.0 0.7534661889076233 0.6574866771697998
1654618331.226819 4.045207977294922 2.2717361450195312 0.0 0.0 0.0 0.7600634694099426 0.6498488783836365
1654618331.3265588 4.036628723144531 2.347797393798828 0.0 0.0 0.0 0.76730877161026 0.6412778496742249
1654618331.4263887 4.014385223388672 2.42315673828125 0.0 0.0 0.0 0.7770552635192871 0.6294323801994324
1654618331.5262618 3.992706298828125 2.4898147583007812 0.0 0.0 0.0 0.7900818586349487 0.6130013465881348
1654618331.6260412 3.9811019897460938 2.545673370361328 0.0 0.0 0.0 0.8042689561843872 0.5942655205726624
1654618331.7260556 3.975677490234375 2.5921859741210938 0.0 0.0 0.0 0.8186525106430054 0.5742892026901245
1654618331.8262615 3.968799591064453 2.6580886840820312 0.0 0.0 0.0 0.8336914777755737 0.5522305369377136
1654618331.9264727 3.9630203247070312 2.6861495971679688 0.0 0.0 0.0 0.8494481444358826 0.5276721119880676
1654618332.0267434 3.9646835327148438 2.69873046875 0.0 0.0 0.0 0.8646833300590515 0.5023173093795776
1654618332.1270006 3.967662811279297 2.7264633178710938 0.0 0.0 0.0 0.8796007037162781 0.47571268677711487
1654618332.227136 3.9726028442382812 2.743297576904297 0.0 0.0 0.0 0.8954160213470459 0.4452304244041443
1654618332.3270962 3.984100341796875 2.760753631591797 0.0 0.0 0.0 0.9120591282844543 0.41005873680114746
1654618332.4270358 3.9892044067382812 2.7770614624023438 0.0 0.0 0.0 0.9279165863990784 0.3727879524230957
1654618332.5269434 4.007221221923828 2.7814559936523438 0.0 0.0 0.0 0.9427249431610107 0.3335711359977722
1654618332.6269114 4.023082733154297 2.7781295776367188 0.0 0.0 0.0 0.9555302262306213 0.2948932349681854
1654618332.7269235 4.03619384765625 2.786388397216797 0.0 0.0 0.0 0.9665200114250183 0.2565913200378418
1654618332.8269806 4.061576843261719 2.797679901123047 0.0 0.0 0.0 0.9750000834465027 0.22220450639724731
1654618332.927058 4.071479797363281 2.8032760620117188 0.0 0.0 0.0 0.9817265272140503 0.19029706716537476
1654618333.0271525 4.080699920654297 2.808795928955078 0.0 0.0 0.0 0.9869717359542847 0.16089387238025665
1654618333.1273506 4.077239990234375 2.814098358154297 0.0 0.0 0.0 0.9907035231590271 0.1360389143228531
1654618333.2275245 4.085338592529297 2.825225830078125 0.0 0.0 0.0 0.9936414361000061 0.11259063333272934
1654618333.3276198 4.082756042480469 2.835163116455078 0.0 0.0 0.0 0.9955991506576538 0.0937141627073288
1654618333.4277394 4.076091766357422 2.846088409423828 0.0 0.0 0.0 0.9968214631080627 0.07966788858175278
1654618333.52784 4.068878173828125 2.842365264892578 0.0 0.0 0.0 0.9977738857269287 0.06668831408023834
1654618333.6277661 4.052459716796875 2.8481521606445312 0.0 0.0 0.0 0.9985802173614502 0.05326855555176735
1654618333.7276895 4.019054412841797 2.8595199584960938 0.0 0.0 0.0 0.9992559552192688 0.03856901824474335
1654618333.827743 3.984600067138672 2.871265411376953 0.0 0.0 0.0 0.9996185898780823 0.027617475017905235
1654618333.9279547 3.932220458984375 2.8757400512695312 0.0 0.0 0.0 0.9998499155044556 0.017325324937701225
1654618334.0282736 3.873310089111328 2.876026153564453 0.0 0.0 0.0 0.9999136924743652 0.013135845772922039
1654618334.1285865 3.7987594604492188 2.889842987060547 0.0 0.0 0.0 0.999943196773529 0.010656826198101044
1654618334.2288315 3.7106399536132812 2.887744903564453 0.0 0.0 0.0 0.9998748898506165 0.015818487852811813
1654618334.3288577 3.626293182373047 2.8938980102539062 0.0 0.0 0.0 0.9997658729553223 0.02163880690932274
1654618334.4286354 3.529796600341797 2.888050079345703 0.0 0.0 0.0 0.9996384978294373 0.026885444298386574
1654618334.5282438 3.432403564453125 2.895977020263672 0.0 0.0 0.0 0.9994639158248901 0.03273922950029373
1654618334.6278827 3.336772918701172 2.8977584838867188 0.0 0.0 0.0 0.9993512034416199 0.03601614013314247
1654618334.7275946 3.250072479248047 2.910137176513672 0.0 0.0 0.0 0.9993165135383606 0.03696703538298607
1654618334.8273983 3.1656570434570312 2.9153366088867188 0.0 0.0 0.0 0.9993547201156616 0.0359179750084877
1654618334.9272156 3.0756759643554688 2.9190902709960938 0.0 0.0 0.0 0.9994226098060608 0.03397783637046814
1654618335.0270996 2.991363525390625 2.928436279296875 0.0 0.0 0.0 0.9995945692062378 0.02847377583384514
1654618335.127092 2.9005126953125 2.933971405029297 0.0 0.0 0.0 0.9997842907905579 0.020769966766238213
1654618335.2271104 2.8112716674804688 2.946094512939453 0.0 0.0 0.0 0.9999242424964905 0.012307527475059032
1654618335.3272521 2.727703094482422 2.949565887451172 0.0 0.0 0.0 0.9999905824661255 0.004342975560575724
1654618335.427371 2.644390106201172 2.950763702392578 0.0 0.0 0.0 -0.9999982118606567 0.0018848924664780498
1654618335.527511 2.552928924560547 2.956462860107422 0.0 0.0 0.0 -0.9999567866325378 0.009297669865190983
1654618335.6277099 2.461029052734375 2.9511642456054688 0.0 0.0 0.0 -0.9998955726623535 0.01445095706731081
1654618335.7280126 2.3682632446289062 2.9589309692382812 0.0 0.0 0.0 -0.9998149275779724 0.019238313660025597
1654618335.8283422 2.2691421508789062 2.956653594970703 0.0 0.0 0.0 -0.9997993111610413 0.020034240558743477
1654618335.9285862 2.172504425048828 2.9450607299804688 0.0 0.0 0.0 -0.9997654557228088 0.02165680192410946
1654618336.028699 2.082794189453125 2.95166015625 0.0 0.0 0.0 -0.999708354473114 0.02414964884519577
1654618336.1286182 1.992431640625 2.949249267578125 0.0 0.0 0.0 -0.9996946454048157 0.024710718542337418
1654618336.2284038 1.8801193237304688 2.9473876953125 0.0 0.0 0.0 -0.9997069835662842 0.024207567796111107
1654618336.328018 1.7820510864257812 2.947887420654297 0.0 0.0 0.0 -0.9997032284736633 0.024360230192542076
1654618336.427502 1.677093505859375 2.936321258544922 0.0 0.0 0.0 -0.9996484518051147 0.026513881981372833
1654618336.5269213 1.5883598327636719 2.942890167236328 0.0 0.0 0.0 -0.9995266795158386 0.030763376504182816
1654618336.6264493 1.4872550964355469 2.932281494140625 0.0 0.0 0.0 -0.9993906021118164 0.0349053330719471
1654618336.7262633 1.401824951171875 2.920665740966797 0.0 0.0 0.0 -0.9992015957832336 0.03995196893811226
1654618336.8263135 1.3127059936523438 2.919910430908203 0.0 0.0 0.0 -0.9989593029022217 0.04561005160212517
1654618336.9265466 1.2180595397949219 2.915302276611328 0.0 0.0 0.0 -0.9987223744392395 0.05053377151489258
1654618337.0268462 1.1168098449707031 2.913494110107422 0.0 0.0 0.0 -0.9984768033027649 0.05517297983169556
1654618337.1272185 1.0351982116699219 2.912006378173828 0.0 0.0 0.0 -0.9980500936508179 0.06241798773407936
1654618337.2275722 0.9415817260742188 2.896392822265625 0.0 0.0 0.0 -0.9975179433822632 0.07041256874799728
1654618337.3278887 0.8594436645507812 2.883373260498047 0.0 0.0 0.0 -0.996924638748169 0.07836650311946869
1654618337.4281213 0.770843505859375 2.8663558959960938 0.0 0.0 0.0 -0.9960819482803345 0.08843532204627991
1654618337.5282078 0.6935653686523438 2.8579177856445312 0.0 0.0 0.0 -0.9949907064437866 0.09996766597032547
1654618337.6281729 0.6141281127929688 2.852832794189453 0.0 0.0 0.0 -0.9934523105621338 0.11424737423658371
1654618337.7279456 0.5563163757324219 2.8406753540039062 0.0 0.0 0.0 -0.9911862015724182 0.1324761062860489
1654618337.8275428 0.4949150085449219 2.831867218017578 0.0 0.0 0.0 -0.9880256056785583 0.15429015457630157
1654618337.9270818 0.43215179443359375 2.828746795654297 0.0 0.0 0.0 -0.9839425086975098 0.17848560214042664
1654618338.0267296 0.38130950927734375 2.8192367553710938 0.0 0.0 0.0 -0.9777522087097168 0.20976318418979645
1654618338.1264896 0.32855224609375 2.813079833984375 0.0 0.0 0.0 -0.9704969525337219 0.24111340939998627
1654618338.2265022 0.2924995422363281 2.802814483642578 0.0 0.0 0.0 -0.9614970684051514 0.2748151123523712
1654618338.3266797 0.24834060668945312 2.804553985595703 0.0 0.0 0.0 -0.9498674273490906 0.3126528859138489
1654618338.426943 0.21314239501953125 2.796924591064453 0.0 0.0 0.0 -0.9368160367012024 0.34982243180274963
1654618338.5272148 0.17661666870117188 2.7942428588867188 0.0 0.0 0.0 -0.9208439588546753 0.389931321144104
1654618338.6273508 0.14823150634765625 2.779052734375 0.0 0.0 0.0 -0.9025066494941711 0.4306759834289551
1654618338.7275124 0.127197265625 2.773193359375 0.0 0.0 0.0 -0.8808005452156067 0.4734874963760376
1654618338.8277683 0.102142333984375 2.747638702392578 0.0 0.0 0.0 -0.8603804111480713 0.5096523761749268
1654618338.9279542 0.07389068603515625 2.728504180908203 0.0 0.0 0.0 -0.8383297920227051 0.5451633930206299
1654618339.0280364 0.057708740234375 2.70556640625 0.0 0.0 0.0 -0.8182021379470825 0.5749306678771973
1654618339.1279979 0.038341522216796875 2.6755752563476562 0.0 0.0 0.0 -0.8007168173789978 0.599043071269989
1654618339.2279494 0.007099151611328125 2.642009735107422 0.0 0.0 0.0 -0.7835119962692261 0.621376633644104
1654618339.327896 -0.01753997802734375 2.597431182861328 0.0 0.0 0.0 -0.7676588296890259 0.6408587098121643
1654618339.4278362 -0.04409027099609375 2.545032501220703 0.0 0.0 0.0 -0.754550576210022 0.6562419533729553
1654618339.5277846 -0.05689239501953125 2.4852523803710938 0.0 0.0 0.0 -0.7426987290382385 0.6696256995201111
1654618339.627637 -0.0684814453125 2.415813446044922 0.0 0.0 0.0 -0.7339574694633484 0.6791954040527344
1654618339.7275882 -0.06353759765625 2.345317840576172 0.0 0.0 0.0 -0.7244784235954285 0.6892974972724915
1654618339.8275578 -0.07450103759765625 2.2666397094726562 0.0 0.0 0.0 -0.7171131372451782 0.6969568133354187
1654618339.927498 -0.08533477783203125 2.19232177734375 0.0 0.0 0.0 -0.7092940211296082 0.7049127221107483
1654618340.0273883 -0.09328079223632812 2.11029052734375 0.0 0.0 0.0 -0.7035725116729736 0.7106234431266785
1654618340.1272318 -0.09412002563476562 2.031036376953125 0.0 0.0 0.0 -0.696189284324646 0.7178582549095154
1654618340.2270408 -0.1091461181640625 1.9471969604492188 0.0 0.0 0.0 -0.6864274144172668 0.7271983027458191
1654618340.326914 -0.096405029296875 1.8684158325195312 0.0 0.0 0.0 -0.6745496392250061 0.738229513168335
1654618340.426818 -0.0999755859375 1.800933837890625 0.0 0.0 0.0 -0.6629673838615417 0.7486482858657837
1654618340.5268078 -0.10068893432617188 1.73309326171875 0.0 0.0 0.0 -0.6510669589042664 0.7590202689170837
1654618340.6270292 -0.09357452392578125 1.6606216430664062 0.0 0.0 0.0 -0.6402227282524109 0.7681893706321716
1654618340.7273211 -0.09151077270507812 1.5946426391601562 0.0 0.0 0.0 -0.6289961934089661 0.7774083614349365
1654618340.827483 -0.07839202880859375 1.51995849609375 0.0 0.0 0.0 -0.6193142533302307 0.7851431965827942
1654618340.9276073 -0.07268524169921875 1.4498786926269531 0.0 0.0 0.0 -0.6103876233100891 0.7921028733253479
1654618341.027606 -0.05448150634765625 1.3896484375 0.0 0.0 0.0 -0.5999266505241394 0.8000550270080566
1654618341.1274686 -0.048908233642578125 1.3323249816894531 0.0 0.0 0.0 -0.5888222455978394 0.8082625269889832
1654618341.2272239 -0.03220367431640625 1.2779960632324219 0.0 0.0 0.0 -0.5762208104133606 0.8172940611839294
1654618341.3269033 -0.019927978515625 1.2234306335449219 0.0 0.0 0.0 -0.5588828921318054 0.8292465806007385
1654618341.4266016 -0.015655517578125 1.1817741394042969 0.0 0.0 0.0 -0.5336811542510986 0.8456857800483704
1654618341.526405 -0.00881195068359375 1.1262702941894531 0.0 0.0 0.0 -0.5096207857131958 0.8603991270065308
1654618341.6263905 0.00146484375 1.084075927734375 0.0 0.0 0.0 -0.4803297519683838 0.8770880103111267
1654618341.726432 -0.00318145751953125 1.0656967163085938 0.0 0.0 0.0 -0.44168296456336975 0.8971711993217468
1654618341.8264616 -0.0081939697265625 1.0504837036132812 0.0 0.0 0.0 -0.4028223752975464 0.9152781963348389
1654618341.926613 -0.015682220458984375 1.0240287780761719 0.0 0.0 0.0 -0.3636285066604614 0.9315440654754639
1654618342.0268874 -0.012317657470703125 0.9895553588867188 0.0 0.0 0.0 -0.3252166211605072 0.9456395506858826
1654618342.1271615 -0.00681304931640625 0.9759330749511719 0.0 0.0 0.0 -0.2835322320461273 0.9589626789093018
1654618342.2275138 -0.01955413818359375 0.966583251953125 0.0 0.0 0.0 -0.2394922971725464 0.9708982706069946
1654618342.3278687 -0.021579742431640625 0.9423828125 0.0 0.0 0.0 -0.19783806800842285 0.9802347421646118
1654618342.4281344 -0.025829315185546875 0.9380264282226562 0.0 0.0 0.0 -0.16098842024803162 0.9869562983512878
1654618342.528496 -0.02272796630859375 0.9406013488769531 0.0 0.0 0.0 -0.13346369564533234 0.9910537004470825
1654618342.6288185 0.00682830810546875 0.9384231567382812 0.0 0.0 0.0 -0.11470042169094086 0.9934001564979553
1654618342.7290626 0.03476715087890625 0.9213752746582031 0.0 0.0 0.0 -0.10040801763534546 0.9949463605880737
1654618342.8291013 0.07918167114257812 0.9085807800292969 0.0 0.0 0.0 -0.08902516961097717 0.9960293769836426
1654618342.9288788 0.13502883911132812 0.887664794921875 0.0 0.0 0.0 -0.07691067457199097 0.9970380067825317
1654618343.0285525 0.20328903198242188 0.8766593933105469 0.0 0.0 0.0 -0.06761433929204941 0.9977115392684937
1654618343.128336 0.2714118957519531 0.8725471496582031 0.0 0.0 0.0 -0.05568356066942215 0.9984484910964966
1654618343.228182 0.35274505615234375 0.8520889282226562 0.0 0.0 0.0 -0.04437744617462158 0.9990148544311523
1654618343.3280656 0.44020843505859375 0.8429336547851562 0.0 0.0 0.0 -0.03317597135901451 0.9994495511054993
1654618343.4278932 0.5245590209960938 0.8138809204101562 0.0 0.0 0.0 -0.019111335277557373 0.9998173713684082
1654618343.5276291 0.6311225891113281 0.813995361328125 0.0 0.0 0.0 -0.00953627284616232 0.9999545216560364
1654618343.627358 0.71014404296875 0.7944145202636719 0.0 0.0 0.0 0.005753770004957914 0.9999834299087524
1654618343.7272427 0.8263626098632812 0.8062019348144531 0.0 0.0 0.0 0.014483720995485783 0.9998950958251953
1654618343.8272402 0.9335556030273438 0.7999496459960938 0.0 0.0 0.0 0.026149051263928413 0.9996580481529236
1654618343.927317 1.0251998901367188 0.7978324890136719 0.0 0.0 0.0 0.037319932132959366 0.9993033409118652
1654618344.0275288 1.11712646484375 0.7984123229980469 0.0 0.0 0.0 0.048091426491737366 0.9988429546356201
1654618344.1277092 1.2057113647460938 0.8035774230957031 0.0 0.0 0.0 0.05746670067310333 0.9983474016189575
1654618344.2278335 1.3213729858398438 0.8077201843261719 0.0 0.0 0.0 0.06297405809164047 0.9980151653289795
1654618344.3279855 1.427001953125 0.821319580078125 0.0 0.0 0.0 0.06578153371810913 0.9978340268135071
1654618344.4281597 1.5374984741210938 0.8293075561523438 0.0 0.0 0.0 0.06641952693462372 0.9977917671203613
1654618344.528333 1.6358451843261719 0.8433952331542969 0.0 0.0 0.0 0.06484013795852661 0.9978956580162048
1654618344.628404 1.745849609375 0.8632736206054688 0.0 0.0 0.0 0.06298445165157318 0.998014509677887
1654618344.7283485 1.849853515625 0.8715744018554688 0.0 0.0 0.0 0.05976520851254463 0.998212456703186
1654618344.8281298 1.9509506225585938 0.8797683715820312 0.0 0.0 0.0 0.059366919100284576 0.9982362389564514
1654618344.927885 2.053539276123047 0.8940353393554688 0.0 0.0 0.0 0.058601293712854385 0.9982814788818359
1654618345.0277023 2.1574630737304688 0.9089241027832031 0.0 0.0 0.0 0.058384791016578674 0.9982941746711731
1654618345.1275208 2.2541580200195312 0.9205856323242188 0.0 0.0 0.0 0.06055889278650284 0.9981646537780762
1654618345.2273908 2.3498916625976562 0.93408203125 0.0 0.0 0.0 0.06489469856023788 0.9978921413421631
1654618345.3272977 2.440410614013672 0.9375495910644531 0.0 0.0 0.0 0.07130478322505951 0.9974545836448669
1654618345.4272733 2.524627685546875 0.9522705078125 0.0 0.0 0.0 0.07678233087062836 0.9970479011535645
1654618345.5272512 2.618274688720703 0.9645004272460938 0.0 0.0 0.0 0.08431929349899292 0.9964388012886047
1654618345.6271603 2.694843292236328 0.9734916687011719 0.0 0.0 0.0 0.09319751709699631 0.995647668838501
1654618345.7270856 2.772876739501953 0.9921989440917969 0.0 0.0 0.0 0.1007523164153099 0.9949115514755249
1654618345.8269453 2.848602294921875 0.994415283203125 0.0 0.0 0.0 0.11050307005643845 0.9938758015632629
1654618345.926877 2.9144515991210938 1.015289306640625 0.0 0.0 0.0 0.1186145544052124 0.992940366268158
1654618346.0268047 2.983684539794922 1.0088882446289062 0.0 0.0 0.0 0.13555192947387695 0.9907702207565308
1654618346.1267996 3.034381866455078 1.0315933227539062 0.0 0.0 0.0 0.15074412524700165 0.9885728359222412
1654618346.2268388 3.0838546752929688 1.0331840515136719 0.0 0.0 0.0 0.17080934345722198 0.9853041172027588
1654618346.3268483 3.123699188232422 1.0440483093261719 0.0 0.0 0.0 0.19480493664741516 0.9808419942855835
1654618346.426837 3.1772079467773438 1.0509529113769531 0.0 0.0 0.0 0.2204516977071762 0.9753978848457336
1654618346.5269735 3.2165145874023438 1.0601997375488281 0.0 0.0 0.0 0.24988490343093872 0.9682755470275879
1654618346.6270902 3.258586883544922 1.0676345825195312 0.0 0.0 0.0 0.2804887294769287 0.9598573446273804
1654618346.72718 3.2988815307617188 1.059234619140625 0.0 0.0 0.0 0.32144373655319214 0.9469286799430847
1654618346.827268 3.334857940673828 1.0661201477050781 0.0 0.0 0.0 0.355069637298584 0.9348398447036743
1654618346.9272974 3.364215850830078 1.0726089477539062 0.0 0.0 0.0 0.39065438508987427 0.9205374121665955
1654618347.0274553 3.391956329345703 1.0819473266601562 0.0 0.0 0.0 0.42412513494491577 0.9056035876274109
1654618347.1275706 3.4128799438476562 1.0927619934082031 0.0 0.0 0.0 0.45814335346221924 0.8888782858848572
1654618347.2275727 3.447467803955078 1.1102790832519531 0.0 0.0 0.0 0.48665836453437805 0.8735923767089844
1654618347.3275626 3.4755325317382812 1.1254806518554688 0.0 0.0 0.0 0.5173088908195496 0.8557987809181213
1654618347.4275074 3.4981689453125 1.1488113403320312 0.0 0.0 0.0 0.5477667450904846 0.8366311192512512
1654618347.5275722 3.536884307861328 1.1770553588867188 0.0 0.0 0.0 0.5753265023231506 0.8179238438606262
1654618347.627669 3.559001922607422 1.209228515625 0.0 0.0 0.0 0.5988720655441284 0.8008447289466858
1654618347.7278378 3.5745925903320312 1.25921630859375 0.0 0.0 0.0 0.6192613244056702 0.7851849794387817
1654618347.8278956 3.586334228515625 1.3180351257324219 0.0 0.0 0.0 0.6355531215667725 0.7720571756362915
1654618347.9279587 3.6002426147460938 1.3842239379882812 0.0 0.0 0.0 0.6459937691688538 0.7633427381515503
1654618348.0280387 3.6317672729492188 1.4661140441894531 0.0 0.0 0.0 0.6519762277603149 0.7582393884658813
1654618348.1281092 3.6530990600585938 1.5456657409667969 0.0 0.0 0.0 0.655393660068512 0.7552874684333801
1654618348.228159 3.6600418090820312 1.6377067565917969 0.0 0.0 0.0 0.6570218205451965 0.7538715600967407
1654618348.3281767 3.671733856201172 1.7259140014648438 0.0 0.0 0.0 0.6589808464050293 0.7521597146987915
1654618348.4280994 3.6949844360351562 1.8162002563476562 0.0 0.0 0.0 0.6611781120300293 0.7502289414405823
1654618348.527937 3.7073745727539062 1.9066047668457031 0.0 0.0 0.0 0.6655402779579163 0.7463619112968445
1654618348.6277392 3.7224807739257812 1.9911880493164062 0.0 0.0 0.0 0.6718519926071167 0.7406854629516602
1654618348.7273622 3.7412796020507812 2.065837860107422 0.0 0.0 0.0 0.6806578040122986 0.732601523399353
1654618348.8268726 3.7506942749023438 2.1518936157226562 0.0 0.0 0.0 0.6924207210540771 0.7214939594268799
1654618348.9265149 3.7798538208007812 2.217620849609375 0.0 0.0 0.0 0.704375684261322 0.7098274230957031
1654618349.026262 3.7652969360351562 2.2885665893554688 0.0 0.0 0.0 0.7177426815032959 0.696308434009552
1654618349.1261678 3.776752471923828 2.3620223999023438 0.0 0.0 0.0 0.7310206294059753 0.6823553442955017
1654618349.2261243 3.763286590576172 2.4133377075195312 0.0 0.0 0.0 0.7445655465126038 0.6675493717193604
1654618349.3261616 3.754497528076172 2.475341796875 0.0 0.0 0.0 0.7597655653953552 0.6501971483230591
1654618349.426363 3.765838623046875 2.519763946533203 0.0 0.0 0.0 0.7746915817260742 0.6323392987251282
1654618349.5266542 3.757171630859375 2.557697296142578 0.0 0.0 0.0 0.7902470231056213 0.6127884387969971
1654618349.626929 3.7457656860351562 2.579730987548828 0.0 0.0 0.0 0.806204080581665 0.5916375517845154
1654618349.7269726 3.75506591796875 2.609172821044922 0.0 0.0 0.0 0.8233832120895386 0.5674857497215271
1654618349.8267891 3.75787353515625 2.6292495727539062 0.0 0.0 0.0 0.8429750800132751 0.5379526019096375
1654618349.926499 3.76629638671875 2.6566848754882812 0.0 0.0 0.0 0.8650864362716675 0.5016227960586548
1654618350.0263276 3.780811309814453 2.6587753295898438 0.0 0.0 0.0 0.8857807517051697 0.46410390734672546
1654618350.1262076 3.802265167236328 2.6648941040039062 0.0 0.0 0.0 0.9069997668266296 0.4211311638355255
1654618350.2261643 3.825042724609375 2.6684951782226562 0.0 0.0 0.0 0.9261917471885681 0.3770528733730316
1654618350.3261864 3.8335647583007812 2.6786880493164062 0.0 0.0 0.0 0.9417445659637451 0.33632901310920715
1654618350.4261813 3.8513717651367188 2.694671630859375 0.0 0.0 0.0 0.9568445682525635 0.29060015082359314
1654618350.5262098 3.864349365234375 2.7063980102539062 0.0 0.0 0.0 0.9678788781166077 0.25141701102256775
1654618350.6264625 3.879474639892578 2.706836700439453 0.0 0.0 0.0 0.976993203163147 0.21327032148838043
1654618350.726809 3.884693145751953 2.7232437133789062 0.0 0.0 0.0 0.9838416576385498 0.1790408492088318
1654618350.827199 3.887126922607422 2.728992462158203 0.0 0.0 0.0 0.988638699054718 0.1503114253282547
1654618350.927599 3.872112274169922 2.7470169067382812 0.0 0.0 0.0 0.9916654825210571 0.1288391351699829
1654618351.027893 3.854328155517578 2.7642440795898438 0.0 0.0 0.0 0.9941760897636414 0.10776788741350174
1654618351.1278915 3.8357162475585938 2.768840789794922 0.0 0.0 0.0 0.9967110753059387 0.08103732764720917
1654618351.2276654 3.804431915283203 2.7787704467773438 0.0 0.0 0.0 0.9983608722686768 0.05723275616765022
1654618351.3274574 3.765106201171875 2.789775848388672 0.0 0.0 0.0 0.9992958307266235 0.037521567195653915
1654618351.4271922 3.7089614868164062 2.800048828125 0.0 0.0 0.0 0.9997307062149048 0.023205537348985672
1654618351.5270598 3.642681121826172 2.8112258911132812 0.0 0.0 0.0 0.9999179840087891 0.012807571329176426
1654618351.6271062 3.5637588500976562 2.817920684814453 0.0 0.0 0.0 0.9999790787696838 0.006469279993325472
1654618351.727128 3.4821090698242188 2.8197021484375 0.0 0.0 0.0 0.9999998211860657 0.0006123343482613564
1654618351.8270907 3.3866806030273438 2.8232498168945312 0.0 0.0 0.0 -0.9999954700469971 0.0030178541783243418
1654618351.9269297 3.2851943969726562 2.8209457397460938 0.0 0.0 0.0 -0.9999900460243225 0.004457772709429264
1654618352.0267348 3.192882537841797 2.826923370361328 0.0 0.0 0.0 -0.9999721646308899 0.007462984416633844
1654618352.1265554 3.096332550048828 2.82080078125 0.0 0.0 0.0 -0.9999498128890991 0.010017183609306812
1654618352.2263675 3.012004852294922 2.8164138793945312 0.0 0.0 0.0 -0.9999069571495056 0.01363981794565916
1654618352.3262024 2.9171524047851562 2.818889617919922 0.0 0.0 0.0 -0.9998074173927307 0.019624121487140656
1654618352.4261 2.823169708251953 2.8097457885742188 0.0 0.0 0.0 -0.9996132850646973 0.027808494865894318
1654618352.5261223 2.735942840576172 2.810443878173828 0.0 0.0 0.0 -0.9993364810943604 0.03642309084534645
1654618352.6260984 2.645038604736328 2.8174667358398438 0.0 0.0 0.0 -0.9989107251167297 0.04666274040937424
1654618352.72602 2.5438232421875 2.811431884765625 0.0 0.0 0.0 -0.9984228610992432 0.05614053085446358
1654618352.8259523 2.460102081298828 2.805084228515625 0.0 0.0 0.0 -0.9978803992271423 0.06507451832294464
1654618352.925968 2.3770980834960938 2.792713165283203 0.0 0.0 0.0 -0.9972215890884399 0.07449236512184143
1654618353.0260298 2.281383514404297 2.781017303466797 0.0 0.0 0.0 -0.9968679547309875 0.07908382266759872
1654618353.1261714 2.1726913452148438 2.782787322998047 0.0 0.0 0.0 -0.9965134263038635 0.08343221247196198
1654618353.2263625 2.084075927734375 2.762096405029297 0.0 0.0 0.0 -0.9964748620986938 0.08389169722795486
1654618353.326502 1.9758377075195312 2.754070281982422 0.0 0.0 0.0 -0.9963646531105042 0.08519081771373749
1654618353.4266331 1.8900833129882812 2.7297439575195312 0.0 0.0 0.0 -0.9962856769561768 0.08610951900482178
1654618353.5268152 1.8088607788085938 2.7201766967773438 0.0 0.0 0.0 -0.9961467981338501 0.0877014696598053
1654618353.6269164 1.70538330078125 2.6991653442382812 0.0 0.0 0.0 -0.9962174296379089 0.08689583837985992
1654618353.7269583 1.6211967468261719 2.696086883544922 0.0 0.0 0.0 -0.9957301020622253 0.0923122838139534
1654618353.8268876 1.5352363586425781 2.6761550903320312 0.0 0.0 0.0 -0.99517822265625 0.09808345139026642
1654618353.926731 1.4472732543945312 2.663421630859375 0.0 0.0 0.0 -0.9946038126945496 0.10374627262353897
1654618354.0265822 1.3645210266113281 2.65118408203125 0.0 0.0 0.0 -0.9935622215270996 0.11328769475221634
1654618354.1265047 1.2899971008300781 2.634979248046875 0.0 0.0 0.0 -0.9924277663230896 0.12282955646514893
1654618354.2264047 1.2150459289550781 2.6180496215820312 0.0 0.0 0.0 -0.9914088249206543 0.13079960644245148
1654618354.3264725 1.1339340209960938 2.604686737060547 0.0 0.0 0.0 -0.990272045135498 0.13914500176906586
1654618354.426737 1.0524215698242188 2.5803909301757812 0.0 0.0 0.0 -0.9897248148918152 0.14298540353775024
1654618354.526979 0.9690322875976562 2.556842803955078 0.0 0.0 0.0 -0.9893213510513306 0.1457507461309433
1654618354.6272013 0.8969306945800781 2.5416641235351562 0.0 0.0 0.0 -0.988625168800354 0.1504002958536148
1654618354.7273188 0.8247604370117188 2.523681640625 0.0 0.0 0.0 -0.9881722927093506 0.15334783494472504
1654618354.8272617 0.7561721801757812 2.505237579345703 0.0 0.0 0.0 -0.9874685406684875 0.15781579911708832
1654618354.927125 0.712371826171875 2.492877960205078 0.0 0.0 0.0 -0.9870464205741882 0.160434752702713
1654618355.0271618 0.6726608276367188 2.471771240234375 0.0 0.0 0.0 -0.9868146777153015 0.1618543416261673
1654618355.1270862 0.6308822631835938 2.465972900390625 0.0 0.0 0.0 -0.9861888289451599 0.16562484204769135
1654618355.2268355 0.58575439453125 2.4505081176757812 0.0 0.0 0.0 -0.9853548407554626 0.17051644623279572
1654618355.326483 0.5482864379882812 2.442035675048828 0.0 0.0 0.0 -0.9838903546333313 0.17877285182476044
1654618355.4261086 0.5049858093261719 2.443614959716797 0.0 0.0 0.0 -0.9816547632217407 0.19066710770130157
1654618355.5257964 0.45790863037109375 2.438793182373047 0.0 0.0 0.0 -0.9781803488731384 0.20775750279426575
1654618355.6256194 0.4401130676269531 2.42724609375 0.0 0.0 0.0 -0.9728918671607971 0.23126040399074554
1654618355.72562 0.411102294921875 2.416778564453125 0.0 0.0 0.0 -0.9655511379241943 0.2602134644985199
1654618355.825865 0.38525390625 2.412853240966797 0.0 0.0 0.0 -0.9569820761680603 0.290147066116333
1654618355.9260893 0.3637275695800781 2.420215606689453 0.0 0.0 0.0 -0.9445515275001526 0.3283631503582001
1654618356.0263333 0.3364372253417969 2.4343795776367188 0.0 0.0 0.0 -0.9292633533477783 0.36941787600517273
1654618356.126432 0.3249092102050781 2.438995361328125 0.0 0.0 0.0 -0.9129095077514648 0.408161997795105
1654618356.2264364 0.31772613525390625 2.4434890747070312 0.0 0.0 0.0 -0.8932815194129944 0.44949766993522644
1654618356.326542 0.30535888671875 2.4456253051757812 0.0 0.0 0.0 -0.8743440508842468 0.48530662059783936
1654618356.4266715 0.295166015625 2.443195343017578 0.0 0.0 0.0 -0.8580555319786072 0.5135568976402283
1654618356.5268571 0.27147674560546875 2.4461441040039062 0.0 0.0 0.0 -0.8423281908035278 0.5389649868011475
1654618356.6268995 0.25493621826171875 2.4419174194335938 0.0 0.0 0.0 -0.8264421820640564 0.5630215406417847
1654618356.7268 0.23970794677734375 2.434925079345703 0.0 0.0 0.0 -0.8091903328895569 0.5875465869903564
1654618356.8265758 0.22809600830078125 2.41326904296875 0.0 0.0 0.0 -0.7937065958976746 0.6083007454872131
1654618356.9264116 0.22125244140625 2.3927078247070312 0.0 0.0 0.0 -0.7787636518478394 0.627317488193512
1654618357.0262306 0.20359420776367188 2.3708724975585938 0.0 0.0 0.0 -0.7624019980430603 0.6471036672592163
1654618357.1260731 0.19160079956054688 2.3322525024414062 0.0 0.0 0.0 -0.7493830323219299 0.6621367931365967
1654618357.226078 0.16954421997070312 2.290313720703125 0.0 0.0 0.0 -0.7376171350479126 0.6752192378044128
1654618357.3261461 0.15666580200195312 2.231597900390625 0.0 0.0 0.0 -0.7289705872535706 0.6845449805259705
1654618357.4261935 0.15787506103515625 2.1740341186523438 0.0 0.0 0.0 -0.7211470007896423 0.6927820444107056
1654618357.5262485 0.14550018310546875 2.102680206298828 0.0 0.0 0.0 -0.713445246219635 0.7007109522819519
1654618357.6262803 0.14005279541015625 2.038105010986328 0.0 0.0 0.0 -0.7068091630935669 0.7074042558670044
1654618357.7263362 0.13364791870117188 1.9630241394042969 0.0 0.0 0.0 -0.7051856517791748 0.7090227007865906
1654618357.8263779 0.12562942504882812 1.8919448852539062 0.0 0.0 0.0 -0.7007635831832886 0.7133935689926147
1654618357.9262931 0.12926483154296875 1.8088607788085938 0.0 0.0 0.0 -0.7010077834129333 0.7131536602973938
1654618358.0261972 0.12627410888671875 1.7374382019042969 0.0 0.0 0.0 -0.7018011808395386 0.7123728394508362
1654618358.126319 0.13686370849609375 1.6516838073730469 0.0 0.0 0.0 -0.7045574188232422 0.709646999835968
1654618358.226398 0.12226486206054688 1.560211181640625 0.0 0.0 0.0 -0.7091273069381714 0.705080509185791
1654618358.3263996 0.12049484252929688 1.4857292175292969 0.0 0.0 0.0 -0.7100886702537537 0.7041122317314148
1654618358.4262755 0.11826324462890625 1.4071273803710938 0.0 0.0 0.0 -0.7096236944198608 0.7045809030532837
1654618358.5262103 0.11704254150390625 1.3290519714355469 0.0 0.0 0.0 -0.7062777280807495 0.7079349160194397
1654618358.6260786 0.10552215576171875 1.2716140747070312 0.0 0.0 0.0 -0.6968839764595032 0.7171838879585266
1654618358.725801 0.10517501831054688 1.2101516723632812 0.0 0.0 0.0 -0.6842595934867859 0.7292385101318359
1654618358.8253267 0.10958099365234375 1.1487846374511719 0.0 0.0 0.0 -0.6658915281295776 0.7460485696792603
1654618358.9249659 0.10115432739257812 1.10284423828125 0.0 0.0 0.0 -0.6393144130706787 0.7689454555511475
1654618359.0248382 0.11241912841796875 1.05950927734375 0.0 0.0 0.0 -0.6075376868247986 0.7942908406257629
1654618359.1250608 0.096038818359375 1.0324172973632812 0.0 0.0 0.0 -0.5690047740936279 0.8223342299461365
1654618359.225612 0.08760833740234375 0.9990234375 0.0 0.0 0.0 -0.5286595225334167 0.8488339781761169
1654618359.3261507 0.07322311401367188 0.9913330078125 0.0 0.0 0.0 -0.48431840538978577 0.8748918175697327
1654618359.42679 0.052417755126953125 0.9776420593261719 0.0 0.0 0.0 -0.44057655334472656 0.8977150321006775
1654618359.527331 0.035614013671875 0.9546432495117188 0.0 0.0 0.0 -0.3966137766838074 0.9179855585098267
1654618359.6276603 0.03250885009765625 0.9531440734863281 0.0 0.0 0.0 -0.35718438029289246 0.9340338706970215
1654618359.7278326 0.02930450439453125 0.9403762817382812 0.0 0.0 0.0 -0.3202683627605438 0.9473268389701843
1654618359.8279781 0.016845703125 0.931060791015625 0.0 0.0 0.0 -0.27937230467796326 0.9601828455924988
1654618359.928019 0.011932373046875 0.9211654663085938 0.0 0.0 0.0 -0.23902837932109833 0.9710125923156738
1654618360.0279744 -0.003047943115234375 0.909088134765625 0.0 0.0 0.0 -0.20227503776550293 0.9793287515640259
1654618360.127975 0.005290985107421875 0.8936233520507812 0.0 0.0 0.0 -0.1695895493030548 0.985514760017395
1654618360.2279248 0.000385284423828125 0.9010429382324219 0.0 0.0 0.0 -0.13875573873519897 0.9903266429901123
1654618360.327833 -0.003452301025390625 0.8927993774414062 0.0 0.0 0.0 -0.11122307926416397 0.9937954545021057
1654618360.4276912 0.00286102294921875 0.8878898620605469 0.0 0.0 0.0 -0.088955357670784 0.996035635471344
1654618360.5275888 -0.000797271728515625 0.8862533569335938 0.0 0.0 0.0 -0.06856817752122879 0.9976464509963989
1654618360.6275594 -0.011035919189453125 0.8749771118164062 0.0 0.0 0.0 -0.050767675042152405 0.9987105131149292
1654618360.7274535 -0.0123443603515625 0.8800048828125 0.0 0.0 0.0 -0.03738953545689583 0.9993007779121399
1654618360.8272765 -0.01898956298828125 0.8760299682617188 0.0 0.0 0.0 -0.025302482768893242 0.9996798634529114
1654618360.9271886 -0.01702117919921875 0.8766555786132812 0.0 0.0 0.0 -0.018240544945001602 0.9998336434364319
1654618361.027223 -0.01622772216796875 0.8792037963867188 0.0 0.0 0.0 -0.013588638044893742 0.9999076724052429
1654618361.127217 -0.018795013427734375 0.8758773803710938 0.0 0.0 0.0 -0.009461889043450356 0.9999552369117737
1654618361.227116 -0.016368865966796875 0.8765640258789062 0.0 0.0 0.0 -0.008259591646492481 0.9999659061431885
1654618361.3270328 -0.02155303955078125 0.8736152648925781 0.0 0.0 0.0 -0.010478932410478592 0.9999451041221619
1654618361.4269757 -0.029048919677734375 0.8747329711914062 0.0 0.0 0.0 -0.011958464980125427 0.9999284744262695
1654618361.5268438 -0.02057647705078125 0.8791732788085938 0.0 0.0 0.0 -0.01566980965435505 0.9998772144317627
1654618361.626605 -0.018177032470703125 0.8891677856445312 0.0 0.0 0.0 -0.01837475225329399 0.9998311996459961
1654618361.726419 -0.0214996337890625 0.8870773315429688 0.0 0.0 0.0 -0.019869839772582054 0.9998025894165039
1654618361.8263311 -0.01699066162109375 0.8839607238769531 0.0 0.0 0.0 -0.019493211060762405 0.999809980392456
1654618361.9263952 -0.012836456298828125 0.8872451782226562 0.0 0.0 0.0 -0.02019330859184265 0.9997960925102234
1654618362.026501 -0.01668548583984375 0.8869743347167969 0.0 0.0 0.0 -0.019639333710074425 0.9998071193695068
1654618362.1265566 -0.017635345458984375 0.8770866394042969 0.0 0.0 0.0 -0.0188441164791584 0.9998224377632141
1654618362.2265637 -0.018131256103515625 0.888519287109375 0.0 0.0 0.0 -0.019570443779230118 0.9998084902763367
1654618362.3265293 -0.01464080810546875 0.888946533203125 0.0 0.0 0.0 -0.02011917531490326 0.9997975826263428
1654618362.426542 -0.026004791259765625 0.8767585754394531 0.0 0.0 0.0 -0.01792612113058567 0.9998393058776855
1654618362.5265288 -0.019683837890625 0.8838424682617188 0.0 0.0 0.0 -0.019654590636491776 0.999806821346283
1654618362.6265275 -0.01686859130859375 0.8853645324707031 0.0 0.0 0.0 -0.019850054755806923 0.9998029470443726
1654618362.7264874 -0.014659881591796875 0.8877067565917969 0.0 0.0 0.0 -0.020162319764494896 0.9997967481613159
1654618362.82638 -0.01570892333984375 0.8827285766601562 0.0 0.0 0.0 -0.019805241376161575 0.9998038411140442
