1654618298.5877512 -0.14209747314453125 0.7486038208007812 0.0 0.0 0.0 0.007062883581966162 0.9999750852584839
1654618298.6880045 -0.13124847412109375 0.7580490112304688 0.0 0.0 0.0 0.0033192671835422516 0.9999945163726807
1654618298.7882204 -0.14295196533203125 0.7488174438476562 0.0 0.0 0.0 0.003375610336661339 0.9999942779541016
1654618298.8883514 -0.14467620849609375 0.7556686401367188 0.0 0.0 0.0 0.0094991410151124 0.999954879283905
1654618298.9883835 -0.13959503173828125 0.7666435241699219 0.0 0.0 0.0 0.0029484755359590054 0.9999956488609314
1654618299.0883381 -0.12279129028320312 0.7543525695800781 0.0 0.0 0.0 0.0038006033282727003 0.9999927878379822
1654618299.1882117 -0.10985565185546875 0.7629623413085938 0.0 0.0 0.0 0.005782559979707003 0.9999832510948181
1654618299.288021 -0.0902252197265625 0.7395858764648438 0.0 0.0 0.0 0.008967974223196507 0.9999597668647766
1654618299.3878155 -0.07012939453125 0.7424736022949219 0.0 0.0 0.0 0.011401896364986897 0.99993497133255
1654618299.487634 -0.014675140380859375 0.7379150390625 0.0 0.0 0.0 0.014557905495166779 0.9998940229415894
1654618299.5873795 0.013050079345703125 0.7331428527832031 0.0 0.0 0.0 0.01788497529923916 0.9998400807380676
1654618299.687088 0.059642791748046875 0.7402534484863281 0.0 0.0 0.0 0.021626366302371025 0.9997661113739014
1654618299.7869911 0.09392547607421875 0.7431640625 0.0 0.0 0.0 0.02417573519051075 0.9997076988220215
1654618299.886966 0.13871383666992188 0.737030029296875 0.0 0.0 0.0 0.030535081401467323 0.9995337128639221
1654618299.9869196 0.179840087890625 0.7372360229492188 0.0 0.0 0.0 0.04172847047448158 0.9991289973258972
1654618300.0869977 0.22400665283203125 0.7376785278320312 0.0 0.0 0.0 0.052307866513729095 0.9986310005187988
1654618300.1871521 0.25818634033203125 0.7358322143554688 0.0 0.0 0.0 0.06180780380964279 0.9980880618095398
1654618300.2875602 0.29799652099609375 0.7379150390625 0.0 0.0 0.0 0.06198446452617645 0.9980770945549011
1654618300.3881207 0.3320426940917969 0.7413520812988281 0.0 0.0 0.0 0.056515492498874664 0.9984017014503479
1654618300.488729 0.37017059326171875 0.7433662414550781 0.0 0.0 0.0 0.04300329089164734 0.9990749359130859
1654618300.5892174 0.4113655090332031 0.7492179870605469 0.0 0.0 0.0 0.030506286770105362 0.999534547328949
1654618300.689238 0.47992706298828125 0.7508468627929688 0.0 0.0 0.0 0.02089144103229046 0.9997817277908325
1654618300.7890131 0.5267715454101562 0.7508316040039062 0.0 0.0 0.0 0.014945820905268192 0.9998883008956909
1654618300.8887875 0.5793075561523438 0.7503128051757812 0.0 0.0 0.0 0.006446301471441984 0.9999791979789734
1654618300.9883966 0.6205062866210938 0.7528915405273438 0.0 0.0 0.0 0.0009659987408667803 0.9999995231628418
1654618301.0879273 0.7096786499023438 0.7628288269042969 0.0 0.0 0.0 -0.0049346801824867725 0.9999878406524658
1654618301.1875014 0.7601737976074219 0.7534408569335938 0.0 0.0 0.0 -0.010215732268989086 0.9999478459358215
1654618301.2871754 0.8119277954101562 0.7453384399414062 0.0 0.0 0.0 -0.010726635344326496 0.9999424815177917
1654618301.3868794 0.8854484558105469 0.73968505859375 0.0 0.0 0.0 -0.012329894118010998 0.9999240040779114
1654618301.4866648 0.9384231567382812 0.7391281127929688 0.0 0.0 0.0 -0.010240526869893074 0.9999475479125977
1654618301.5865421 1.0051078796386719 0.736602783203125 0.0 0.0 0.0 -0.005395060405135155 0.9999854564666748
1654618301.6864822 1.0740852355957031 0.73162841796875 0.0 0.0 0.0 -0.000653894676361233 0.9999997615814209
1654618301.7865553 1.1446342468261719 0.7327499389648438 0.0 0.0 0.0 0.004835470113903284 0.999988317489624
1654618301.8867095 1.2115287780761719 0.7212104797363281 0.0 0.0 0.0 0.011553548276424408 0.9999332427978516
1654618301.9869094 1.2859687805175781 0.72369384765625 0.0 0.0 0.0 0.018968814983963966 0.9998200535774231
1654618302.087156 1.3555793762207031 0.7201728820800781 0.0 0.0 0.0 0.025411786511540413 0.9996770620346069
1654618302.1874325 1.4233779907226562 0.7177810668945312 0.0 0.0 0.0 0.029897045344114304 0.9995529651641846
1654618302.287714 1.4997482299804688 0.7195625305175781 0.0 0.0 0.0 0.034325987100601196 0.9994106888771057
1654618302.38794 1.5805282592773438 0.7233963012695312 0.0 0.0 0.0 0.037280671298503876 0.9993048310279846
1654618302.488136 1.6568374633789062 0.7206306457519531 0.0 0.0 0.0 0.038985997438430786 0.9992397427558899
1654618302.588307 1.742767333984375 0.73089599609375 0.0 0.0 0.0 0.037234507501125336 0.9993065595626831
1654618302.6884198 1.8277664184570312 0.7279167175292969 0.0 0.0 0.0 0.036466170102357864 0.9993348717689514
1654618302.7884648 1.9057235717773438 0.7318801879882812 0.0 0.0 0.0 0.035587284713983536 0.9993665814399719
1654618302.888421 1.9872322082519531 0.7346878051757812 0.0 0.0 0.0 0.034028273075819016 0.9994208812713623
1654618302.9883301 2.067962646484375 0.7379684448242188 0.0 0.0 0.0 0.03348453342914581 0.9994392395019531
1654618303.0881839 2.1463394165039062 0.7371025085449219 0.0 0.0 0.0 0.032960209995508194 0.9994566440582275
1654618303.1879973 2.229949951171875 0.739501953125 0.0 0.0 0.0 0.03504931554198265 0.9993855953216553
1654618303.2877996 2.3097305297851562 0.7398262023925781 0.0 0.0 0.0 0.03818270564079285 0.9992707967758179
1654618303.3876128 2.379180908203125 0.7422256469726562 0.0 0.0 0.0 0.04226001352071762 0.9991066455841064
1654618303.4874246 2.4617843627929688 0.7441787719726562 0.0 0.0 0.0 0.0467771515250206 0.9989053606987
1654618303.587269 2.5354080200195312 0.7432861328125 0.0 0.0 0.0 0.05263468995690346 0.9986138343811035
1654618303.6871605 2.6099853515625 0.7446517944335938 0.0 0.0 0.0 0.05820831283926964 0.9983044862747192
1654618303.7871344 2.6869277954101562 0.7533645629882812 0.0 0.0 0.0 0.0643652006983757 0.9979264140129089
1654618303.887179 2.7592697143554688 0.7593803405761719 0.0 0.0 0.0 0.07058355212211609 0.9975058436393738
1654618303.9873033 2.835216522216797 0.7637557983398438 0.0 0.0 0.0 0.07610099762678146 0.9971001148223877
1654618304.0873926 2.9011154174804688 0.766876220703125 0.0 0.0 0.0 0.08214651793241501 0.996620237827301
1654618304.1875226 2.973674774169922 0.768951416015625 0.0 0.0 0.0 0.08600319176912308 0.9962948560714722
1654618304.287652 3.0416336059570312 0.779296875 0.0 0.0 0.0 0.09081006050109863 0.9958682060241699
1654618304.3876925 3.104114532470703 0.7907295227050781 0.0 0.0 0.0 0.09646224975585938 0.995336651802063
1654618304.4876106 3.165668487548828 0.7883110046386719 0.0 0.0 0.0 0.10573866963386536 0.9943939447402954
1654618304.5875103 3.227619171142578 0.7975387573242188 0.0 0.0 0.0 0.11718565225601196 0.9931100010871887
1654618304.6873047 3.2801589965820312 0.80767822265625 0.0 0.0 0.0 0.12987834215164185 0.9915299415588379
1654618304.7870293 3.3259201049804688 0.8112564086914062 0.0 0.0 0.0 0.14852014183998108 0.9889093637466431
1654618304.8867934 3.3701705932617188 0.8228683471679688 0.0 0.0 0.0 0.16786567866802216 0.985809862613678
1654618304.986594 3.4112014770507812 0.8306961059570312 0.0 0.0 0.0 0.19084809720516205 0.9816195964813232
1654618305.0864706 3.4493026733398438 0.8383293151855469 0.0 0.0 0.0 0.2134636789560318 0.976951003074646
1654618305.1864243 3.487213134765625 0.844940185546875 0.0 0.0 0.0 0.23972749710083008 0.9708402156829834
1654618305.286427 3.515148162841797 0.8475723266601562 0.0 0.0 0.0 0.26635247468948364 0.9638757109642029
1654618305.386498 3.544818878173828 0.8484725952148438 0.0 0.0 0.0 0.29434335231781006 0.9556997418403625
1654618305.486667 3.5734481811523438 0.8590774536132812 0.0 0.0 0.0 0.32183656096458435 0.9467952251434326
1654618305.5867937 3.5945358276367188 0.8663444519042969 0.0 0.0 0.0 0.3534137010574341 0.9354671239852905
1654618305.6868818 3.621746063232422 0.8709220886230469 0.0 0.0 0.0 0.3850088119506836 0.9229128956794739
1654618305.7869983 3.6491012573242188 0.8741264343261719 0.0 0.0 0.0 0.4171874523162842 0.9088204503059387
1654618305.8870525 3.6699447631835938 0.8753471374511719 0.0 0.0 0.0 0.4495430886745453 0.8932586312294006
1654618305.9871542 3.685291290283203 0.8929977416992188 0.0 0.0 0.0 0.4808691143989563 0.8767923712730408
1654618306.0873203 3.7025146484375 0.9066390991210938 0.0 0.0 0.0 0.5091424584388733 0.8606822490692139
1654618306.187526 3.7144393920898438 0.9131393432617188 0.0 0.0 0.0 0.5357511639595032 0.8443759083747864
1654618306.2877338 3.738780975341797 0.9251899719238281 0.0 0.0 0.0 0.5605174899101257 0.8281425833702087
1654618306.387938 3.755481719970703 0.9377365112304688 0.0 0.0 0.0 0.5837997794151306 0.8118976354598999
1654618306.4880402 3.772869110107422 0.9553451538085938 0.0 0.0 0.0 0.6059634685516357 0.7954924702644348
1654618306.5881574 3.786029815673828 0.9764175415039062 0.0 0.0 0.0 0.6247000694274902 0.7808647751808167
1654618306.6882277 3.7966232299804688 0.9930305480957031 0.0 0.0 0.0 0.6420983076095581 0.7666223049163818
1654618306.788371 3.803009033203125 1.0217819213867188 0.0 0.0 0.0 0.6556487083435059 0.7550660967826843
1654618306.8885424 3.814014434814453 1.0585746765136719 0.0 0.0 0.0 0.6660544872283936 0.7459030747413635
1654618306.9885967 3.8282241821289062 1.0967178344726562 0.0 0.0 0.0 0.6757308840751648 0.7371484041213989
1654618307.088601 3.840618133544922 1.1485786437988281 0.0 0.0 0.0 0.6826270222663879 0.730767011642456
1654618307.1885712 3.8487777709960938 1.198516845703125 0.0 0.0 0.0 0.6881229281425476 0.7255941033363342
1654618307.2885008 3.851604461669922 1.2561836242675781 0.0 0.0 0.0 0.6921720504760742 0.7217325568199158
1654618307.388427 3.856761932373047 1.319244384765625 0.0 0.0 0.0 0.6955015063285828 0.7185246348381042
1654618307.4883766 3.8681716918945312 1.378662109375 0.0 0.0 0.0 0.6970520615577698 0.7170205116271973
1654618307.5883083 3.8721923828125 1.446502685546875 0.0 0.0 0.0 0.6953775882720947 0.7186445593833923
1654618307.6882246 3.8794021606445312 1.52667236328125 0.0 0.0 0.0 0.6931353211402893 0.7208074927330017
1654618307.7880852 3.8783645629882812 1.5948562622070312 0.0 0.0 0.0 0.6930446624755859 0.7208946347236633
1654618307.8879328 3.888355255126953 1.6639480590820312 0.0 0.0 0.0 0.6931226253509521 0.7208196520805359
1654618307.9877615 3.894611358642578 1.7239189147949219 0.0 0.0 0.0 0.6946088671684265 0.7193875908851624
1654618308.0875506 3.901123046875 1.78448486328125 0.0 0.0 0.0 0.6952875256538391 0.718731701374054
1654618308.1873853 3.9086837768554688 1.851165771484375 0.0 0.0 0.0 0.6979318261146545 0.7161641716957092
1654618308.2871957 3.9055862426757812 1.9093818664550781 0.0 0.0 0.0 0.703125 0.7110663056373596
1654618308.3870516 3.9198532104492188 1.96649169921875 0.0 0.0 0.0 0.7085285782814026 0.705682098865509
1654618308.4869258 3.9323959350585938 2.02764892578125 0.0 0.0 0.0 0.7154174447059631 0.6986972689628601
1654618308.5868309 3.9397048950195312 2.080158233642578 0.0 0.0 0.0 0.7255764007568359 0.6881416440010071
1654618308.6867151 3.948993682861328 2.139324188232422 0.0 0.0 0.0 0.737524151802063 0.6753207445144653
1654618308.7866287 3.9494857788085938 2.186595916748047 0.0 0.0 0.0 0.7512699365615845 0.6599950790405273
1654618308.8866262 3.9541091918945312 2.231067657470703 0.0 0.0 0.0 0.7646309733390808 0.644468367099762
1654618308.9867241 3.961017608642578 2.2778549194335938 0.0 0.0 0.0 0.7776243090629578 0.6287292242050171
1654618309.0868459 3.957202911376953 2.326854705810547 0.0 0.0 0.0 0.791915237903595 0.610630989074707
1654618309.186937 3.9413833618164062 2.378002166748047 0.0 0.0 0.0 0.8085234761238098 0.5884639024734497
1654618309.2869937 3.941059112548828 2.414295196533203 0.0 0.0 0.0 0.8240102529525757 0.5665748715400696
1654618309.387078 3.935100555419922 2.45098876953125 0.0 0.0 0.0 0.8375483751296997 0.5463632345199585
1654618309.4871964 3.9409561157226562 2.480297088623047 0.0 0.0 0.0 0.8515106439590454 0.5243373513221741
1654618309.587292 3.9333114624023438 2.51312255859375 0.0 0.0 0.0 0.8657823801040649 0.5004206895828247
1654618309.6873379 3.92559814453125 2.535858154296875 0.0 0.0 0.0 0.8795231580734253 0.4758560359477997
1654618309.7873614 3.922039031982422 2.573833465576172 0.0 0.0 0.0 0.8934593200683594 0.4491440951824188
1654618309.8872957 3.9082565307617188 2.600330352783203 0.0 0.0 0.0 0.9075592160224915 0.41992413997650146
1654618309.98724 3.9004440307617188 2.6211471557617188 0.0 0.0 0.0 0.9199814200401306 0.391961932182312
1654618310.0872223 3.894947052001953 2.6476821899414062 0.0 0.0 0.0 0.9325013756752014 0.36116644740104675
1654618310.1872075 3.8743896484375 2.662403106689453 0.0 0.0 0.0 0.9429909586906433 0.33281829953193665
1654618310.2872317 3.869720458984375 2.6943893432617188 0.0 0.0 0.0 0.9537646770477295 0.3005543649196625
1654618310.387289 3.8561477661132812 2.714427947998047 0.0 0.0 0.0 0.9619855880737305 0.27310019731521606
1654618310.4874349 3.835041046142578 2.7393417358398438 0.0 0.0 0.0 0.9689135551452637 0.24739952385425568
1654618310.5876307 3.8070068359375 2.763134002685547 0.0 0.0 0.0 0.974388062953949 0.22487309575080872
1654618310.6878235 3.769580841064453 2.785663604736328 0.0 0.0 0.0 0.9796698689460754 0.20061655342578888
1654618310.7880182 3.775554656982422 2.807758331298828 0.0 0.0 0.0 0.98358154296875 0.18046437203884125
1654618310.8882914 3.713489532470703 2.823699951171875 0.0 0.0 0.0 0.9858375191688538 0.16770321130752563
1654618310.988525 3.6990585327148438 2.842388153076172 0.0 0.0 0.0 0.9883823990821838 0.1519874632358551
1654618311.088723 3.620647430419922 2.8683547973632812 0.0 0.0 0.0 0.9904960989952087 0.13754087686538696
1654618311.1888244 3.609973907470703 2.881305694580078 0.0 0.0 0.0 0.9924295544624329 0.12281524389982224
1654618311.2889109 3.562458038330078 2.902416229248047 0.0 0.0 0.0 0.9940692186355591 0.1087493747472763
1654618311.3889756 3.511760711669922 2.921466827392578 0.0 0.0 0.0 0.995405375957489 0.09575024247169495
1654618311.4889975 3.4532089233398438 2.940502166748047 0.0 0.0 0.0 0.9965945482254028 0.08245758712291718
1654618311.5889878 3.398212432861328 2.954029083251953 0.0 0.0 0.0 0.997611403465271 0.06907591968774796
1654618311.6889205 3.3347854614257812 2.9672775268554688 0.0 0.0 0.0 0.9984003901481628 0.056539248675107956
1654618311.7888606 3.264251708984375 2.9879684448242188 0.0 0.0 0.0 0.9989050626754761 0.046783726662397385
1654618311.888827 3.188007354736328 2.9983139038085938 0.0 0.0 0.0 0.9993087649345398 0.03717443346977234
1654618311.9887493 3.1178054809570312 3.0066146850585938 0.0 0.0 0.0 0.9995999336242676 0.02828371338546276
1654618312.0886722 3.05224609375 3.0082778930664062 0.0 0.0 0.0 0.9998015761375427 0.01992041803896427
1654618312.1885424 2.9746780395507812 3.015655517578125 0.0 0.0 0.0 0.9999258518218994 0.012179268524050713
1654618312.288435 2.899322509765625 3.0295944213867188 0.0 0.0 0.0 0.9999837279319763 0.005705401301383972
1654618312.3883107 2.8306045532226562 3.031890869140625 0.0 0.0 0.0 -1.0 9.46084619499743e-05
1654618312.4881227 2.7658004760742188 3.036083221435547 0.0 0.0 0.0 -0.9999770522117615 0.006772422697395086
1654618312.5879736 2.687114715576172 3.042987823486328 0.0 0.0 0.0 -0.9999164938926697 0.012921406887471676
1654618312.687854 2.605388641357422 3.0530319213867188 0.0 0.0 0.0 -0.9997996687889099 0.02001683972775936
1654618312.7877421 2.533489227294922 3.051158905029297 0.0 0.0 0.0 -0.9996402859687805 0.02681930735707283
1654618312.8876398 2.45635986328125 3.0478897094726562 0.0 0.0 0.0 -0.9994511008262634 0.03312775865197182
1654618312.9875512 2.386089324951172 3.0471115112304688 0.0 0.0 0.0 -0.9991955757141113 0.04010217264294624
1654618313.0875392 2.303150177001953 3.0458984375 0.0 0.0 0.0 -0.9989917278289795 0.04489433765411377
1654618313.1876218 2.22943115234375 3.0443954467773438 0.0 0.0 0.0 -0.9988809823989868 0.04729444906115532
1654618313.2878444 2.147167205810547 3.046092987060547 0.0 0.0 0.0 -0.998890221118927 0.04709892347455025
1654618313.3881266 2.057415008544922 3.039470672607422 0.0 0.0 0.0 -0.9990675449371338 0.0431748665869236
1654618313.4884455 1.96270751953125 3.0378799438476562 0.0 0.0 0.0 -0.9992117285728455 0.03969753906130791
1654618313.588765 1.8778305053710938 3.0209884643554688 0.0 0.0 0.0 -0.9994331002235413 0.03366747498512268
1654618313.6889703 1.7982597351074219 3.019031524658203 0.0 0.0 0.0 -0.9996091723442078 0.02795482613146305
1654618313.7890213 1.7028617858886719 3.0153884887695312 0.0 0.0 0.0 -0.9997367858886719 0.022943228483200073
1654618313.8889363 1.6132011413574219 3.0113449096679688 0.0 0.0 0.0 -0.9998316168785095 0.01835024356842041
1654618313.988699 1.5266532897949219 3.015289306640625 0.0 0.0 0.0 -0.9999038577079773 0.013866651803255081
1654618314.0884116 1.4365730285644531 3.016094207763672 0.0 0.0 0.0 -0.9999478459358215 0.010210174135863781
1654618314.188072 1.3514785766601562 3.015655517578125 0.0 0.0 0.0 -0.9999703168869019 0.007701634895056486
1654618314.287704 1.2609481811523438 3.013195037841797 0.0 0.0 0.0 -0.999970018863678 0.007744668051600456
1654618314.3873706 1.183807373046875 3.01983642578125 0.0 0.0 0.0 -0.9999638795852661 0.008499476127326488
1654618314.4870903 1.1051101684570312 3.0213546752929688 0.0 0.0 0.0 -0.9999457001686096 0.01042366586625576
1654618314.5869048 1.0134658813476562 3.022777557373047 0.0 0.0 0.0 -0.9998983144760132 0.014261314645409584
1654618314.6868103 0.9383544921875 3.0233688354492188 0.0 0.0 0.0 -0.9998470544815063 0.01748790219426155
1654618314.786858 0.8496284484863281 3.0312423706054688 0.0 0.0 0.0 -0.999810516834259 0.01946631819009781
1654618314.8868845 0.7813796997070312 3.0294418334960938 0.0 0.0 0.0 -0.9996887445449829 0.02494882605969906
1654618314.9869413 0.7064018249511719 3.0254898071289062 0.0 0.0 0.0 -0.9995201826095581 0.030973562970757484
1654618315.0870414 0.6449394226074219 3.026531219482422 0.0 0.0 0.0 -0.999325156211853 0.036731280386447906
1654618315.1870906 0.5918807983398438 3.0347061157226562 0.0 0.0 0.0 -0.9989850521087646 0.04504331946372986
1654618315.2871268 0.5304336547851562 3.0341720581054688 0.0 0.0 0.0 -0.9984422326087952 0.05579536408185959
1654618315.3871396 0.4778022766113281 3.028209686279297 0.0 0.0 0.0 -0.9975535273551941 0.06990694254636765
1654618315.4871185 0.41136932373046875 3.032917022705078 0.0 0.0 0.0 -0.9962834715843201 0.08613517135381699
1654618315.5870383 0.35187530517578125 3.032794952392578 0.0 0.0 0.0 -0.994360625743866 0.10605139285326004
1654618315.687062 0.306060791015625 3.033489227294922 0.0 0.0 0.0 -0.9919007420539856 0.12701556086540222
1654618315.7870018 0.2663764953613281 3.0307540893554688 0.0 0.0 0.0 -0.9882002472877502 0.15316760540008545
1654618315.8870003 0.22574615478515625 3.0322952270507812 0.0 0.0 0.0 -0.9842036366462708 0.1770399957895279
1654618315.987064 0.197998046875 3.028148651123047 0.0 0.0 0.0 -0.9791175127029419 0.20329521596431732
1654618316.0871062 0.16441726684570312 3.02490234375 0.0 0.0 0.0 -0.9725499749183655 0.2326941043138504
1654618316.187202 0.141143798828125 3.0175247192382812 0.0 0.0 0.0 -0.9642415046691895 0.26502516865730286
1654618316.2872617 0.112213134765625 3.0134353637695312 0.0 0.0 0.0 -0.9549045562744141 0.2969128489494324
1654618316.3874116 0.09055709838867188 3.016681671142578 0.0 0.0 0.0 -0.944002091884613 0.32993942499160767
1654618316.4875162 0.07144927978515625 3.019428253173828 0.0 0.0 0.0 -0.9314441680908203 0.363884299993515
1654618316.587662 0.04656219482421875 3.018352508544922 0.0 0.0 0.0 -0.9175320863723755 0.3976617157459259
1654618316.687739 0.029766082763671875 3.01129150390625 0.0 0.0 0.0 -0.9021272659301758 0.43147000670433044
1654618316.7877872 0.018268585205078125 3.0094833374023438 0.0 0.0 0.0 -0.8857990503311157 0.4640689492225647
1654618316.8879457 -0.003314971923828125 3.0161056518554688 0.0 0.0 0.0 -0.87108314037323 0.49113553762435913
1654618316.988136 -0.01517486572265625 3.017314910888672 0.0 0.0 0.0 -0.8552193641662598 0.5182662010192871
1654618317.088226 -0.02384185791015625 3.0224227905273438 0.0 0.0 0.0 -0.8393061757087708 0.5436590313911438
1654618317.1882863 -0.03319549560546875 3.009166717529297 0.0 0.0 0.0 -0.823198139667511 0.5677542090415955
1654618317.2883441 -0.05281829833984375 3.0074386596679688 0.0 0.0 0.0 -0.8077068328857422 0.5895842909812927
1654618317.388324 -0.06523895263671875 3.007343292236328 0.0 0.0 0.0 -0.7926958203315735 0.6096173524856567
1654618317.4883351 -0.08568191528320312 2.993236541748047 0.0 0.0 0.0 -0.7791473865509033 0.6268407702445984
1654618317.5883453 -0.08868408203125 2.9712142944335938 0.0 0.0 0.0 -0.7682287693023682 0.640175461769104
1654618317.6883543 -0.09423065185546875 2.94873046875 0.0 0.0 0.0 -0.7562075257301331 0.6543318033218384
1654618317.788344 -0.09944534301757812 2.912353515625 0.0 0.0 0.0 -0.7469577789306641 0.6648715138435364
1654618317.8883767 -0.11721038818359375 2.879619598388672 0.0 0.0 0.0 -0.7385406494140625 0.67420893907547
1654618317.9884286 -0.12688446044921875 2.845325469970703 0.0 0.0 0.0 -0.7324321866035461 0.680840015411377
1654618318.0884118 -0.13809967041015625 2.7909011840820312 0.0 0.0 0.0 -0.7254616022109985 0.6882626414299011
1654618318.1883428 -0.1414031982421875 2.737712860107422 0.0 0.0 0.0 -0.7188451886177063 0.6951701641082764
1654618318.288261 -0.14826583862304688 2.6815567016601562 0.0 0.0 0.0 -0.7128422260284424 0.7013244032859802
1654618318.3881981 -0.15789031982421875 2.630706787109375 0.0 0.0 0.0 -0.7054023742675781 0.708807110786438
1654618318.4881444 -0.17002487182617188 2.562267303466797 0.0 0.0 0.0 -0.7002757787704468 0.7138724327087402
1654618318.5881188 -0.16755294799804688 2.5047378540039062 0.0 0.0 0.0 -0.694136381149292 0.7198435068130493
1654618318.688211 -0.1689300537109375 2.4343795776367188 0.0 0.0 0.0 -0.6918007135391235 0.7220884561538696
1654618318.7883763 -0.17126083374023438 2.35662841796875 0.0 0.0 0.0 -0.6917986273765564 0.7220904231071472
1654618318.8885431 -0.17128753662109375 2.2787551879882812 0.0 0.0 0.0 -0.6922397613525391 0.7216675877571106
1654618318.9886465 -0.17547988891601562 2.194488525390625 0.0 0.0 0.0 -0.6934812068939209 0.7204747200012207
1654618319.088656 -0.17485809326171875 2.1156692504882812 0.0 0.0 0.0 -0.6948027014732361 0.7192004323005676
1654618319.1885653 -0.17865753173828125 2.0420303344726562 0.0 0.0 0.0 -0.6955204606056213 0.7185062766075134
1654618319.2884047 -0.1845245361328125 1.96942138671875 0.0 0.0 0.0 -0.6961240768432617 0.7179214954376221
1654618319.388202 -0.17637252807617188 1.9026107788085938 0.0 0.0 0.0 -0.6955901980400085 0.7184388041496277
1654618319.4879808 -0.17545318603515625 1.8321952819824219 0.0 0.0 0.0 -0.6945040822029114 0.7194887399673462
1654618319.5878055 -0.17006301879882812 1.7620353698730469 0.0 0.0 0.0 -0.6931478381156921 0.7207953929901123
1654618319.6876552 -0.17608261108398438 1.690948486328125 0.0 0.0 0.0 -0.6903021335601807 0.7235212326049805
1654618319.7875578 -0.18302154541015625 1.6189804077148438 0.0 0.0 0.0 -0.6875014305114746 0.7261829972267151
1654618319.8875117 -0.18543243408203125 1.5452995300292969 0.0 0.0 0.0 -0.6849337220191956 0.7286053895950317
1654618319.987546 -0.1761932373046875 1.4833183288574219 0.0 0.0 0.0 -0.6813997030258179 0.7319115400314331
1654618320.087624 -0.17583465576171875 1.4116325378417969 0.0 0.0 0.0 -0.6773671507835388 0.7356451153755188
1654618320.1877255 -0.18738174438476562 1.3559150695800781 0.0 0.0 0.0 -0.674492597579956 0.7382816076278687
1654618320.287767 -0.18343353271484375 1.3001594543457031 0.0 0.0 0.0 -0.6679931282997131 0.7441674470901489
1654618320.3877451 -0.17868804931640625 1.2421493530273438 0.0 0.0 0.0 -0.6609240770339966 0.7504528164863586
1654618320.4876733 -0.173614501953125 1.197540283203125 0.0 0.0 0.0 -0.6514894366264343 0.758657693862915
1654618320.5875847 -0.17433929443359375 1.1637077331542969 0.0 0.0 0.0 -0.6398636698722839 0.7684884667396545
1654618320.6874995 -0.17306137084960938 1.1285781860351562 0.0 0.0 0.0 -0.6281647086143494 0.778080403804779
1654618320.7874024 -0.18271636962890625 1.097259521484375 0.0 0.0 0.0 -0.6143699288368225 0.7890180945396423
1654618320.8873513 -0.17317962646484375 1.060089111328125 0.0 0.0 0.0 -0.5985913276672363 0.8010545372962952
1654618320.9873345 -0.18033218383789062 1.0274543762207031 0.0 0.0 0.0 -0.5832428336143494 0.8122978210449219
1654618321.0873628 -0.17293548583984375 0.999725341796875 0.0 0.0 0.0 -0.5659896731376648 0.8244122862815857
1654618321.1874726 -0.16701889038085938 0.9688796997070312 0.0 0.0 0.0 -0.5492463111877441 0.8356605172157288
1654618321.2875807 -0.15850067138671875 0.9414749145507812 0.0 0.0 0.0 -0.532886266708374 0.8461868762969971
1654618321.387714 -0.158203125 0.9230155944824219 0.0 0.0 0.0 -0.514370858669281 0.8575678467750549
1654618321.4878206 -0.14567184448242188 0.8945503234863281 0.0 0.0 0.0 -0.49714383482933044 0.8676681518554688
1654618321.5879 -0.13642120361328125 0.8643302917480469 0.0 0.0 0.0 -0.47885435819625854 0.8778943419456482
1654618321.6878846 -0.13811492919921875 0.8409233093261719 0.0 0.0 0.0 -0.45610278844833374 0.889927089214325
1654618321.7878695 -0.12642669677734375 0.8160820007324219 0.0 0.0 0.0 -0.43614888191223145 0.8998745083808899
1654618321.8878393 -0.12610626220703125 0.7999992370605469 0.0 0.0 0.0 -0.4124416410923004 0.9109840393066406
1654618321.987832 -0.12084197998046875 0.7830314636230469 0.0 0.0 0.0 -0.38867709040641785 0.9213740229606628
1654618322.0878313 -0.12804412841796875 0.7709846496582031 0.0 0.0 0.0 -0.3630707561969757 0.9317615628242493
1654618322.1877635 -0.11204147338867188 0.7475166320800781 0.0 0.0 0.0 -0.3345990777015686 0.9423605799674988
1654618322.2876287 -0.11367034912109375 0.7326736450195312 0.0 0.0 0.0 -0.29992857575416565 0.9539616703987122
1654618322.387508 -0.11232757568359375 0.7210159301757812 0.0 0.0 0.0 -0.2663666605949402 0.9638717770576477
1654618322.487521 -0.10284423828125 0.7058906555175781 0.0 0.0 0.0 -0.23585407435894012 0.9717884659767151
1654618322.587643 -0.12410354614257812 0.7040596008300781 0.0 0.0 0.0 -0.20595550537109375 0.9785613417625427
1654618322.6879208 -0.13589859008789062 0.6905632019042969 0.0 0.0 0.0 -0.1797911375761032 0.9837048053741455
1654618322.7882378 -0.12670135498046875 0.6743354797363281 0.0 0.0 0.0 -0.1591595560312271 0.9872528910636902
1654618322.8884912 -0.13074493408203125 0.65924072265625 0.0 0.0 0.0 -0.13530506193637848 0.9908039569854736
1654618322.988551 -0.127227783203125 0.6468887329101562 0.0 0.0 0.0 -0.10889129340648651 0.9940536618232727
1654618323.0884726 -0.11133193969726562 0.636749267578125 0.0 0.0 0.0 -0.08731524646282196 0.9961807131767273
1654618323.1883833 -0.10176849365234375 0.6287956237792969 0.0 0.0 0.0 -0.060772769153118134 0.9981516003608704
1654618323.2883081 -0.08335113525390625 0.6206130981445312 0.0 0.0 0.0 -0.04111814498901367 0.999154269695282
1654618323.3882225 -0.06346511840820312 0.608428955078125 0.0 0.0 0.0 -0.0205093864351511 0.9997896552085876
1654618323.4882007 -0.031734466552734375 0.6090812683105469 0.0 0.0 0.0 -0.004027506802231073 0.9999918937683105
1654618323.5882149 0.008617401123046875 0.6186943054199219 0.0 0.0 0.0 0.011043054051697254 0.9999390244483948
1654618323.688323 0.04438018798828125 0.6124801635742188 0.0 0.0 0.0 0.02276044525206089 0.9997409582138062
1654618323.7884266 0.093292236328125 0.6167793273925781 0.0 0.0 0.0 0.030624067410826683 0.9995309710502625
1654618323.88864 0.13555145263671875 0.6106491088867188 0.0 0.0 0.0 0.03336041420698166 0.9994434118270874
1654618323.9887488 0.20331954956054688 0.6150093078613281 0.0 0.0 0.0 0.03568826988339424 0.9993629455566406
1654618324.0888095 0.27291107177734375 0.6157608032226562 0.0 0.0 0.0 0.03490260988473892 0.999390721321106
1654618324.1888216 0.34654998779296875 0.6113166809082031 0.0 0.0 0.0 0.03209582343697548 0.9994847774505615
1654618324.2886784 0.43206787109375 0.6135978698730469 0.0 0.0 0.0 0.03323158249258995 0.9994477033615112
1654618324.388507 0.5094413757324219 0.6190185546875 0.0 0.0 0.0 0.02918015792965889 0.9995741844177246
1654618324.4883027 0.5882987976074219 0.6174507141113281 0.0 0.0 0.0 0.029754795134067535 0.9995572566986084
1654618324.5880814 0.6771965026855469 0.6172904968261719 0.0 0.0 0.0 0.029476961120963097 0.9995654821395874
1654618324.6878545 0.7496147155761719 0.6242485046386719 0.0 0.0 0.0 0.029870934784412384 0.9995537400245667
1654618324.7876742 0.83050537109375 0.6161918640136719 0.0 0.0 0.0 0.032466545701026917 0.9994727969169617
1654618324.8875265 0.9125289916992188 0.6217460632324219 0.0 0.0 0.0 0.03507133573293686 0.9993848204612732
1654618324.9874704 0.9881706237792969 0.620513916015625 0.0 0.0 0.0 0.03725406527519226 0.9993058443069458
1654618325.0873992 1.0697212219238281 0.6274223327636719 0.0 0.0 0.0 0.04113888368010521 0.9991534352302551
1654618325.187394 1.1443405151367188 0.6321487426757812 0.0 0.0 0.0 0.044950809329748154 0.9989892244338989
1654618325.287459 1.2315254211425781 0.6323661804199219 0.0 0.0 0.0 0.050566352903842926 0.9987207055091858
1654618325.3875592 1.3110275268554688 0.6307868957519531 0.0 0.0 0.0 0.0541507788002491 0.998532772064209
1654618325.4876688 1.3882522583007812 0.6348800659179688 0.0 0.0 0.0 0.05675249919295311 0.9983882904052734
1654618325.587824 1.4740791320800781 0.6544113159179688 0.0 0.0 0.0 0.05574050918221474 0.9984452724456787
1654618325.6879869 1.5661392211914062 0.6530876159667969 0.0 0.0 0.0 0.05749043449759483 0.9983460307121277
1654618325.7881103 1.6598739624023438 0.6639595031738281 0.0 0.0 0.0 0.05545550957322121 0.9984611868858337
1654618325.8882003 1.74700927734375 0.6708145141601562 0.0 0.0 0.0 0.05459126457571983 0.9985088109970093
1654618325.9882185 1.8271369934082031 0.6744880676269531 0.0 0.0 0.0 0.052257075905799866 0.9986336827278137
1654618326.088222 1.919952392578125 0.6888542175292969 0.0 0.0 0.0 0.050679903477430344 0.9987149238586426
1654618326.188158 1.999603271484375 0.6944084167480469 0.0 0.0 0.0 0.05031173303723335 0.9987335801124573
1654618326.28806 2.096050262451172 0.7003669738769531 0.0 0.0 0.0 0.049017082899808884 0.9987979531288147
1654618326.3879383 2.183673858642578 0.6981315612792969 0.0 0.0 0.0 0.04948987811803818 0.9987746477127075
1654618326.4878135 2.2663497924804688 0.6991348266601562 0.0 0.0 0.0 0.04887613281607628 0.9988048672676086
1654618326.587678 2.349315643310547 0.696807861328125 0.0 0.0 0.0 0.04905097559094429 0.998796284198761
1654618326.6875374 2.441211700439453 0.7055778503417969 0.0 0.0 0.0 0.04893932864069939 0.9988017678260803
1654618326.7873776 2.52215576171875 0.7110519409179688 0.0 0.0 0.0 0.054248273372650146 0.998527467250824
1654618326.8873127 2.615386962890625 0.7200431823730469 0.0 0.0 0.0 0.05585240572690964 0.9984390139579773
1654618326.987281 2.6910934448242188 0.7191047668457031 0.0 0.0 0.0 0.06057041883468628 0.9981639385223389
1654618327.0873387 2.782958984375 0.7300186157226562 0.0 0.0 0.0 0.0638502687215805 0.9979594945907593
1654618327.1873662 2.869579315185547 0.7357406616210938 0.0 0.0 0.0 0.06780803948640823 0.9976983666419983
1654618327.2873836 2.9491195678710938 0.7395553588867188 0.0 0.0 0.0 0.072749063372612 0.99735027551651
1654618327.387378 3.0206298828125 0.7460861206054688 0.0 0.0 0.0 0.07992347329854965 0.9968010187149048
1654618327.4873414 3.1002426147460938 0.7547607421875 0.0 0.0 0.0 0.088345006108284 0.9960899353027344
1654618327.587325 3.1783981323242188 0.7643966674804688 0.0 0.0 0.0 0.09758785367012024 0.9952269196510315
1654618327.6873293 3.2469100952148438 0.7711257934570312 0.0 0.0 0.0 0.11233611404895782 0.9936702847480774
1654618327.7872646 3.3101425170898438 0.7771720886230469 0.0 0.0 0.0 0.12637099623680115 0.9919830560684204
1654618327.887156 3.367664337158203 0.783355712890625 0.0 0.0 0.0 0.14902374148368835 0.9888336062431335
1654618327.9870546 3.417407989501953 0.7899589538574219 0.0 0.0 0.0 0.17234838008880615 0.9850360751152039
1654618328.086936 3.4599685668945312 0.7907028198242188 0.0 0.0 0.0 0.19904613494873047 0.9799901247024536
1654618328.1868885 3.500377655029297 0.7919692993164062 0.0 0.0 0.0 0.22780907154083252 0.9737058281898499
1654618328.2869852 3.5266494750976562 0.7931404113769531 0.0 0.0 0.0 0.25472602248191833 0.9670132398605347
1654618328.3870864 3.563770294189453 0.8020095825195312 0.0 0.0 0.0 0.28429505228996277 0.9587368369102478
1654618328.4872487 3.591693878173828 0.8198661804199219 0.0 0.0 0.0 0.3131142258644104 0.9497154951095581
1654618328.5873876 3.6173019409179688 0.826507568359375 0.0 0.0 0.0 0.3473847210407257 0.9377226829528809
1654618328.6876156 3.6460189819335938 0.8315315246582031 0.0 0.0 0.0 0.37687787413597107 0.9262629747390747
1654618328.7879033 3.6783828735351562 0.8423080444335938 0.0 0.0 0.0 0.4039041996002197 0.914801299571991
1654618328.8881748 3.700103759765625 0.8537673950195312 0.0 0.0 0.0 0.42830032110214233 0.9036364555358887
1654618328.9884262 3.7205429077148438 0.8770065307617188 0.0 0.0 0.0 0.44920727610588074 0.8934275507926941
1654618329.0886407 3.74884033203125 0.8921737670898438 0.0 0.0 0.0 0.4707314968109131 0.8822765350341797
1654618329.1887677 3.7840652465820312 0.9206657409667969 0.0 0.0 0.0 0.48687079548835754 0.8734740018844604
1654618329.2887352 3.8166122436523438 0.9534988403320312 0.0 0.0 0.0 0.5031794905662537 0.8641819357872009
1654618329.3885558 3.8452987670898438 0.9965324401855469 0.0 0.0 0.0 0.5216053128242493 0.8531869053840637
1654618329.488288 3.873973846435547 1.0400390625 0.0 0.0 0.0 0.5369057059288025 0.8436422944068909
1654618329.5880485 3.9053268432617188 1.0817375183105469 0.0 0.0 0.0 0.5519599914550781 0.8338705897331238
1654618329.6877677 3.92999267578125 1.1339111328125 0.0 0.0 0.0 0.5662441849708557 0.8242375254631042
1654618329.7874706 3.955577850341797 1.1912841796875 0.0 0.0 0.0 0.5827078819274902 0.8126816749572754
1654618329.887247 3.9841384887695312 1.24725341796875 0.0 0.0 0.0 0.5975085496902466 0.8018625378608704
1654618329.9870872 4.015617370605469 1.30621337890625 0.0 0.0 0.0 0.6133463978767395 0.7898140549659729
1654618330.086905 4.052909851074219 1.3649520874023438 0.0 0.0 0.0 0.6313909888267517 0.775464653968811
1654618330.1867993 4.066490173339844 1.4279289245605469 0.0 0.0 0.0 0.6493666768074036 0.7604754567146301
1654618330.2867596 4.079994201660156 1.4908866882324219 0.0 0.0 0.0 0.6674119234085083 0.7446887493133545
1654618330.3868868 4.107765197753906 1.5544624328613281 0.0 0.0 0.0 0.683408260345459 0.7300363779067993
1654618330.4870906 4.118873596191406 1.6212234497070312 0.0 0.0 0.0 0.6989931464195251 0.7151283621788025
1654618330.5873566 4.130088806152344 1.6891593933105469 0.0 0.0 0.0 0.7121151685714722 0.7020626068115234
1654618330.6876397 4.136547088623047 1.7658576965332031 0.0 0.0 0.0 0.7241950035095215 0.6895952224731445
1654618330.7879596 4.136085510253906 1.8598213195800781 0.0 0.0 0.0 0.7340822219848633 0.6790605783462524
1654618330.888237 4.137641906738281 1.9401054382324219 0.0 0.0 0.0 0.7414523959159851 0.6710054278373718
1654618330.988434 4.137641906738281 2.0185775756835938 0.0 0.0 0.0 0.7480095624923706 0.6636879444122314
1654618331.0885413 4.134143829345703 2.10223388671875 0.0 0.0 0.0 0.7536404132843018 0.6572869420051575
1654618331.1885107 4.1312255859375 2.1837081909179688 0.0 0.0 0.0 0.7596836686134338 0.6502928137779236
1654618331.288337 4.130897521972656 2.265228271484375 0.0 0.0 0.0 0.7665807008743286 0.642147958278656
1654618331.3880029 4.124992370605469 2.3452072143554688 0.0 0.0 0.0 0.7758381962776184 0.6309319138526917
1654618331.4875581 4.119171142578125 2.413532257080078 0.0 0.0 0.0 0.7869619131088257 0.6170015335083008
1654618331.5870392 4.103099822998047 2.479705810546875 0.0 0.0 0.0 0.7995530366897583 0.6005954742431641
1654618331.6865683 4.088817596435547 2.53271484375 0.0 0.0 0.0 0.8125579357147217 0.582880437374115
1654618331.7862356 4.086463928222656 2.584972381591797 0.0 0.0 0.0 0.8271284103393555 0.5620129704475403
1654618331.8860278 4.090972900390625 2.6222763061523438 0.0 0.0 0.0 0.8424853682518005 0.5387192368507385
1654618331.9859219 4.087291717529297 2.6599960327148438 0.0 0.0 0.0 0.8575071096420288 0.5144720673561096
1654618332.0860121 4.086994171142578 2.673248291015625 0.0 0.0 0.0 0.8712599873542786 0.49082180857658386
1654618332.186216 4.083152770996094 2.698871612548828 0.0 0.0 0.0 0.886239230632782 0.463227778673172
1654618332.2864082 4.083385467529297 2.7060546875 0.0 0.0 0.0 0.9025446176528931 0.43059635162353516
1654618332.386571 4.078197479248047 2.7175216674804688 0.0 0.0 0.0 0.917851448059082 0.39692404866218567
1654618332.4867496 4.091571807861328 2.728618621826172 0.0 0.0 0.0 0.9338523149490356 0.35765883326530457
1654618332.586919 4.094886779785156 2.736377716064453 0.0 0.0 0.0 0.9478734731674194 0.31864693760871887
1654618332.687093 4.11102294921875 2.732635498046875 0.0 0.0 0.0 0.9599342346191406 0.2802254557609558
1654618332.787348 4.125694274902344 2.737804412841797 0.0 0.0 0.0 0.9693013429641724 0.24587585031986237
1654618332.8876643 4.133197784423828 2.747692108154297 0.0 0.0 0.0 0.9775322675704956 0.21078574657440186
1654618332.9879673 4.134765625 2.7645797729492188 0.0 0.0 0.0 0.9839025735855103 0.17870564758777618
1654618333.0882812 4.138774871826172 2.770477294921875 0.0 0.0 0.0 0.9885963201522827 0.15059003233909607
1654618333.1884978 4.155719757080078 2.7773056030273438 0.0 0.0 0.0 0.9921039938926697 0.12541791796684265
1654618333.2886426 4.162803649902344 2.788127899169922 0.0 0.0 0.0 0.9946897029876709 0.10291948169469833
1654618333.3887284 4.162281036376953 2.794200897216797 0.0 0.0 0.0 0.9962811470031738 0.08616224676370621
1654618333.4887848 4.178459167480469 2.8069839477539062 0.0 0.0 0.0 0.997349739074707 0.07275663316249847
1654618333.588728 4.165191650390625 2.8108444213867188 0.0 0.0 0.0 0.9982478022575378 0.059172093868255615
1654618333.6884487 4.140083312988281 2.815990447998047 0.0 0.0 0.0 0.9989486336708069 0.0458434596657753
1654618333.7881238 4.095111846923828 2.8293838500976562 0.0 0.0 0.0 0.9994688630104065 0.03258791193366051
1654618333.8878312 4.047187805175781 2.838695526123047 0.0 0.0 0.0 0.9997659921646118 0.021632252261042595
1654618333.9876297 3.9802474975585938 2.846538543701172 0.0 0.0 0.0 0.9999175071716309 0.012846430763602257
1654618334.0874898 3.9210281372070312 2.8565139770507812 0.0 0.0 0.0 0.9999639391899109 0.00849506538361311
1654618334.187555 3.8489608764648438 2.866497039794922 0.0 0.0 0.0 0.9999498724937439 0.01001539546996355
1654618334.2877126 3.758106231689453 2.8693466186523438 0.0 0.0 0.0 0.999881386756897 0.01540249865502119
1654618334.3878493 3.665515899658203 2.8692092895507812 0.0 0.0 0.0 0.9997557401657104 0.02210170403122902
1654618334.487861 3.562824249267578 2.8713760375976562 0.0 0.0 0.0 0.9996529221534729 0.026345618069171906
1654618334.5878453 3.4632949829101562 2.8819046020507812 0.0 0.0 0.0 0.9995183348655701 0.03103361465036869
1654618334.6876626 3.384624481201172 2.889892578125 0.0 0.0 0.0 0.999403715133667 0.03452909365296364
1654618334.7874541 3.2853012084960938 2.902751922607422 0.0 0.0 0.0 0.9993849992752075 0.035066522657871246
1654618334.8871636 3.1977310180664062 2.907825469970703 0.0 0.0 0.0 0.9994267225265503 0.03385619446635246
1654618334.9868662 3.0966110229492188 2.9178543090820312 0.0 0.0 0.0 0.9995726943016052 0.02923044003546238
1654618335.0865753 3.018299102783203 2.924549102783203 0.0 0.0 0.0 0.9997220635414124 0.02357546240091324
1654618335.1863687 2.9296188354492188 2.9336166381835938 0.0 0.0 0.0 0.9998818635940552 0.015371746383607388
1654618335.286287 2.842864990234375 2.942474365234375 0.0 0.0 0.0 0.999974250793457 0.007179035805165768
1654618335.3863652 2.7587509155273438 2.954090118408203 0.0 0.0 0.0 -0.9999998807907104 0.00042481819400563836
1654618335.486557 2.665752410888672 2.9624710083007812 0.0 0.0 0.0 -0.9999693036079407 0.007834549061954021
1654618335.5868237 2.5790939331054688 2.961475372314453 0.0 0.0 0.0 -0.9998968839645386 0.014358698390424252
1654618335.687155 2.495044708251953 2.9716567993164062 0.0 0.0 0.0 -0.9998192191123962 0.019015194848179817
1654618335.7874794 2.397430419921875 2.973480224609375 0.0 0.0 0.0 -0.9997695684432983 0.021466350182890892
1654618335.8877676 2.291881561279297 2.968181610107422 0.0 0.0 0.0 -0.9997037649154663 0.02433973178267479
1654618335.9879367 2.1968765258789062 2.9701004028320312 0.0 0.0 0.0 -0.9996597170829773 0.026085831224918365
1654618336.088011 2.0991287231445312 2.9680557250976562 0.0 0.0 0.0 -0.999636173248291 0.026973269879817963
1654618336.1879911 2.0086593627929688 2.967906951904297 0.0 0.0 0.0 -0.9996598958969116 0.02607760764658451
1654618336.287889 1.9126663208007812 2.9708938598632812 0.0 0.0 0.0 -0.9996320009231567 0.02712782844901085
1654618336.3877466 1.8212051391601562 2.964111328125 0.0 0.0 0.0 -0.999607503414154 0.028014883399009705
1654618336.487568 1.7287368774414062 2.968097686767578 0.0 0.0 0.0 -0.9995213150978088 0.03093722090125084
1654618336.587393 1.6311759948730469 2.960987091064453 0.0 0.0 0.0 -0.9994208812713623 0.03402811661362648
1654618336.6872058 1.5366287231445312 2.959491729736328 0.0 0.0 0.0 -0.9991962909698486 0.040085140615701675
1654618336.7870579 1.4467964172363281 2.94854736328125 0.0 0.0 0.0 -0.9989569783210754 0.04566149786114693
1654618336.8869615 1.3547439575195312 2.947032928466797 0.0 0.0 0.0 -0.9987008571624756 0.05095665901899338
1654618336.9869611 1.2630538940429688 2.9508743286132812 0.0 0.0 0.0 -0.9983537793159485 0.057355813682079315
1654618337.0869863 1.1704940795898438 2.949352264404297 0.0 0.0 0.0 -0.998060941696167 0.06224428117275238
1654618337.1870122 1.0724906921386719 2.9398269653320312 0.0 0.0 0.0 -0.9974979162216187 0.07069617509841919
1654618337.2870488 0.9945907592773438 2.932464599609375 0.0 0.0 0.0 -0.9970120191574097 0.07724683731794357
1654618337.3870842 0.9029045104980469 2.92437744140625 0.0 0.0 0.0 -0.9963529706001282 0.08532728999853134
1654618337.4871264 0.8275260925292969 2.909015655517578 0.0 0.0 0.0 -0.9953423142433167 0.09640344977378845
1654618337.5871072 0.7505722045898438 2.9048690795898438 0.0 0.0 0.0 -0.9941296577453613 0.1081952378153801
1654618337.6870322 0.6818656921386719 2.9001388549804688 0.0 0.0 0.0 -0.9922787547111511 0.12402767688035965
1654618337.7869432 0.6186447143554688 2.9024734497070312 0.0 0.0 0.0 -0.9897229671478271 0.14299826323986053
1654618337.8868117 0.551177978515625 2.8957138061523438 0.0 0.0 0.0 -0.9860110282897949 0.16668011248111725
1654618337.9867218 0.5077743530273438 2.881732940673828 0.0 0.0 0.0 -0.9812930226325989 0.1925201714038849
1654618338.0866997 0.4566841125488281 2.8725051879882812 0.0 0.0 0.0 -0.9749683737754822 0.22234362363815308
1654618338.1867597 0.4143257141113281 2.859130859375 0.0 0.0 0.0 -0.9674342274665833 0.2531226575374603
1654618338.28679 0.374908447265625 2.842945098876953 0.0 0.0 0.0 -0.9576464295387268 0.28794682025909424
1654618338.3868637 0.33339691162109375 2.837024688720703 0.0 0.0 0.0 -0.9462700486183167 0.3233775496482849
1654618338.4869678 0.2981376647949219 2.824237823486328 0.0 0.0 0.0 -0.9328715205192566 0.36020925641059875
1654618338.5870016 0.27118682861328125 2.81640625 0.0 0.0 0.0 -0.9166467189788818 0.3996983468532562
1654618338.6870756 0.24925994873046875 2.79681396484375 0.0 0.0 0.0 -0.8978667855262756 0.44026726484298706
1654618338.7871203 0.212738037109375 2.7835159301757812 0.0 0.0 0.0 -0.8749921321868896 0.4841371476650238
1654618338.887389 0.17506027221679688 2.768077850341797 0.0 0.0 0.0 -0.853767454624176 0.5206544995307922
1654618338.9878078 0.14978790283203125 2.76947021484375 0.0 0.0 0.0 -0.8311366438865662 0.5560682415962219
1654618339.0882947 0.12449264526367188 2.735076904296875 0.0 0.0 0.0 -0.811397910118103 0.5844941735267639
1654618339.1888387 0.09561920166015625 2.7073898315429688 0.0 0.0 0.0 -0.7937378287315369 0.6082600355148315
1654618339.289309 0.07245635986328125 2.6742630004882812 0.0 0.0 0.0 -0.7781450748443604 0.6280845403671265
1654618339.3896043 0.054595947265625 2.619403839111328 0.0 0.0 0.0 -0.7637144327163696 0.64555424451828
1654618339.4897525 0.029712677001953125 2.565166473388672 0.0 0.0 0.0 -0.7512524724006653 0.6600149869918823
1654618339.589726 0.00939178466796875 2.4947891235351562 0.0 0.0 0.0 -0.7401766180992126 0.6724125146865845
1654618339.689575 -0.00440216064453125 2.4243698120117188 0.0 0.0 0.0 -0.7308441400527954 0.6825444102287292
1654618339.7892675 -0.00286865234375 2.3501052856445312 0.0 0.0 0.0 -0.7219012975692749 0.6919960379600525
1654618339.8889284 -0.012264251708984375 2.278789520263672 0.0 0.0 0.0 -0.7137951850891113 0.7003545165061951
1654618339.9885545 -0.02150726318359375 2.2012710571289062 0.0 0.0 0.0 -0.7084641456604004 0.7057468295097351
1654618340.0881581 -0.0397491455078125 2.1223983764648438 0.0 0.0 0.0 -0.7021594643592834 0.712019681930542
1654618340.1877005 -0.04668426513671875 2.035747528076172 0.0 0.0 0.0 -0.6928647756576538 0.7210675477981567
1654618340.2872088 -0.05255889892578125 1.9691238403320312 0.0 0.0 0.0 -0.6822647452354431 0.7311052083969116
1654618340.3868082 -0.05562591552734375 1.8970718383789062 0.0 0.0 0.0 -0.6711897253990173 0.7412855625152588
1654618340.486561 -0.050525665283203125 1.8312873840332031 0.0 0.0 0.0 -0.6591681241989136 0.7519956231117249
1654618340.5864666 -0.043811798095703125 1.753692626953125 0.0 0.0 0.0 -0.6468110084533691 0.7626503109931946
1654618340.6865282 -0.0459747314453125 1.6777725219726562 0.0 0.0 0.0 -0.635863184928894 0.771801769733429
1654618340.7867398 -0.03806304931640625 1.606353759765625 0.0 0.0 0.0 -0.6262619495391846 0.7796127200126648
1654618340.886996 -0.024860382080078125 1.5375175476074219 0.0 0.0 0.0 -0.6177051663398743 0.7864097356796265
1654618340.9872742 -0.01036834716796875 1.4671821594238281 0.0 0.0 0.0 -0.6073066592216492 0.7944675087928772
1654618341.0875294 -0.01100921630859375 1.3995285034179688 0.0 0.0 0.0 -0.5979334115982056 0.8015457987785339
1654618341.18769 0.001739501953125 1.34588623046875 0.0 0.0 0.0 -0.5858249664306641 0.8104376196861267
1654618341.2876825 0.00713348388671875 1.2920722961425781 0.0 0.0 0.0 -0.5710400938987732 0.8209221363067627
1654618341.3875065 0.01616668701171875 1.2482414245605469 0.0 0.0 0.0 -0.5502296090126038 0.8350133895874023
1654618341.4872308 0.027912139892578125 1.197784423828125 0.0 0.0 0.0 -0.527463972568512 0.8495774269104004
1654618341.5869262 0.029499053955078125 1.1574020385742188 0.0 0.0 0.0 -0.5000283718109131 0.8660090565681458
1654618341.6866 0.046123504638671875 1.1181755065917969 0.0 0.0 0.0 -0.4699813425540924 0.882676362991333
1654618341.7862957 0.051807403564453125 1.0904731750488281 0.0 0.0 0.0 -0.43341270089149475 0.9011955857276917
1654618341.8860667 0.06742477416992188 1.075103759765625 0.0 0.0 0.0 -0.394671767950058 0.918822169303894
1654618341.9859867 0.06346511840820312 1.0523910522460938 0.0 0.0 0.0 -0.3544459939002991 0.9350764751434326
1654618342.0860848 0.05576324462890625 1.0375289916992188 0.0 0.0 0.0 -0.31157952547073364 0.9502200484275818
1654618342.1862957 0.05340576171875 1.0217781066894531 0.0 0.0 0.0 -0.2688028812408447 0.9631952047348022
1654618342.2865937 0.04656219482421875 0.99798583984375 0.0 0.0 0.0 -0.22604653239250183 0.9741165041923523
1654618342.3869977 -0.0047607421875 0.9911575317382812 0.0 0.0 0.0 -0.17938631772994995 0.983778715133667
1654618342.4875143 0.015796661376953125 0.9905624389648438 0.0 0.0 0.0 -0.1478521078824997 0.9890094995498657
1654618342.5881686 0.034046173095703125 0.9807662963867188 0.0 0.0 0.0 -0.12474064528942108 0.9921894073486328
1654618342.688833 0.07282638549804688 0.9663887023925781 0.0 0.0 0.0 -0.10819140076637268 0.9941300749778748
1654618342.7893555 0.10898971557617188 0.9520759582519531 0.0 0.0 0.0 -0.09585674852132797 0.9953951239585876
1654618342.8895862 0.16126632690429688 0.9345932006835938 0.0 0.0 0.0 -0.08572287857532501 0.9963189959526062
1654618342.9894774 0.22022247314453125 0.9169120788574219 0.0 0.0 0.0 -0.07372613251209259 0.9972785115242004
1654618343.0892506 0.29087066650390625 0.8987922668457031 0.0 0.0 0.0 -0.06371628493070602 0.9979680776596069
1654618343.1887991 0.375335693359375 0.8846855163574219 0.0 0.0 0.0 -0.05227985978126526 0.9986324906349182
1654618343.288301 0.45528411865234375 0.8723831176757812 0.0 0.0 0.0 -0.04004352539777756 0.9991979598999023
1654618343.387801 0.5293350219726562 0.8557319641113281 0.0 0.0 0.0 -0.029138168320059776 0.9995753765106201
1654618343.4873855 0.6277351379394531 0.8389892578125 0.0 0.0 0.0 -0.01643288880586624 0.9998649954795837
1654618343.587058 0.730712890625 0.8312797546386719 0.0 0.0 0.0 -0.005220063496381044 0.9999863505363464
1654618343.6868672 0.8290290832519531 0.8220634460449219 0.0 0.0 0.0 0.006279926281422377 0.9999802708625793
1654618343.786856 0.9279251098632812 0.8120231628417969 0.0 0.0 0.0 0.017379000782966614 0.9998489618301392
1654618343.8869205 1.0324287414550781 0.8113327026367188 0.0 0.0 0.0 0.029833422973752022 0.9995548725128174
1654618343.9870958 1.1318473815917969 0.813262939453125 0.0 0.0 0.0 0.03965384140610695 0.999213457107544
1654618344.0872931 1.2168464660644531 0.8129997253417969 0.0 0.0 0.0 0.050181906670331955 0.9987400770187378
1654618344.1875792 1.31927490234375 0.8179512023925781 0.0 0.0 0.0 0.05726039409637451 0.9983592629432678
1654618344.2878776 1.429840087890625 0.8209953308105469 0.0 0.0 0.0 0.06222148612141609 0.9980623722076416
1654618344.388202 1.5371284484863281 0.8272285461425781 0.0 0.0 0.0 0.0633438304066658 0.9979917407035828
1654618344.488474 1.6525382995605469 0.8412895202636719 0.0 0.0 0.0 0.0621955506503582 0.9980639815330505
1654618344.5886462 1.7548828125 0.8567123413085938 0.0 0.0 0.0 0.0608142726123333 0.9981490969657898
1654618344.68868 1.8575057983398438 0.8711967468261719 0.0 0.0 0.0 0.05810348689556122 0.9983105659484863
1654618344.7885911 1.9618453979492188 0.8751335144042969 0.0 0.0 0.0 0.057890426367521286 0.9983229637145996
1654618344.888386 2.0666275024414062 0.8834419250488281 0.0 0.0 0.0 0.05553988739848137 0.9984564781188965
1654618344.9881287 2.170146942138672 0.8845291137695312 0.0 0.0 0.0 0.05559263378381729 0.9984535574913025
1654618345.0878685 2.2684326171875 0.8920364379882812 0.0 0.0 0.0 0.057696957141160965 0.9983341693878174
1654618345.1875825 2.3656005859375 0.8960456848144531 0.0 0.0 0.0 0.06116996333003044 0.9981273412704468
1654618345.287274 2.4566421508789062 0.9031486511230469 0.0 0.0 0.0 0.0661216676235199 0.9978115558624268
1654618345.3869894 2.563922882080078 0.9072074890136719 0.0 0.0 0.0 0.07223087549209595 0.9973879456520081
1654618345.4867861 2.648906707763672 0.9143295288085938 0.0 0.0 0.0 0.07925788313150406 0.9968541264533997
1654618345.5866518 2.740325927734375 0.924530029296875 0.0 0.0 0.0 0.08849670737981796 0.9960764646530151
1654618345.6866095 2.813404083251953 0.9310836791992188 0.0 0.0 0.0 0.09602440893650055 0.9953789710998535
1654618345.7866616 2.892181396484375 0.9379463195800781 0.0 0.0 0.0 0.10497060418128967 0.9944753050804138
1654618345.8867655 2.963024139404297 0.9525642395019531 0.0 0.0 0.0 0.11537576466798782 0.9933218955993652
1654618345.9868498 3.025310516357422 0.958282470703125 0.0 0.0 0.0 0.12935912609100342 0.9915978312492371
1654618346.0869079 3.083484649658203 0.9673957824707031 0.0 0.0 0.0 0.14317314326763153 0.9896976351737976
1654618346.18692 3.1391525268554688 0.9662857055664062 0.0 0.0 0.0 0.16087764501571655 0.9869743585586548
1654618346.2868676 3.185443878173828 0.9830513000488281 0.0 0.0 0.0 0.1811506748199463 0.9834553599357605
1654618346.3867362 3.223712921142578 0.997344970703125 0.0 0.0 0.0 0.20651455223560333 0.9784435033798218
1654618346.4866147 3.2683639526367188 0.9971847534179688 0.0 0.0 0.0 0.23280639946460724 0.9725230932235718
1654618346.586458 3.313098907470703 1.0095291137695312 0.0 0.0 0.0 0.2628162205219269 0.9648458957672119
1654618346.6862962 3.3500442504882812 1.0065803527832031 0.0 0.0 0.0 0.2968309819698334 0.9549300074577332
1654618346.7861454 3.389270782470703 1.0120353698730469 0.0 0.0 0.0 0.33153748512268066 0.9434420466423035
1654618346.8861558 3.422748565673828 1.0323066711425781 0.0 0.0 0.0 0.36827024817466736 0.9297187924385071
1654618346.9862185 3.4511642456054688 1.0384750366210938 0.0 0.0 0.0 0.40258559584617615 0.9153823256492615
1654618347.0864003 3.476043701171875 1.0561637878417969 0.0 0.0 0.0 0.43634262681007385 0.8997805714607239
1654618347.1866865 3.5007858276367188 1.0629768371582031 0.0 0.0 0.0 0.4684813916683197 0.8834733366966248
1654618347.286958 3.524341583251953 1.0859794616699219 0.0 0.0 0.0 0.5001237988471985 0.8659539222717285
1654618347.3871944 3.547618865966797 1.108551025390625 0.0 0.0 0.0 0.532565176486969 0.8463889956474304
1654618347.4873655 3.568531036376953 1.1419296264648438 0.0 0.0 0.0 0.5615140199661255 0.8274672031402588
1654618347.5875995 3.607135772705078 1.1739883422851562 0.0 0.0 0.0 0.5888552665710449 0.8082385063171387
1654618347.687831 3.6237106323242188 1.2170524597167969 0.0 0.0 0.0 0.6116449236869812 0.7911324501037598
1654618347.7880597 3.646076202392578 1.2650337219238281 0.0 0.0 0.0 0.6321863532066345 0.7748163342475891
1654618347.8883114 3.6631546020507812 1.3236503601074219 0.0 0.0 0.0 0.6456807255744934 0.7636075019836426
1654618347.9886022 3.687000274658203 1.4000740051269531 0.0 0.0 0.0 0.6532199382781982 0.7571682333946228
1654618348.0888517 3.710399627685547 1.4744186401367188 0.0 0.0 0.0 0.6570771336555481 0.7538233399391174
1654618348.1889372 3.7212142944335938 1.5572128295898438 0.0 0.0 0.0 0.6593830585479736 0.7518071532249451
1654618348.2888348 3.7372817993164062 1.6663627624511719 0.0 0.0 0.0 0.66255784034729 0.7490107417106628
1654618348.388578 3.75250244140625 1.7410888671875 0.0 0.0 0.0 0.6633448004722595 0.7483139038085938
1654618348.4881873 3.773296356201172 1.82489013671875 0.0 0.0 0.0 0.6660583019256592 0.7458996772766113
1654618348.587715 3.7865066528320312 1.9170608520507812 0.0 0.0 0.0 0.6719642877578735 0.7405835390090942
1654618348.6871748 3.809356689453125 1.9978141784667969 0.0 0.0 0.0 0.680057168006897 0.733159065246582
1654618348.7866518 3.8274612426757812 2.0820846557617188 0.0 0.0 0.0 0.6886526942253113 0.7250913977622986
1654618348.886198 3.8482894897460938 2.1507339477539062 0.0 0.0 0.0 0.7011165618896484 0.7130467295646667
1654618348.9859073 3.8563461303710938 2.227996826171875 0.0 0.0 0.0 0.7145616412162781 0.6995725035667419
1654618349.0857747 3.8744125366210938 2.295948028564453 0.0 0.0 0.0 0.7269889116287231 0.6866492033004761
1654618349.1857948 3.8729934692382812 2.3676681518554688 0.0 0.0 0.0 0.741922914981842 0.6704851388931274
1654618349.2859604 3.8716354370117188 2.424713134765625 0.0 0.0 0.0 0.7561272978782654 0.6544246077537537
1654618349.386181 3.8906173706054688 2.4616928100585938 0.0 0.0 0.0 0.7692441940307617 0.6389548778533936
1654618349.4864852 3.876850128173828 2.4981765747070312 0.0 0.0 0.0 0.7845069766044617 0.6201199889183044
1654618349.5868137 3.8682632446289062 2.5367202758789062 0.0 0.0 0.0 0.7992252707481384 0.6010316014289856
1654618349.6870646 3.8725204467773438 2.5627975463867188 0.0 0.0 0.0 0.8160578012466431 0.5779702663421631
1654618349.7871969 3.878997802734375 2.5830307006835938 0.0 0.0 0.0 0.8347612619400024 0.5506120920181274
1654618349.8872437 3.889209747314453 2.6005859375 0.0 0.0 0.0 0.8542655110359192 0.5198369026184082
1654618349.987214 3.881195068359375 2.622852325439453 0.0 0.0 0.0 0.8747962713241577 0.48449090123176575
1654618350.0871747 3.8973007202148438 2.6287612915039062 0.0 0.0 0.0 0.8952202200889587 0.44562405347824097
1654618350.1871116 3.9006118774414062 2.635162353515625 0.0 0.0 0.0 0.9154266715049744 0.40248480439186096
1654618350.2871726 3.906597137451172 2.6371536254882812 0.0 0.0 0.0 0.9327646493911743 0.3604859411716461
1654618350.3873045 3.9133529663085938 2.647655487060547 0.0 0.0 0.0 0.9475119709968567 0.3197202980518341
1654618350.4874806 3.932292938232422 2.654582977294922 0.0 0.0 0.0 0.960551381111145 0.2781026065349579
1654618350.587702 3.9356613159179688 2.661346435546875 0.0 0.0 0.0 0.9713897705078125 0.23749080300331116
1654618350.687943 3.9324111938476562 2.6708145141601562 0.0 0.0 0.0 0.9798611998558044 0.19967971742153168
1654618350.7882454 3.9380722045898438 2.6838760375976562 0.0 0.0 0.0 0.9860089421272278 0.1666923314332962
1654618350.8885963 3.943561553955078 2.7002182006835938 0.0 0.0 0.0 0.9901172518730164 0.1402420699596405
1654618350.988883 3.935626983642578 2.712993621826172 0.0 0.0 0.0 0.9931277632713318 0.11703532189130783
1654618351.0889423 3.915904998779297 2.73541259765625 0.0 0.0 0.0 0.9955573678016663 0.09415672719478607
1654618351.1887689 3.888599395751953 2.7489852905273438 0.0 0.0 0.0 0.997610867023468 0.06908329576253891
1654618351.2885146 3.86602783203125 2.758209228515625 0.0 0.0 0.0 0.998854398727417 0.04785266891121864
1654618351.3882744 3.825305938720703 2.770488739013672 0.0 0.0 0.0 0.9995809197425842 0.028948986902832985
1654618351.4881237 3.754913330078125 2.784259796142578 0.0 0.0 0.0 0.9998772144317627 0.01567092537879944
1654618351.588082 3.6862258911132812 2.7959060668945312 0.0 0.0 0.0 0.9999728202819824 0.007375368382781744
1654618351.68806 3.590789794921875 2.8043594360351562 0.0 0.0 0.0 -0.9999999403953552 0.000312761461827904
1654618351.7880352 3.511444091796875 2.807476043701172 0.0 0.0 0.0 -0.9999942779541016 0.0033741688821464777
1654618351.8880174 3.416778564453125 2.807952880859375 0.0 0.0 0.0 -0.9999844431877136 0.005577610805630684
1654618351.9879963 3.315155029296875 2.811359405517578 0.0 0.0 0.0 -0.9999646544456482 0.008407927118241787
1654618352.0878975 3.228839874267578 2.812732696533203 0.0 0.0 0.0 -0.9999458193778992 0.010409719310700893
1654618352.1877642 3.14556884765625 2.8132095336914062 0.0 0.0 0.0 -0.9999070763587952 0.013630401343107224
1654618352.2876065 3.0327682495117188 2.815746307373047 0.0 0.0 0.0 -0.999834418296814 0.018198156729340553
1654618352.387402 2.9453964233398438 2.821575164794922 0.0 0.0 0.0 -0.9996854662895203 0.025080392137169838
1654618352.487163 2.84625244140625 2.8201370239257812 0.0 0.0 0.0 -0.9994237422943115 0.03394459933042526
1654618352.5870245 2.756305694580078 2.829906463623047 0.0 0.0 0.0 -0.9990862011909485 0.04274098575115204
1654618352.6869624 2.6566390991210938 2.8252944946289062 0.0 0.0 0.0 -0.998592734336853 0.053033214062452316
1654618352.787015 2.5743179321289062 2.818737030029297 0.0 0.0 0.0 -0.9980220794677734 0.06286438554525375
1654618352.887118 2.484710693359375 2.809680938720703 0.0 0.0 0.0 -0.9974837899208069 0.070894755423069
1654618352.9873104 2.408905029296875 2.8061904907226562 0.0 0.0 0.0 -0.9969215989112854 0.07840477675199509
1654618353.0875633 2.3045654296875 2.7971572875976562 0.0 0.0 0.0 -0.9964222311973572 0.08451449126005173
1654618353.18782 2.2050552368164062 2.790924072265625 0.0 0.0 0.0 -0.9962445497512817 0.08658421784639359
1654618353.2880082 2.105236053466797 2.781627655029297 0.0 0.0 0.0 -0.9961356520652771 0.08782829344272614
1654618353.3881261 2.016368865966797 2.7614364624023438 0.0 0.0 0.0 -0.9961708188056946 0.08742845803499222
1654618353.4881587 1.9269828796386719 2.7471923828125 0.0 0.0 0.0 -0.9961759448051453 0.08737003058195114
1654618353.588119 1.8376998901367188 2.73394775390625 0.0 0.0 0.0 -0.9959784150123596 0.08959358930587769
1654618353.6880336 1.7356376647949219 2.7261886596679688 0.0 0.0 0.0 -0.9957686066627502 0.09189611673355103
1654618353.7878492 1.6619758605957031 2.711700439453125 0.0 0.0 0.0 -0.9954151511192322 0.09564889967441559
1654618353.8876138 1.5707588195800781 2.6995162963867188 0.0 0.0 0.0 -0.9948007464408875 0.10184060782194138
1654618353.987436 1.4883499145507812 2.6918258666992188 0.0 0.0 0.0 -0.9940402507781982 0.1090138703584671
1654618354.0872753 1.4123725891113281 2.6748123168945312 0.0 0.0 0.0 -0.9929937720298767 0.11816681921482086
1654618354.1871643 1.33477783203125 2.66748046875 0.0 0.0 0.0 -0.9916677474975586 0.12882199883460999
1654618354.2871537 1.253875732421875 2.652507781982422 0.0 0.0 0.0 -0.9905787110328674 0.1369444578886032
1654618354.387294 1.1777725219726562 2.6376876831054688 0.0 0.0 0.0 -0.9896509051322937 0.14349590241909027
1654618354.4874678 1.088623046875 2.620208740234375 0.0 0.0 0.0 -0.9889529347419739 0.14822977781295776
1654618354.587682 1.010406494140625 2.598834991455078 0.0 0.0 0.0 -0.9885825514793396 0.1506800651550293
1654618354.6878014 0.9388046264648438 2.582805633544922 0.0 0.0 0.0 -0.988084077835083 0.15391525626182556
1654618354.7878914 0.875946044921875 2.5664291381835938 0.0 0.0 0.0 -0.9874023199081421 0.15822966396808624
1654618354.887926 0.8192138671875 2.54833984375 0.0 0.0 0.0 -0.986703634262085 0.16252978146076202
1654618354.9879587 0.7712936401367188 2.537670135498047 0.0 0.0 0.0 -0.9863321185112 0.16476939618587494
1654618355.0879526 0.7313652038574219 2.517658233642578 0.0 0.0 0.0 -0.9859989881515503 0.16675134003162384
1654618355.1878886 0.6873703002929688 2.5093765258789062 0.0 0.0 0.0 -0.9852339625358582 0.17121343314647675
1654618355.2877312 0.6504707336425781 2.5069961547851562 0.0 0.0 0.0 -0.984220564365387 0.17694589495658875
1654618355.3875005 0.6146621704101562 2.502613067626953 0.0 0.0 0.0 -0.9825006723403931 0.1862589567899704
1654618355.4872205 0.5803947448730469 2.490856170654297 0.0 0.0 0.0 -0.9798634052276611 0.19966909289360046
1654618355.5868638 0.5366706848144531 2.4884414672851562 0.0 0.0 0.0 -0.97601717710495 0.21769361197948456
1654618355.6864913 0.5056991577148438 2.481006622314453 0.0 0.0 0.0 -0.9702678918838501 0.24203351140022278
1654618355.786153 0.4762992858886719 2.470691680908203 0.0 0.0 0.0 -0.9626996517181396 0.2705722153186798
1654618355.8859715 0.4619560241699219 2.4606246948242188 0.0 0.0 0.0 -0.9531894326210022 0.3023737967014313
1654618355.9858015 0.43947601318359375 2.456958770751953 0.0 0.0 0.0 -0.940440833568573 0.33995747566223145
1654618356.0858035 0.4209403991699219 2.46514892578125 0.0 0.0 0.0 -0.9253216981887817 0.3791830241680145
1654618356.1858735 0.40760040283203125 2.4613418579101562 0.0 0.0 0.0 -0.9071177840232849 0.4208768308162689
1654618356.2861779 0.39853668212890625 2.4703140258789062 0.0 0.0 0.0 -0.8880016207695007 0.4598402976989746
1654618356.3866649 0.37319183349609375 2.472370147705078 0.0 0.0 0.0 -0.8688474297523499 0.49507999420166016
1654618356.4873934 0.36004638671875 2.4719772338867188 0.0 0.0 0.0 -0.8528252840042114 0.5221964120864868
1654618356.5880404 0.3408317565917969 2.479602813720703 0.0 0.0 0.0 -0.8359644412994385 0.5487836003303528
1654618356.6885052 0.3110237121582031 2.489410400390625 0.0 0.0 0.0 -0.8170223832130432 0.5766059160232544
1654618356.7887695 0.30464935302734375 2.4644088745117188 0.0 0.0 0.0 -0.8027443885803223 0.5963232517242432
1654618356.8888052 0.28711700439453125 2.454986572265625 0.0 0.0 0.0 -0.7872231006622314 0.6166683435440063
1654618356.9886944 0.27147674560546875 2.4252243041992188 0.0 0.0 0.0 -0.7722954750061035 0.6352634429931641
1654618357.0884848 0.26102447509765625 2.3933334350585938 0.0 0.0 0.0 -0.7583698630332947 0.6518244743347168
1654618357.1882327 0.249664306640625 2.353748321533203 0.0 0.0 0.0 -0.7458890080451965 0.6660702228546143
1654618357.287985 0.23988723754882812 2.299663543701172 0.0 0.0 0.0 -0.7362677454948425 0.6766903400421143
1654618357.3877487 0.22029876708984375 2.242950439453125 0.0 0.0 0.0 -0.7273110747337341 0.6863079071044922
1654618357.487499 0.21176910400390625 2.1833419799804688 0.0 0.0 0.0 -0.7197025418281555 0.694282591342926
1654618357.5872643 0.20706939697265625 2.110797882080078 0.0 0.0 0.0 -0.7127546072006226 0.7014134526252747
1654618357.6870959 0.199188232421875 2.0395431518554688 0.0 0.0 0.0 -0.7085344791412354 0.7056761980056763
1654618357.787019 0.19115066528320312 1.9677238464355469 0.0 0.0 0.0 -0.704811155796051 0.7093949913978577
1654618357.8870134 0.18541717529296875 1.8947563171386719 0.0 0.0 0.0 -0.7038024067878723 0.7103958129882812
1654618357.9870825 0.18040084838867188 1.8196296691894531 0.0 0.0 0.0 -0.7036792635917664 0.7105177640914917
1654618358.087215 0.18427276611328125 1.7345695495605469 0.0 0.0 0.0 -0.705258846282959 0.708949863910675
1654618358.1873446 0.18397140502929688 1.6507682800292969 0.0 0.0 0.0 -0.7085169553756714 0.705693781375885
1654618358.2873936 0.18074417114257812 1.568023681640625 0.0 0.0 0.0 -0.7104427814483643 0.7037549614906311
1654618358.3873293 0.17485809326171875 1.4815292358398438 0.0 0.0 0.0 -0.7114337086677551 0.7027531862258911
1654618358.487132 0.170440673828125 1.4157218933105469 0.0 0.0 0.0 -0.7095170021057129 0.704688310623169
1654618358.5868077 0.16316604614257812 1.3418502807617188 0.0 0.0 0.0 -0.7041632533073425 0.7100381255149841
1654618358.6863945 0.15189361572265625 1.2864875793457031 0.0 0.0 0.0 -0.6934736371040344 0.7204819917678833
1654618358.7858744 0.13761520385742188 1.2356071472167969 0.0 0.0 0.0 -0.6760940551757812 0.736815333366394
1654618358.8853376 0.12481689453125 1.1923904418945312 0.0 0.0 0.0 -0.6526594758033752 0.7576513886451721
1654618358.9848835 0.11957550048828125 1.153350830078125 0.0 0.0 0.0 -0.6236176490783691 0.781729519367218
1654618359.0845594 0.09324264526367188 1.1068191528320312 0.0 0.0 0.0 -0.5895598530769348 0.80772465467453
1654618359.184444 0.09466552734375 1.06671142578125 0.0 0.0 0.0 -0.5542813539505005 0.8323293328285217
1654618359.284569 0.08693313598632812 1.0573959350585938 0.0 0.0 0.0 -0.5082374811172485 0.8612169623374939
1654618359.3848712 0.10703277587890625 1.0370368957519531 0.0 0.0 0.0 -0.4694879949092865 0.8829388618469238
1654618359.4854584 0.10245513916015625 1.0135002136230469 0.0 0.0 0.0 -0.4266703426837921 0.9044072031974792
1654618359.586213 0.10828399658203125 1.0152969360351562 0.0 0.0 0.0 -0.3866252601146698 0.9222369194030762
1654618359.6870296 0.09633255004882812 1.0033340454101562 0.0 0.0 0.0 -0.3468014895915985 0.9379385709762573
1654618359.787805 0.08583450317382812 0.9908866882324219 0.0 0.0 0.0 -0.3077183663845062 0.9514774680137634
1654618359.8883784 0.08713912963867188 0.973541259765625 0.0 0.0 0.0 -0.26677224040031433 0.9637596011161804
1654618359.9887521 0.08084869384765625 0.9565544128417969 0.0 0.0 0.0 -0.22640858590602875 0.9740324020385742
1654618360.0889552 0.06535720825195312 0.9514961242675781 0.0 0.0 0.0 -0.18958063423633575 0.9818651676177979
1654618360.1890488 0.02597808837890625 0.9405403137207031 0.0 0.0 0.0 -0.15202300250530243 0.9883769750595093
1654618360.2890604 0.02902984619140625 0.933990478515625 0.0 0.0 0.0 -0.12462638318538666 0.9922037124633789
1654618360.388985 0.02838134765625 0.9210433959960938 0.0 0.0 0.0 -0.09948426485061646 0.995039165019989
1654618360.4888468 0.03260040283203125 0.9189682006835938 0.0 0.0 0.0 -0.07770556211471558 0.996976375579834
1654618360.5887096 0.03179931640625 0.9197196960449219 0.0 0.0 0.0 -0.05951834097504616 0.9982272386550903
1654618360.688538 0.026142120361328125 0.90667724609375 0.0 0.0 0.0 -0.04298378899693489 0.9990757703781128
1654618360.7883344 0.025409698486328125 0.9093246459960938 0.0 0.0 0.0 -0.03176503628492355 0.9994953870773315
1654618360.888137 0.023548126220703125 0.9112052917480469 0.0 0.0 0.0 -0.022287581115961075 0.999751627445221
1654618360.9880068 0.030517578125 0.911773681640625 0.0 0.0 0.0 -0.016319654881954193 0.9998668432235718
1654618361.0879252 0.021820068359375 0.9057693481445312 0.0 0.0 0.0 -0.010686106979846954 0.9999428987503052
1654618361.1878865 0.025043487548828125 0.9076614379882812 0.0 0.0 0.0 -0.008676094003021717 0.9999623894691467
1654618361.2878892 0.02207183837890625 0.9136543273925781 0.0 0.0 0.0 -0.009582524187862873 0.999954104423523
1654618361.387944 0.02325439453125 0.9118423461914062 0.0 0.0 0.0 -0.010327068157494068 0.999946653842926
1654618361.487986 0.029315948486328125 0.9162406921386719 0.0 0.0 0.0 -0.01339196041226387 0.999910295009613
1654618361.5879612 0.023651123046875 0.920501708984375 0.0 0.0 0.0 -0.017478441819548607 0.9998472332954407
1654618361.6878507 0.021728515625 0.9139633178710938 0.0 0.0 0.0 -0.017994776368141174 0.9998380541801453
1654618361.7876878 0.02974700927734375 0.911956787109375 0.0 0.0 0.0 -0.019274622201919556 0.9998142123222351
1654618361.887518 0.03206634521484375 0.9158401489257812 0.0 0.0 0.0 -0.019060323014855385 0.9998183250427246
1654618361.9873552 0.025737762451171875 0.9188232421875 0.0 0.0 0.0 -0.01804984174668789 0.9998371005058289
1654618362.0872462 0.029590606689453125 0.9144210815429688 0.0 0.0 0.0 -0.019218843430280685 0.9998152852058411
1654618362.187212 0.02813720703125 0.9171333312988281 0.0 0.0 0.0 -0.019374262541532516 0.9998123049736023
1654618362.2872186 0.024059295654296875 0.9130859375 0.0 0.0 0.0 -0.018592391163110733 0.9998271465301514
1654618362.3872585 0.02503204345703125 0.9126701354980469 0.0 0.0 0.0 -0.01917426660656929 0.9998161792755127
1654618362.487332 0.02471160888671875 0.9180221557617188 0.0 0.0 0.0 -0.018867716193199158 0.9998219609260559
1654618362.5874226 0.02814483642578125 0.9142227172851562 0.0 0.0 0.0 -0.01888035051524639 0.9998217225074768
1654618362.687502 0.02594757080078125 0.9099845886230469 0.0 0.0 0.0 -0.01852087676525116 0.9998284578323364
1654618362.7875676 0.03326416015625 0.9166946411132812 0.0 0.0 0.0 -0.019849101081490517 0.9998030066490173
