1654618299.5274286 -0.14209747314453125 0.7486038208007812 0.0 0.0 0.0 0.007062883581966162 0.9999750852584839
1654618299.6275985 -0.12819671630859375 0.7335929870605469 0.0 0.0 0.0 0.017825966700911522 0.9998410940170288
1654618299.7277894 -0.0842742919921875 0.73052978515625 0.0 0.0 0.0 0.01859201118350029 0.9998271465301514
1654618299.8281062 -0.036895751953125 0.7559928894042969 0.0 0.0 0.0 0.021229535341262817 0.9997746348381042
1654618299.9282365 0.02275848388671875 0.74359130859375 0.0 0.0 0.0 0.031650643795728683 0.9994989633560181
1654618300.0281482 0.06370162963867188 0.726531982421875 0.0 0.0 0.0 0.04303577542304993 0.9990735054016113
1654618300.1279697 0.08299636840820312 0.7329330444335938 0.0 0.0 0.0 0.05326990783214569 0.9985801577568054
1654618300.2278748 0.12907028198242188 0.7283515930175781 0.0 0.0 0.0 0.05773503705859184 0.9983319640159607
1654618300.3279474 0.16363525390625 0.7492141723632812 0.0 0.0 0.0 0.051868975162506104 0.9986538887023926
1654618300.4280903 0.19622039794921875 0.7402534484863281 0.0 0.0 0.0 0.044143106788396835 0.9990252256393433
1654618300.5282962 0.25080108642578125 0.7428207397460938 0.0 0.0 0.0 0.027057573199272156 0.9996338486671448
1654618300.6283882 0.2995185852050781 0.752655029296875 0.0 0.0 0.0 0.020230403169989586 0.9997953176498413
1654618300.7282274 0.33223724365234375 0.7476692199707031 0.0 0.0 0.0 0.015640322118997574 0.9998776912689209
1654618300.828161 0.39295196533203125 0.7460441589355469 0.0 0.0 0.0 0.007205741014331579 0.9999740123748779
1654618300.928107 0.46120452880859375 0.7496223449707031 0.0 0.0 0.0 -0.00040880043525248766 0.9999999403953552
1654618301.0279405 0.5190658569335938 0.7661209106445312 0.0 0.0 0.0 -0.006737093906849623 0.9999772906303406
1654618301.1277342 0.5665206909179688 0.7639656066894531 0.0 0.0 0.0 -0.011724831536412239 0.999931275844574
1654618301.2275324 0.6366958618164062 0.75958251953125 0.0 0.0 0.0 -0.014305731281638145 0.9998976588249207
1654618301.3273208 0.6998519897460938 0.767608642578125 0.0 0.0 0.0 -0.01680167205631733 0.9998588562011719
1654618301.4270244 0.7704353332519531 0.7597427368164062 0.0 0.0 0.0 -0.015896517783403397 0.9998736381530762
1654618301.5266833 0.8213729858398438 0.7509346008300781 0.0 0.0 0.0 -0.012857949361205101 0.9999173283576965
1654618301.6263592 0.901611328125 0.7520675659179688 0.0 0.0 0.0 -0.0076576038263738155 0.9999706745147705
1654618301.726207 0.971588134765625 0.7468986511230469 0.0 0.0 0.0 -0.002711920766159892 0.9999963045120239
1654618301.8262236 1.0412521362304688 0.7410049438476562 0.0 0.0 0.0 0.004228258039802313 0.9999910593032837
1654618301.9263272 1.11114501953125 0.7392654418945312 0.0 0.0 0.0 0.010673862881958485 0.9999430179595947
1654618302.0266721 1.1804580688476562 0.7490348815917969 0.0 0.0 0.0 0.018129464238882065 0.9998356699943542
1654618302.1271906 1.24981689453125 0.7475814819335938 0.0 0.0 0.0 0.024438660591840744 0.9997013211250305
1654618302.2276523 1.32745361328125 0.7495613098144531 0.0 0.0 0.0 0.027721690014004707 0.9996156692504883
1654618302.3278913 1.3992424011230469 0.7460823059082031 0.0 0.0 0.0 0.031737521290779114 0.9994962215423584
1654618302.4278862 1.4757575988769531 0.75201416015625 0.0 0.0 0.0 0.03428523242473602 0.9994120597839355
1654618302.5277922 1.557220458984375 0.7576217651367188 0.0 0.0 0.0 0.03333272039890289 0.999444305896759
1654618302.6276004 1.65313720703125 0.75677490234375 0.0 0.0 0.0 0.032244179397821426 0.9994800090789795
1654618302.7273614 1.7217330932617188 0.7657852172851562 0.0 0.0 0.0 0.029336504638195038 0.9995695948600769
1654618302.8271341 1.7982597351074219 0.7619743347167969 0.0 0.0 0.0 0.02982550673186779 0.9995551109313965
1654618302.9269233 1.8880500793457031 0.7621841430664062 0.0 0.0 0.0 0.029379721730947495 0.9995683431625366
1654618303.0268242 1.9652519226074219 0.7692947387695312 0.0 0.0 0.0 0.029703428968787193 0.9995587468147278
1654618303.1268137 2.035655975341797 0.7705268859863281 0.0 0.0 0.0 0.03123420663177967 0.9995120763778687
1654618303.2268574 2.127460479736328 0.7752456665039062 0.0 0.0 0.0 0.033086713403463364 0.9994524717330933
1654618303.3268523 2.194549560546875 0.7759590148925781 0.0 0.0 0.0 0.03596191480755806 0.9993531703948975
1654618303.4267995 2.2876663208007812 0.7922554016113281 0.0 0.0 0.0 0.03815866634249687 0.9992716908454895
1654618303.5267253 2.352245330810547 0.7964401245117188 0.0 0.0 0.0 0.04349309206008911 0.9990537166595459
1654618303.6268036 2.4227371215820312 0.7957038879394531 0.0 0.0 0.0 0.048983942717313766 0.9987995624542236
1654618303.7269955 2.4924087524414062 0.8044815063476562 0.0 0.0 0.0 0.05548955872654915 0.9984592795372009
1654618303.8272738 2.5767898559570312 0.8080978393554688 0.0 0.0 0.0 0.061485059559345245 0.9981080293655396
1654618303.9274895 2.6470947265625 0.8137741088867188 0.0 0.0 0.0 0.06618259102106094 0.997807502746582
1654618304.027605 2.721263885498047 0.819732666015625 0.0 0.0 0.0 0.07387646287679672 0.9972674250602722
1654618304.127703 2.792682647705078 0.8207473754882812 0.0 0.0 0.0 0.07849765568971634 0.9969143271446228
1654618304.227765 2.853790283203125 0.8344535827636719 0.0 0.0 0.0 0.08210110664367676 0.9966239929199219
1654618304.3276772 2.917896270751953 0.8432235717773438 0.0 0.0 0.0 0.08772379904985428 0.9961448311805725
1654618304.4274476 2.9810867309570312 0.8520278930664062 0.0 0.0 0.0 0.09441114962100983 0.995533287525177
1654618304.5272343 3.042438507080078 0.8594551086425781 0.0 0.0 0.0 0.1036844253540039 0.9946102499961853
1654618304.6270554 3.0995559692382812 0.8636054992675781 0.0 0.0 0.0 0.11745558679103851 0.9930781126022339
1654618304.7269802 3.150218963623047 0.8724174499511719 0.0 0.0 0.0 0.13268262147903442 0.9911586046218872
1654618304.8270621 3.209400177001953 0.8842887878417969 0.0 0.0 0.0 0.15151458978652954 0.9884549975395203
1654618304.927249 3.2496414184570312 0.8900527954101562 0.0 0.0 0.0 0.17305614054203033 0.9849119782447815
1654618305.0274684 3.2892532348632812 0.8979072570800781 0.0 0.0 0.0 0.19624949991703033 0.9805539846420288
1654618305.127676 3.324176788330078 0.9034805297851562 0.0 0.0 0.0 0.222405806183815 0.9749541878700256
1654618305.2277193 3.3560714721679688 0.9024848937988281 0.0 0.0 0.0 0.24987980723381042 0.968276858329773
1654618305.3277385 3.383434295654297 0.8991012573242188 0.0 0.0 0.0 0.2777029573917389 0.9606670141220093
1654618305.427717 3.409648895263672 0.9055252075195312 0.0 0.0 0.0 0.30628830194473267 0.951938807964325
1654618305.5278106 3.43865966796875 0.9174308776855469 0.0 0.0 0.0 0.33556535840034485 0.9420168995857239
1654618305.627774 3.457355499267578 0.9109725952148438 0.0 0.0 0.0 0.3698643445968628 0.9290857911109924
1654618305.727792 3.483776092529297 0.9186820983886719 0.0 0.0 0.0 0.39895516633987427 0.916970431804657
1654618305.8278158 3.5091934204101562 0.9221000671386719 0.0 0.0 0.0 0.43312034010887146 0.9013360738754272
1654618305.9277182 3.5265121459960938 0.92559814453125 0.0 0.0 0.0 0.4652414619922638 0.8851838111877441
1654618306.0276673 3.5362777709960938 0.94024658203125 0.0 0.0 0.0 0.49327412247657776 0.8698739409446716
1654618306.1276155 3.553131103515625 0.948944091796875 0.0 0.0 0.0 0.5215885043144226 0.8531971573829651
1654618306.2275937 3.582653045654297 0.95855712890625 0.0 0.0 0.0 0.5473883748054504 0.8368787169456482
1654618306.3277485 3.596282958984375 0.9728202819824219 0.0 0.0 0.0 0.5708854794502258 0.8210297226905823
1654618306.4280643 3.600433349609375 0.9793815612792969 0.0 0.0 0.0 0.5929436683654785 0.8052439093589783
1654618306.528265 3.6264572143554688 0.9978561401367188 0.0 0.0 0.0 0.6140351891517639 0.7892786860466003
1654618306.6284373 3.6368408203125 1.0171432495117188 0.0 0.0 0.0 0.6323748826980591 0.7746624946594238
1654618306.7285678 3.6462631225585938 1.0445175170898438 0.0 0.0 0.0 0.6474174857139587 0.7621355652809143
1654618306.8285177 3.657154083251953 1.0783004760742188 0.0 0.0 0.0 0.6576757431030273 0.7533011436462402
1654618306.92829 3.672332763671875 1.1136245727539062 0.0 0.0 0.0 0.6681299805641174 0.7440446019172668
1654618307.0279906 3.689533233642578 1.165802001953125 0.0 0.0 0.0 0.6769983172416687 0.7359845638275146
1654618307.1278143 3.702117919921875 1.2186965942382812 0.0 0.0 0.0 0.6826983690261841 0.7307003140449524
1654618307.2277224 3.70257568359375 1.2667427062988281 0.0 0.0 0.0 0.6883827447891235 0.725347638130188
1654618307.3277643 3.7062149047851562 1.3267822265625 0.0 0.0 0.0 0.691724956035614 0.722161054611206
1654618307.4278147 3.7202072143554688 1.3969650268554688 0.0 0.0 0.0 0.6939989328384399 0.719976007938385
1654618307.5277162 3.726879119873047 1.451934814453125 0.0 0.0 0.0 0.6924799680709839 0.7214370965957642
1654618307.6275454 3.7313613891601562 1.5314559936523438 0.0 0.0 0.0 0.6905208230018616 0.7233125567436218
1654618307.7273855 3.7334823608398438 1.6011886596679688 0.0 0.0 0.0 0.6919462084770203 0.72194904088974
1654618307.8273027 3.7403945922851562 1.677642822265625 0.0 0.0 0.0 0.6915014982223511 0.7223750352859497
1654618307.9272525 3.736419677734375 1.7466850280761719 0.0 0.0 0.0 0.691310465335846 0.7225578427314758
1654618308.0272276 3.74517822265625 1.805755615234375 0.0 0.0 0.0 0.6929488182067871 0.7209867835044861
1654618308.1272295 3.747882843017578 1.8678512573242188 0.0 0.0 0.0 0.6944470405578613 0.7195438146591187
1654618308.2272902 3.742084503173828 1.9240188598632812 0.0 0.0 0.0 0.6969247460365295 0.717144250869751
1654618308.3273401 3.7546005249023438 1.9797859191894531 0.0 0.0 0.0 0.7022219300270081 0.7119581699371338
1654618308.4272566 3.7555160522460938 2.0380783081054688 0.0 0.0 0.0 0.7082999348640442 0.7059116363525391
1654618308.5271428 3.760364532470703 2.0920333862304688 0.0 0.0 0.0 0.716149628162384 0.6979467868804932
1654618308.6269014 3.7646408081054688 2.162120819091797 0.0 0.0 0.0 0.7285323739051819 0.6850113868713379
1654618308.7267365 3.7703933715820312 2.212177276611328 0.0 0.0 0.0 0.7420393824577332 0.670356273651123
1654618308.826632 3.768524169921875 2.251842498779297 0.0 0.0 0.0 0.7542623281478882 0.6565731763839722
1654618308.9267197 3.7594528198242188 2.296783447265625 0.0 0.0 0.0 0.7681944370269775 0.6402166485786438
1654618309.0269213 3.765216827392578 2.3337936401367188 0.0 0.0 0.0 0.7824087142944336 0.6227652430534363
1654618309.1270378 3.753204345703125 2.398601531982422 0.0 0.0 0.0 0.7975465655326843 0.6032573580741882
1654618309.2271445 3.7450180053710938 2.424579620361328 0.0 0.0 0.0 0.8137120008468628 0.5812682509422302
1654618309.3272076 3.7432861328125 2.474445343017578 0.0 0.0 0.0 0.827675998210907 0.5612062215805054
1654618309.4273295 3.742168426513672 2.5056686401367188 0.0 0.0 0.0 0.8435811996459961 0.5370016694068909
1654618309.5274284 3.736034393310547 2.541351318359375 0.0 0.0 0.0 0.8583307266235352 0.513096809387207
1654618309.627412 3.7304458618164062 2.558197021484375 0.0 0.0 0.0 0.8726810812950134 0.48829060792922974
1654618309.7273805 3.717864990234375 2.5856704711914062 0.0 0.0 0.0 0.8855874538421631 0.4644727110862732
1654618309.827413 3.7234573364257812 2.609516143798828 0.0 0.0 0.0 0.9001917839050293 0.43549367785453796
1654618309.9273422 3.702953338623047 2.636394500732422 0.0 0.0 0.0 0.914175271987915 0.40531906485557556
1654618310.0271974 3.6782913208007812 2.664325714111328 0.0 0.0 0.0 0.9263399243354797 0.37668871879577637
1654618310.1270797 3.6778945922851562 2.69256591796875 0.0 0.0 0.0 0.9378063082695007 0.3471589684486389
1654618310.2270067 3.665966033935547 2.715259552001953 0.0 0.0 0.0 0.9478930234909058 0.31858885288238525
1654618310.3270113 3.637115478515625 2.740245819091797 0.0 0.0 0.0 0.9579524397850037 0.28692707419395447
1654618310.4272077 3.637847900390625 2.7614974975585938 0.0 0.0 0.0 0.9658648371696472 0.2590464651584625
1654618310.5275028 3.604717254638672 2.794414520263672 0.0 0.0 0.0 0.9714011549949646 0.23744425177574158
1654618310.6277988 3.5800247192382812 2.8141555786132812 0.0 0.0 0.0 0.9776724576950073 0.21013475954532623
1654618310.7280538 3.5573806762695312 2.839672088623047 0.0 0.0 0.0 0.9819313883781433 0.18923735618591309
1654618310.8282752 3.5281600952148438 2.861530303955078 0.0 0.0 0.0 0.9845215082168579 0.17526385188102722
1654618310.9283273 3.49627685546875 2.864337921142578 0.0 0.0 0.0 0.9872000217437744 0.15948712825775146
1654618311.0283098 3.4460830688476562 2.8742752075195312 0.0 0.0 0.0 0.9892632365226746 0.14614452421665192
1654618311.1282094 3.403697967529297 2.892894744873047 0.0 0.0 0.0 0.9911075234413147 0.13306333124637604
1654618311.2281473 3.369396209716797 2.920940399169922 0.0 0.0 0.0 0.9932714104652405 0.11580954492092133
1654618311.328069 3.319171905517578 2.941448211669922 0.0 0.0 0.0 0.9947241544723511 0.1025860384106636
1654618311.4279773 3.2681884765625 2.956256866455078 0.0 0.0 0.0 0.9959389567375183 0.09003110229969025
1654618311.5278728 3.2144393920898438 2.966350555419922 0.0 0.0 0.0 0.9969688653945923 0.07780175656080246
1654618311.6275852 3.156696319580078 2.9754104614257812 0.0 0.0 0.0 0.9979264736175537 0.06436385214328766
1654618311.7273288 3.0918045043945312 2.99505615234375 0.0 0.0 0.0 0.9986594319343567 0.05176180601119995
1654618311.8272045 3.0284805297851562 3.0058212280273438 0.0 0.0 0.0 0.9989870190620422 0.04499877989292145
1654618311.9272075 2.9505996704101562 3.0147628784179688 0.0 0.0 0.0 0.9994329214096069 0.03367319330573082
1654618312.0271769 2.879749298095703 3.0179519653320312 0.0 0.0 0.0 0.9996412396430969 0.026784630492329597
1654618312.1271884 2.8111572265625 3.023601531982422 0.0 0.0 0.0 0.9998573064804077 0.01689194329082966
1654618312.2272563 2.739543914794922 3.03533935546875 0.0 0.0 0.0 0.9999437928199768 0.0106046162545681
1654618312.3274431 2.6710891723632812 3.03753662109375 0.0 0.0 0.0 0.9999873638153076 0.00502711022272706
1654618312.427598 2.605987548828125 3.043926239013672 0.0 0.0 0.0 -0.9999998211860657 0.0005807438865303993
1654618312.5276704 2.5131607055664062 3.050739288330078 0.0 0.0 0.0 -0.9999534487724304 0.009647771716117859
1654618312.627692 2.4547042846679688 3.0504379272460938 0.0 0.0 0.0 -0.9998924732208252 0.014663484878838062
1654618312.7276003 2.38250732421875 3.04913330078125 0.0 0.0 0.0 -0.9997745156288147 0.02123454213142395
1654618312.8274171 2.2965621948242188 3.0447616577148438 0.0 0.0 0.0 -0.9996039867401123 0.028140481561422348
1654618312.9272363 2.2183456420898438 3.04168701171875 0.0 0.0 0.0 -0.999346137046814 0.03615611791610718
1654618313.0270853 2.154132843017578 3.044544219970703 0.0 0.0 0.0 -0.9991750717163086 0.04060947149991989
1654618313.1270895 2.070220947265625 3.037700653076172 0.0 0.0 0.0 -0.9990070462226868 0.04455290734767914
1654618313.2272804 1.9880180358886719 3.039031982421875 0.0 0.0 0.0 -0.9989665746688843 0.045451074838638306
1654618313.327519 1.9014663696289062 3.037761688232422 0.0 0.0 0.0 -0.9990772604942322 0.04294917359948158
1654618313.4276392 1.8179702758789062 3.028766632080078 0.0 0.0 0.0 -0.9992756247520447 0.038055483251810074
1654618313.527725 1.7253799438476562 3.0287857055664062 0.0 0.0 0.0 -0.9994328022003174 0.03367521986365318
1654618313.62779 1.65533447265625 3.011028289794922 0.0 0.0 0.0 -0.9996300339698792 0.02719944529235363
1654618313.7277822 1.5478019714355469 3.007946014404297 0.0 0.0 0.0 -0.9997439980506897 0.022626690566539764
1654618313.8277497 1.4735946655273438 2.9996719360351562 0.0 0.0 0.0 -0.9998543858528137 0.017065368592739105
1654618313.927664 1.382659912109375 3.0072708129882812 0.0 0.0 0.0 -0.9999198913574219 0.012657618150115013
1654618314.0275204 1.290863037109375 2.9970703125 0.0 0.0 0.0 -0.9999786615371704 0.006534724496304989
1654618314.1274219 1.2062263488769531 3.002513885498047 0.0 0.0 0.0 -0.9999948740005493 0.003206561552360654
1654618314.2272346 1.1170463562011719 2.990032196044922 0.0 0.0 0.0 0.9999991655349731 0.00129886029753834
1654618314.3269906 1.0330581665039062 2.99871826171875 0.0 0.0 0.0 -0.9999961853027344 0.002754283370450139
1654618314.4267442 0.9413566589355469 3.0014266967773438 0.0 0.0 0.0 -0.9999799132347107 0.006338033359497786
1654618314.5265784 0.8633651733398438 3.0063705444335938 0.0 0.0 0.0 -0.9999678134918213 0.00802015233784914
1654618314.626565 0.7762947082519531 3.0089950561523438 0.0 0.0 0.0 -0.9999328851699829 0.011587674729526043
1654618314.726723 0.6960029602050781 3.0128707885742188 0.0 0.0 0.0 -0.9999000430107117 0.014138779602944851
1654618314.8271456 0.619873046875 3.01275634765625 0.0 0.0 0.0 -0.9998334646224976 0.01825048215687275
1654618314.9274418 0.5465888977050781 3.009105682373047 0.0 0.0 0.0 -0.9997344017028809 0.023046793416142464
1654618315.0276127 0.4729499816894531 3.010589599609375 0.0 0.0 0.0 -0.9995770454406738 0.029082445427775383
1654618315.1276336 0.41188812255859375 3.0014266967773438 0.0 0.0 0.0 -0.9993690252304077 0.035518042743206024
1654618315.2274344 0.3590888977050781 3.0012893676757812 0.0 0.0 0.0 -0.9989463090896606 0.045894306153059006
1654618315.3271887 0.29268646240234375 2.998809814453125 0.0 0.0 0.0 -0.9982740879058838 0.05872714892029762
1654618315.4269903 0.24648284912109375 2.9941482543945312 0.0 0.0 0.0 -0.9973504543304443 0.0727468878030777
1654618315.5267315 0.18721389770507812 2.993633270263672 0.0 0.0 0.0 -0.9956310987472534 0.09337400645017624
1654618315.626555 0.13432693481445312 2.985523223876953 0.0 0.0 0.0 -0.9936184883117676 0.11279294639825821
1654618315.7264888 0.08313751220703125 2.982074737548828 0.0 0.0 0.0 -0.9906147122383118 0.13668407499790192
1654618315.8265293 0.04586029052734375 2.9831314086914062 0.0 0.0 0.0 -0.9866023659706116 0.16314338147640228
1654618315.9268131 0.00295257568359375 2.989604949951172 0.0 0.0 0.0 -0.9818393588066101 0.18971434235572815
1654618316.0271199 -0.036914825439453125 2.982860565185547 0.0 0.0 0.0 -0.9755600094795227 0.2197331041097641
1654618316.1274111 -0.061412811279296875 2.9740524291992188 0.0 0.0 0.0 -0.9685943722724915 0.2486463040113449
1654618316.2276263 -0.08518218994140625 2.9708786010742188 0.0 0.0 0.0 -0.9593862891197205 0.28209567070007324
1654618316.3277435 -0.10425949096679688 2.993621826171875 0.0 0.0 0.0 -0.9484677314758301 0.3168737292289734
1654618316.4278164 -0.12966156005859375 2.9951705932617188 0.0 0.0 0.0 -0.9365985989570618 0.3504040837287903
1654618316.5277874 -0.14838409423828125 2.977935791015625 0.0 0.0 0.0 -0.924331545829773 0.3815903067588806
1654618316.6277134 -0.1700286865234375 2.979167938232422 0.0 0.0 0.0 -0.9093891382217407 0.4159463346004486
1654618316.7276254 -0.16204071044921875 2.978179931640625 0.0 0.0 0.0 -0.8937495350837708 0.4485663175582886
1654618316.8275769 -0.18025588989257812 2.9602432250976562 0.0 0.0 0.0 -0.8785650134086609 0.4776228070259094
1654618316.9276898 -0.19129180908203125 2.967998504638672 0.0 0.0 0.0 -0.8649089336395264 0.5019287467002869
1654618317.0277815 -0.20767593383789062 2.977680206298828 0.0 0.0 0.0 -0.8474987149238586 0.5307974219322205
1654618317.1278849 -0.19747161865234375 2.9655380249023438 0.0 0.0 0.0 -0.8333036303520203 0.5528155565261841
1654618317.2279499 -0.21369171142578125 2.965625762939453 0.0 0.0 0.0 -0.8175798654556274 0.5758152008056641
1654618317.3279705 -0.23877716064453125 2.96533203125 0.0 0.0 0.0 -0.8021724820137024 0.5970923900604248
1654618317.427889 -0.25580596923828125 2.955249786376953 0.0 0.0 0.0 -0.7884882092475891 0.6150498986244202
1654618317.5277994 -0.2671699523925781 2.9335098266601562 0.0 0.0 0.0 -0.7759700417518616 0.6307697892189026
1654618317.627619 -0.26567840576171875 2.9026718139648438 0.0 0.0 0.0 -0.7646279335021973 0.6444720029830933
1654618317.727432 -0.2736854553222656 2.8781661987304688 0.0 0.0 0.0 -0.7534141540527344 0.6575462818145752
1654618317.8272645 -0.29454803466796875 2.849090576171875 0.0 0.0 0.0 -0.7441211342811584 0.6680446863174438
1654618317.9271617 -0.3087005615234375 2.811664581298828 0.0 0.0 0.0 -0.736848771572113 0.6760576367378235
1654618318.0269523 -0.3208885192871094 2.7734298706054688 0.0 0.0 0.0 -0.7308133244514465 0.68257737159729
1654618318.1268473 -0.31555938720703125 2.7115554809570312 0.0 0.0 0.0 -0.7257526516914368 0.6879557371139526
1654618318.2268162 -0.33565521240234375 2.65887451171875 0.0 0.0 0.0 -0.7186383008956909 0.6953840255737305
1654618318.326821 -0.3466224670410156 2.612346649169922 0.0 0.0 0.0 -0.7106664180755615 0.7035291194915771
1654618318.4268198 -0.33657073974609375 2.549510955810547 0.0 0.0 0.0 -0.7052400708198547 0.7089685201644897
1654618318.5269306 -0.3470191955566406 2.485107421875 0.0 0.0 0.0 -0.700182318687439 0.7139641046524048
1654618318.627166 -0.34130096435546875 2.428028106689453 0.0 0.0 0.0 -0.696465253829956 0.7175905108451843
1654618318.7273855 -0.3404426574707031 2.3587112426757812 0.0 0.0 0.0 -0.6953378319740295 0.7186830639839172
1654618318.827648 -0.3395042419433594 2.2759780883789062 0.0 0.0 0.0 -0.695182740688324 0.7188330888748169
1654618318.9278767 -0.33837127685546875 2.183055877685547 0.0 0.0 0.0 -0.6966739892959595 0.717387855052948
1654618319.0278494 -0.34403228759765625 2.102001190185547 0.0 0.0 0.0 -0.6954106092453003 0.7186126112937927
1654618319.1275887 -0.3515625 2.019134521484375 0.0 0.0 0.0 -0.6971930861473083 0.7168834209442139
1654618319.2273085 -0.3296318054199219 1.9423294067382812 0.0 0.0 0.0 -0.6989309787750244 0.7151891589164734
1654618319.3270364 -0.32324981689453125 1.868927001953125 0.0 0.0 0.0 -0.6979209780693054 0.7161747813224792
1654618319.4267669 -0.32340240478515625 1.8089981079101562 0.0 0.0 0.0 -0.696168065071106 0.7178788781166077
1654618319.5266678 -0.31310272216796875 1.73455810546875 0.0 0.0 0.0 -0.6967184543609619 0.7173447012901306
1654618319.6267183 -0.30762481689453125 1.6724662780761719 0.0 0.0 0.0 -0.6945642828941345 0.7194306254386902
1654618319.7268214 -0.32363128662109375 1.5938339233398438 0.0 0.0 0.0 -0.6916433572769165 0.7222391963005066
1654618319.8269737 -0.3233489990234375 1.5302200317382812 0.0 0.0 0.0 -0.6881051063537598 0.7256110310554504
1654618319.9270923 -0.32291412353515625 1.4649658203125 0.0 0.0 0.0 -0.6856706142425537 0.7279119491577148
1654618320.0272512 -0.3122596740722656 1.3922348022460938 0.0 0.0 0.0 -0.682738184928894 0.7306631207466125
1654618320.127246 -0.30980682373046875 1.3318405151367188 0.0 0.0 0.0 -0.6780351400375366 0.7350295186042786
1654618320.227243 -0.31874847412109375 1.2735481262207031 0.0 0.0 0.0 -0.674297571182251 0.7384597659111023
1654618320.3273072 -0.3116264343261719 1.2104415893554688 0.0 0.0 0.0 -0.6681779623031616 0.7440015077590942
1654618320.427287 -0.31066131591796875 1.16766357421875 0.0 0.0 0.0 -0.6582273840904236 0.7528191804885864
1654618320.5271695 -0.30670928955078125 1.1312446594238281 0.0 0.0 0.0 -0.6488531827926636 0.760913610458374
1654618320.6270797 -0.2940177917480469 1.0899848937988281 0.0 0.0 0.0 -0.6374180912971497 0.7705181241035461
1654618320.7270179 -0.3065757751464844 1.065155029296875 0.0 0.0 0.0 -0.6230076551437378 0.7822157740592957
1654618320.8270152 -0.2976722717285156 1.029998779296875 0.0 0.0 0.0 -0.6084027886390686 0.7936283946037292
1654618320.92708 -0.29273223876953125 1.0004692077636719 0.0 0.0 0.0 -0.5920107960700989 0.8059300184249878
1654618321.0271347 -0.2820243835449219 0.9574508666992188 0.0 0.0 0.0 -0.5760501027107239 0.817414402961731
1654618321.1272814 -0.2857093811035156 0.9375190734863281 0.0 0.0 0.0 -0.5586857199668884 0.8293794393539429
1654618321.2275379 -0.275787353515625 0.8989486694335938 0.0 0.0 0.0 -0.5430554151535034 0.8396968245506287
1654618321.32774 -0.2683525085449219 0.8749275207519531 0.0 0.0 0.0 -0.5252906680107117 0.8509228825569153
1654618321.4278362 -0.27046966552734375 0.8476181030273438 0.0 0.0 0.0 -0.5073496103286743 0.8617403507232666
1654618321.527907 -0.2585334777832031 0.822174072265625 0.0 0.0 0.0 -0.48999348282814026 0.8717260956764221
1654618321.627953 -0.2687492370605469 0.8149833679199219 0.0 0.0 0.0 -0.4656597077846527 0.884963870048523
1654618321.7279458 -0.26094818115234375 0.7948684692382812 0.0 0.0 0.0 -0.44680702686309814 0.8946303725242615
1654618321.8279326 -0.2631492614746094 0.7781486511230469 0.0 0.0 0.0 -0.42542165517807007 0.9049952626228333
1654618321.927847 -0.25557708740234375 0.7727127075195312 0.0 0.0 0.0 -0.40221431851387024 0.9155455231666565
1654618322.0277364 -0.253387451171875 0.7537002563476562 0.0 0.0 0.0 -0.37701672315597534 0.9262064695358276
1654618322.127595 -0.25699615478515625 0.7382698059082031 0.0 0.0 0.0 -0.3494736850261688 0.9369461536407471
1654618322.2273777 -0.2547569274902344 0.7157211303710938 0.0 0.0 0.0 -0.32124459743499756 0.94699627161026
1654618322.3271086 -0.26549530029296875 0.6953201293945312 0.0 0.0 0.0 -0.28347209095954895 0.9589805006980896
1654618322.426996 -0.2664947509765625 0.673370361328125 0.0 0.0 0.0 -0.24982012808322906 0.968292236328125
1654618322.5271227 -0.2532997131347656 0.6816940307617188 0.0 0.0 0.0 -0.22156479954719543 0.9751456379890442
1654618322.6272871 -0.261566162109375 0.67901611328125 0.0 0.0 0.0 -0.19619226455688477 0.9805654287338257
1654618322.7275977 -0.2511482238769531 0.660858154296875 0.0 0.0 0.0 -0.17356376349925995 0.9848226308822632
1654618322.8278606 -0.24849700927734375 0.6569633483886719 0.0 0.0 0.0 -0.15181821584701538 0.9884084463119507
1654618322.9280486 -0.23404312133789062 0.6206741333007812 0.0 0.0 0.0 -0.12730425596237183 0.9918637275695801
1654618323.02813 -0.22591781616210938 0.6564712524414062 0.0 0.0 0.0 -0.10728973895311356 0.9942278265953064
1654618323.1280918 -0.21395492553710938 0.642913818359375 0.0 0.0 0.0 -0.08253084123134613 0.9965885281562805
1654618323.227971 -0.21001815795898438 0.6284904479980469 0.0 0.0 0.0 -0.05958331376314163 0.9982233643531799
1654618323.3279147 -0.19730758666992188 0.6174507141113281 0.0 0.0 0.0 -0.0358785018324852 0.9993561506271362
1654618323.4279277 -0.18245697021484375 0.5815963745117188 0.0 0.0 0.0 -0.013297316618263721 0.9999116063117981
1654618323.5280766 -0.14094924926757812 0.616424560546875 0.0 0.0 0.0 -0.002213388914242387 0.9999975562095642
1654618323.6282878 -0.11545181274414062 0.6094856262207031 0.0 0.0 0.0 0.01342136599123478 0.9999099373817444
1654618323.7283442 -0.07429122924804688 0.5990676879882812 0.0 0.0 0.0 0.024555204436182976 0.9996984601020813
1654618323.8283358 -0.02823638916015625 0.5987167358398438 0.0 0.0 0.0 0.02794545143842697 0.9996094703674316
1654618323.9283414 0.03157806396484375 0.6028366088867188 0.0 0.0 0.0 0.030957041308283806 0.9995207190513611
1654618324.0282028 0.09016799926757812 0.608154296875 0.0 0.0 0.0 0.03145250305533409 0.9995052218437195
1654618324.1280177 0.16884613037109375 0.6071891784667969 0.0 0.0 0.0 0.02902560494840145 0.9995786547660828
1654618324.227766 0.24852371215820312 0.6077384948730469 0.0 0.0 0.0 0.02682308293879032 0.999640166759491
1654618324.3274915 0.3294258117675781 0.61285400390625 0.0 0.0 0.0 0.026620779186487198 0.9996455907821655
1654618324.4272366 0.4097175598144531 0.6181449890136719 0.0 0.0 0.0 0.024210438132286072 0.9997068643569946
1654618324.527019 0.49261474609375 0.6227340698242188 0.0 0.0 0.0 0.02505473792552948 0.999686062335968
1654618324.6268556 0.5689888000488281 0.61346435546875 0.0 0.0 0.0 0.027602544054389 0.9996189475059509
1654618324.7267916 0.649810791015625 0.6186294555664062 0.0 0.0 0.0 0.027871714904904366 0.999611496925354
1654618324.8266997 0.7341728210449219 0.6244926452636719 0.0 0.0 0.0 0.029968073591589928 0.9995508790016174
1654618324.92667 0.8133926391601562 0.6370773315429688 0.0 0.0 0.0 0.030315212905406952 0.999540388584137
1654618325.0266986 0.8895187377929688 0.6276969909667969 0.0 0.0 0.0 0.03637917339801788 0.9993380308151245
1654618325.1267333 0.9664115905761719 0.6361579895019531 0.0 0.0 0.0 0.042039208114147186 0.9991159439086914
1654618325.226791 1.0450668334960938 0.6399345397949219 0.0 0.0 0.0 0.04624072462320328 0.9989303350448608
1654618325.3267915 1.1283493041992188 0.648101806640625 0.0 0.0 0.0 0.050274740904569626 0.9987354278564453
1654618325.4267738 1.2190322875976562 0.6566963195800781 0.0 0.0 0.0 0.05248861759901047 0.9986215233802795
1654618325.5266702 1.2935371398925781 0.6575927734375 0.0 0.0 0.0 0.053543779999017715 0.9985654950141907
1654618325.6265366 1.3788871765136719 0.6640625 0.0 0.0 0.0 0.05386305972933769 0.9985483288764954
1654618325.7264326 1.485382080078125 0.670806884765625 0.0 0.0 0.0 0.054034776985645294 0.9985390305519104
1654618325.8263853 1.55816650390625 0.6807022094726562 0.0 0.0 0.0 0.05320078507065773 0.9985838532447815
1654618325.9263086 1.65087890625 0.6911697387695312 0.0 0.0 0.0 0.05121145769953728 0.9986878037452698
1654618326.026157 1.7312202453613281 0.6953659057617188 0.0 0.0 0.0 0.05157921835780144 0.998668909072876
1654618326.126033 1.8126029968261719 0.7063369750976562 0.0 0.0 0.0 0.05007457360625267 0.9987455010414124
1654618326.2260225 1.8993453979492188 0.7223014831542969 0.0 0.0 0.0 0.04737137258052826 0.9988773465156555
1654618326.3262224 1.9953498840332031 0.7242851257324219 0.0 0.0 0.0 0.04777960479259491 0.9988579154014587
1654618326.4264135 2.0867538452148438 0.7219161987304688 0.0 0.0 0.0 0.04779769107699394 0.9988570213317871
1654618326.5265417 2.1721878051757812 0.7332878112792969 0.0 0.0 0.0 0.04641525819897652 0.9989222288131714
1654618326.6265955 2.257598876953125 0.7361221313476562 0.0 0.0 0.0 0.047571249306201935 0.9988678693771362
1654618326.7267816 2.3426742553710938 0.7449455261230469 0.0 0.0 0.0 0.05076172947883606 0.9987108111381531
1654618326.8270078 2.433696746826172 0.7571029663085938 0.0 0.0 0.0 0.05184893310070038 0.9986549615859985
1654618326.9272902 2.5129623413085938 0.7715873718261719 0.0 0.0 0.0 0.05519936978816986 0.9984753727912903
1654618327.0275276 2.587738037109375 0.7803764343261719 0.0 0.0 0.0 0.05941411852836609 0.998233437538147
1654618327.127731 2.673389434814453 0.7830581665039062 0.0 0.0 0.0 0.06304576992988586 0.9980106353759766
1654618327.2278357 2.75860595703125 0.7876968383789062 0.0 0.0 0.0 0.06750679016113281 0.9977188110351562
1654618327.3279274 2.836742401123047 0.7929191589355469 0.0 0.0 0.0 0.07255372405052185 0.9973645210266113
1654618327.4279325 2.9150161743164062 0.799896240234375 0.0 0.0 0.0 0.07989361882209778 0.9968034029006958
1654618327.527789 2.9844436645507812 0.8124465942382812 0.0 0.0 0.0 0.08858603984117508 0.99606853723526
1654618327.6276402 3.062408447265625 0.8214645385742188 0.0 0.0 0.0 0.09949027001857758 0.9950385093688965
1654618327.7274177 3.1318359375 0.8309516906738281 0.0 0.0 0.0 0.11432578414678574 0.9934433102607727
1654618327.8272169 3.197803497314453 0.8436164855957031 0.0 0.0 0.0 0.1342577189207077 0.9909464716911316
1654618327.9271076 3.255298614501953 0.8504104614257812 0.0 0.0 0.0 0.1562763750553131 0.9877133965492249
1654618328.0269876 3.291851043701172 0.8576889038085938 0.0 0.0 0.0 0.18218642473220825 0.9832640290260315
1654618328.1269352 3.3388137817382812 0.8586235046386719 0.0 0.0 0.0 0.21075962483882904 0.9775379300117493
1654618328.227004 3.373729705810547 0.8518905639648438 0.0 0.0 0.0 0.2385835349559784 0.9711219668388367
1654618328.327145 3.3980331420898438 0.8626823425292969 0.0 0.0 0.0 0.26775801181793213 0.9634861946105957
1654618328.4272213 3.422443389892578 0.8721237182617188 0.0 0.0 0.0 0.2984252870082855 0.954433023929596
1654618328.5273101 3.456432342529297 0.8701858520507812 0.0 0.0 0.0 0.330670028924942 0.9437464475631714
1654618328.6273391 3.485260009765625 0.8867568969726562 0.0 0.0 0.0 0.36085423827171326 0.9326222538948059
1654618328.7273874 3.50750732421875 0.8957710266113281 0.0 0.0 0.0 0.38808274269104004 0.9216245412826538
1654618328.8274424 3.537517547607422 0.91046142578125 0.0 0.0 0.0 0.41465091705322266 0.9099805355072021
1654618328.9275043 3.5615463256835938 0.9188156127929688 0.0 0.0 0.0 0.43958979845046997 0.898198664188385
1654618329.0275497 3.582122802734375 0.9444046020507812 0.0 0.0 0.0 0.45863908529281616 0.8886226415634155
1654618329.1275384 3.6224365234375 0.9639396667480469 0.0 0.0 0.0 0.47662588953971863 0.8791062235832214
1654618329.2273383 3.649059295654297 0.9928474426269531 0.0 0.0 0.0 0.49519655108451843 0.8687809705734253
1654618329.3270433 3.6775588989257812 1.0396957397460938 0.0 0.0 0.0 0.5103855729103088 0.8599456548690796
1654618329.4266849 3.7115859985351562 1.07318115234375 0.0 0.0 0.0 0.5272693634033203 0.8496981859207153
1654618329.5265636 3.743755340576172 1.1179580688476562 0.0 0.0 0.0 0.5420344471931458 0.8403562903404236
1654618329.626558 3.766132354736328 1.16375732421875 0.0 0.0 0.0 0.5569804310798645 0.8305256366729736
1654618329.7265856 3.7838363647460938 1.2111434936523438 0.0 0.0 0.0 0.5724629759788513 0.8199305534362793
1654618329.826651 3.810272216796875 1.2713623046875 0.0 0.0 0.0 0.5870445966720581 0.8095545768737793
1654618329.926715 3.8429336547851562 1.3214111328125 0.0 0.0 0.0 0.6010414958000183 0.7992178201675415
1654618330.0267153 3.8697280883789062 1.3841361999511719 0.0 0.0 0.0 0.6192660927772522 0.7851812243461609
1654618330.1266491 3.8905258178710938 1.44354248046875 0.0 0.0 0.0 0.637334942817688 0.7705869078636169
1654618330.2266784 3.9002304077148438 1.5129203796386719 0.0 0.0 0.0 0.6554920673370361 0.755202054977417
1654618330.326732 3.936450958251953 1.5785942077636719 0.0 0.0 0.0 0.6734230518341064 0.7392573356628418
1654618330.4270287 3.944011688232422 1.6379814147949219 0.0 0.0 0.0 0.6896567344665527 0.7241364121437073
1654618330.5273035 3.953022003173828 1.7106437683105469 0.0 0.0 0.0 0.7028681039810181 0.7113202214241028
1654618330.6275733 3.956859588623047 1.7856826782226562 0.0 0.0 0.0 0.7144902944564819 0.6996454000473022
1654618330.7277174 3.948139190673828 1.8663330078125 0.0 0.0 0.0 0.7252015471458435 0.6885366439819336
1654618330.827829 3.973033905029297 1.9534416198730469 0.0 0.0 0.0 0.7352221012115479 0.6778262853622437
1654618330.9277709 3.9645614624023438 2.0277099609375 0.0 0.0 0.0 0.7419857382774353 0.6704156398773193
1654618331.0275106 3.9514389038085938 2.1187820434570312 0.0 0.0 0.0 0.7475467324256897 0.6642091870307922
1654618331.1271393 3.9434585571289062 2.2011642456054688 0.0 0.0 0.0 0.7530547976493835 0.6579577922821045
1654618331.226819 3.9435653686523438 2.277172088623047 0.0 0.0 0.0 0.7602505683898926 0.6496298909187317
1654618331.3265588 3.933338165283203 2.3557357788085938 0.0 0.0 0.0 0.7674561142921448 0.6411014795303345
1654618331.4263887 3.921680450439453 2.4322509765625 0.0 0.0 0.0 0.7783219814300537 0.6278653740882874
1654618331.5262618 3.901630401611328 2.498302459716797 0.0 0.0 0.0 0.791541337966919 0.611115574836731
1654618331.6260412 3.885345458984375 2.5474014282226562 0.0 0.0 0.0 0.8045893311500549 0.5938315987586975
1654618331.7260556 3.8761978149414062 2.5980224609375 0.0 0.0 0.0 0.8198009729385376 0.5726485252380371
1654618331.8262615 3.865642547607422 2.651386260986328 0.0 0.0 0.0 0.8332750797271729 0.5528586506843567
1654618331.9264727 3.8794937133789062 2.6824111938476562 0.0 0.0 0.0 0.8494875431060791 0.5276086926460266
1654618332.0267434 3.870563507080078 2.6993408203125 0.0 0.0 0.0 0.8650950789451599 0.5016078948974609
1654618332.1270006 3.859996795654297 2.726226806640625 0.0 0.0 0.0 0.8800724148750305 0.47483953833580017
1654618332.227136 3.864349365234375 2.7458267211914062 0.0 0.0 0.0 0.8949148058891296 0.4462370276451111
1654618332.3270962 3.8646621704101562 2.7656173706054688 0.0 0.0 0.0 0.9117293953895569 0.4107913076877594
1654618332.4270358 3.8880996704101562 2.7767410278320312 0.0 0.0 0.0 0.9279670715332031 0.37266215682029724
1654618332.5269434 3.892444610595703 2.772258758544922 0.0 0.0 0.0 0.9418638348579407 0.3359948992729187
1654618332.6269114 3.905315399169922 2.7769699096679688 0.0 0.0 0.0 0.9553073644638062 0.2956143021583557
1654618332.7269235 3.914806365966797 2.7855300903320312 0.0 0.0 0.0 0.9659692645072937 0.2586568295955658
1654618332.8269806 3.930805206298828 2.7991104125976562 0.0 0.0 0.0 0.9745510220527649 0.22416576743125916
1654618332.927058 3.9415283203125 2.7983322143554688 0.0 0.0 0.0 0.9813776016235352 0.19208849966526031
1654618333.0271525 3.9605178833007812 2.803264617919922 0.0 0.0 0.0 0.986421525478363 0.16423343122005463
1654618333.1273506 3.9611282348632812 2.8157882690429688 0.0 0.0 0.0 0.990686297416687 0.13616397976875305
1654618333.2275245 3.951160430908203 2.8237838745117188 0.0 0.0 0.0 0.9935746192932129 0.11317896097898483
1654618333.3276198 3.969207763671875 2.834796905517578 0.0 0.0 0.0 0.9955258369445801 0.09448997676372528
1654618333.4277394 3.960521697998047 2.846485137939453 0.0 0.0 0.0 0.9968253970146179 0.07961833477020264
1654618333.52784 3.9442520141601562 2.8423233032226562 0.0 0.0 0.0 0.9976504445075989 0.06850959360599518
1654618333.6277661 3.9242172241210938 2.846546173095703 0.0 0.0 0.0 0.9985478520393372 0.05387219786643982
1654618333.7276895 3.892353057861328 2.8561935424804688 0.0 0.0 0.0 0.9991888999938965 0.04026905074715614
1654618333.827743 3.861602783203125 2.8728103637695312 0.0 0.0 0.0 0.9996222257614136 0.027484368532896042
1654618333.9279547 3.8162460327148438 2.8767013549804688 0.0 0.0 0.0 0.9998467564582825 0.017504708841443062
1654618334.0282736 3.756572723388672 2.87841796875 0.0 0.0 0.0 0.9999112486839294 0.013324180617928505
1654618334.1285865 3.6779251098632812 2.900146484375 0.0 0.0 0.0 0.9999403357505798 0.010924436151981354
1654618334.2288315 3.594776153564453 2.90008544921875 0.0 0.0 0.0 0.9998862147331238 0.015083651058375835
1654618334.3288577 3.5021438598632812 2.913494110107422 0.0 0.0 0.0 0.9997804760932922 0.02095303125679493
1654618334.4286354 3.400665283203125 2.897998809814453 0.0 0.0 0.0 0.9996085166931152 0.027979373931884766
1654618334.5282438 3.3003158569335938 2.9032058715820312 0.0 0.0 0.0 0.9994443655014038 0.033330898731946945
1654618334.6278827 3.212574005126953 2.913482666015625 0.0 0.0 0.0 0.9993621706962585 0.03571080416440964
1654618334.7275946 3.120342254638672 2.9153060913085938 0.0 0.0 0.0 0.9992310404777527 0.03920844942331314
1654618334.8273983 3.04071044921875 2.9194107055664062 0.0 0.0 0.0 0.999274730682373 0.03807966411113739
1654618334.9272156 2.948944091796875 2.9259109497070312 0.0 0.0 0.0 0.9993847012519836 0.03507426753640175
1654618335.0270996 2.853973388671875 2.933452606201172 0.0 0.0 0.0 0.9996320009231567 0.027127351611852646
1654618335.127092 2.7763137817382812 2.9380416870117188 0.0 0.0 0.0 0.9997712969779968 0.021384472027420998
1654618335.2271104 2.690155029296875 2.948192596435547 0.0 0.0 0.0 0.9999147057533264 0.013061704114079475
1654618335.3272521 2.6018753051757812 2.958629608154297 0.0 0.0 0.0 0.9999836683273315 0.005711718928068876
1654618335.427371 2.516876220703125 2.9649124145507812 0.0 0.0 0.0 -0.9999982714653015 0.001847103121690452
1654618335.527511 2.4310531616210938 2.965484619140625 0.0 0.0 0.0 -0.9999645948410034 0.008417224511504173
1654618335.6277099 2.346660614013672 2.962627410888672 0.0 0.0 0.0 -0.9998934268951416 0.014598522335290909
1654618335.7280126 2.229145050048828 2.9679794311523438 0.0 0.0 0.0 -0.9998259544372559 0.018657272681593895
1654618335.8283422 2.143096923828125 2.9732589721679688 0.0 0.0 0.0 -0.9997855424880981 0.0207078717648983
1654618335.9285862 2.0564956665039062 2.9674072265625 0.0 0.0 0.0 -0.9997654557228088 0.021656682714819908
1654618336.028699 1.9576492309570312 2.95758056640625 0.0 0.0 0.0 -0.9997285604476929 0.023297661915421486
1654618336.1286182 1.8736801147460938 2.9647293090820312 0.0 0.0 0.0 -0.9997417330741882 0.02272644266486168
1654618336.2284038 1.7616653442382812 2.9623641967773438 0.0 0.0 0.0 -0.9997531175613403 0.022219812497496605
1654618336.328018 1.6659049987792969 2.959575653076172 0.0 0.0 0.0 -0.9997483491897583 0.02243385836482048
1654618336.427502 1.5671272277832031 2.946727752685547 0.0 0.0 0.0 -0.9996840953826904 0.025132708251476288
1654618336.5269213 1.4737358093261719 2.9501571655273438 0.0 0.0 0.0 -0.9996020793914795 0.028207093477249146
1654618336.6264493 1.3748397827148438 2.9459762573242188 0.0 0.0 0.0 -0.9994277954101562 0.03382390737533569
1654618336.7262633 1.2809219360351562 2.941638946533203 0.0 0.0 0.0 -0.9992468953132629 0.0388021357357502
1654618336.8263135 1.2034225463867188 2.935382843017578 0.0 0.0 0.0 -0.9990243911743164 0.04416193068027496
1654618336.9265466 1.1095466613769531 2.9303054809570312 0.0 0.0 0.0 -0.9988136887550354 0.04869568720459938
1654618337.0268462 1.0018692016601562 2.932720184326172 0.0 0.0 0.0 -0.9984890818595886 0.054950278252363205
1654618337.1272185 0.9259262084960938 2.926128387451172 0.0 0.0 0.0 -0.9980461001396179 0.06248140335083008
1654618337.2275722 0.8217582702636719 2.917766571044922 0.0 0.0 0.0 -0.9976189732551575 0.06896674633026123
1654618337.3278887 0.7431221008300781 2.9053573608398438 0.0 0.0 0.0 -0.9971027970314026 0.07606609910726547
1654618337.4281213 0.6603507995605469 2.8925094604492188 0.0 0.0 0.0 -0.9962752461433411 0.08623041957616806
1654618337.5282078 0.59478759765625 2.876178741455078 0.0 0.0 0.0 -0.9953905344009399 0.09590473771095276
1654618337.6281729 0.5055351257324219 2.8738937377929688 0.0 0.0 0.0 -0.9937766194343567 0.1113913506269455
1654618337.7279456 0.44098663330078125 2.862224578857422 0.0 0.0 0.0 -0.9916098117828369 0.12926694750785828
1654618337.8275428 0.3811836242675781 2.846904754638672 0.0 0.0 0.0 -0.9883456230163574 0.1522267609834671
1654618337.9270818 0.3272285461425781 2.841655731201172 0.0 0.0 0.0 -0.9841617941856384 0.17727252840995789
1654618338.0267296 0.2652702331542969 2.8410873413085938 0.0 0.0 0.0 -0.978222668170929 0.20755833387374878
1654618338.1264896 0.21981048583984375 2.822887420654297 0.0 0.0 0.0 -0.9714351296424866 0.23730528354644775
1654618338.2265022 0.18242645263671875 2.815521240234375 0.0 0.0 0.0 -0.9622728228569031 0.27208641171455383
1654618338.3266797 0.13594818115234375 2.817962646484375 0.0 0.0 0.0 -0.9511633515357971 0.30868804454803467
1654618338.426943 0.10845184326171875 2.7957763671875 0.0 0.0 0.0 -0.9390954971313477 0.34365636110305786
1654618338.5272148 0.08209228515625 2.790904998779297 0.0 0.0 0.0 -0.9232197403907776 0.3842724561691284
1654618338.6273508 0.04669952392578125 2.774993896484375 0.0 0.0 0.0 -0.9049150943756104 0.4255921542644501
1654618338.7275124 0.04213714599609375 2.746875762939453 0.0 0.0 0.0 -0.8845735192298889 0.46640080213546753
1654618338.8277683 0.00884246826171875 2.727245330810547 0.0 0.0 0.0 -0.8636924028396606 0.5040193200111389
1654618338.9279542 -0.01300811767578125 2.7132186889648438 0.0 0.0 0.0 -0.8418743014335632 0.5396736860275269
1654618339.0280364 -0.031642913818359375 2.6906967163085938 0.0 0.0 0.0 -0.8210897445678711 0.5707991123199463
1654618339.1279979 -0.054401397705078125 2.6701126098632812 0.0 0.0 0.0 -0.8037179112434387 0.5950104594230652
1654618339.2279494 -0.09249114990234375 2.6424179077148438 0.0 0.0 0.0 -0.7852895259857178 0.6191287040710449
1654618339.327896 -0.10865020751953125 2.59234619140625 0.0 0.0 0.0 -0.7709014415740967 0.6369544863700867
1654618339.4278362 -0.12833404541015625 2.535411834716797 0.0 0.0 0.0 -0.758116602897644 0.652118980884552
1654618339.5277846 -0.14867401123046875 2.492206573486328 0.0 0.0 0.0 -0.7453046441078186 0.6667240262031555
1654618339.627637 -0.16403579711914062 2.426586151123047 0.0 0.0 0.0 -0.7363616228103638 0.6765881776809692
1654618339.7275882 -0.1627197265625 2.357879638671875 0.0 0.0 0.0 -0.7279015183448792 0.6856817007064819
1654618339.8275578 -0.17070770263671875 2.281810760498047 0.0 0.0 0.0 -0.7204435467720032 0.6935136318206787
1654618339.927498 -0.17773056030273438 2.206817626953125 0.0 0.0 0.0 -0.713464617729187 0.7006912231445312
1654618340.0273883 -0.1832427978515625 2.1037063598632812 0.0 0.0 0.0 -0.7069393396377563 0.7072741389274597
1654618340.1272318 -0.180389404296875 2.028087615966797 0.0 0.0 0.0 -0.6991329789161682 0.7149916291236877
1654618340.2270408 -0.18670654296875 1.954742431640625 0.0 0.0 0.0 -0.6903278231620789 0.723496675491333
1654618340.326914 -0.18001937866210938 1.87274169921875 0.0 0.0 0.0 -0.6781057715415955 0.7349643707275391
1654618340.426818 -0.17693710327148438 1.7982177734375 0.0 0.0 0.0 -0.6665582656860352 0.7454529404640198
1654618340.5268078 -0.17660140991210938 1.730010986328125 0.0 0.0 0.0 -0.6555341482162476 0.7551655769348145
1654618340.6270292 -0.18376922607421875 1.6592025756835938 0.0 0.0 0.0 -0.6426937580108643 0.7661231756210327
1654618340.7273211 -0.17922210693359375 1.5905036926269531 0.0 0.0 0.0 -0.6323044896125793 0.7747199535369873
1654618340.827483 -0.1676177978515625 1.518798828125 0.0 0.0 0.0 -0.6232651472091675 0.7820106148719788
1654618340.9276073 -0.16273117065429688 1.451019287109375 0.0 0.0 0.0 -0.6131240129470825 0.7899866700172424
1654618341.027606 -0.14961624145507812 1.3929977416992188 0.0 0.0 0.0 -0.6031334400177002 0.797640323638916
1654618341.1274686 -0.129241943359375 1.3199348449707031 0.0 0.0 0.0 -0.5942659974098206 0.8042685389518738
1654618341.2272239 -0.1250762939453125 1.2691879272460938 0.0 0.0 0.0 -0.5795478820800781 0.8149381875991821
1654618341.3269033 -0.10824203491210938 1.219818115234375 0.0 0.0 0.0 -0.5629587173461914 0.8264849781990051
1654618341.4266016 -0.10297393798828125 1.16650390625 0.0 0.0 0.0 -0.539952278137207 0.8416956663131714
1654618341.526405 -0.10306549072265625 1.1214065551757812 0.0 0.0 0.0 -0.5127305388450623 0.8585495948791504
1654618341.6263905 -0.0814971923828125 1.0850410461425781 0.0 0.0 0.0 -0.4841974079608917 0.8749587535858154
1654618341.726432 -0.07611465454101562 1.0689010620117188 0.0 0.0 0.0 -0.4500519335269928 0.8930023908615112
1654618341.8264616 -0.07225799560546875 1.0528144836425781 0.0 0.0 0.0 -0.41399332880973816 0.9102799296379089
1654618341.926613 -0.07541656494140625 1.0328559875488281 0.0 0.0 0.0 -0.3762563169002533 0.9265156388282776
1654618342.0268874 -0.08713531494140625 1.0270919799804688 0.0 0.0 0.0 -0.33486035466194153 0.9422677755355835
1654618342.1271615 -0.08393096923828125 1.0264663696289062 0.0 0.0 0.0 -0.29262855648994446 0.9562261700630188
1654618342.2275138 0.02466583251953125 0.9939193725585938 0.0 0.0 0.0 -0.2665235996246338 0.9638283848762512
1654618342.3278687 0.05881500244140625 0.97320556640625 0.0 0.0 0.0 -0.2340012639760971 0.9722362756729126
1654618342.4281344 0.042133331298828125 0.942352294921875 0.0 0.0 0.0 -0.193386048078537 0.9811227321624756
1654618342.528496 0.057353973388671875 0.939208984375 0.0 0.0 0.0 -0.1659657210111618 0.9861315488815308
1654618342.6288185 -0.070892333984375 0.9729843139648438 0.0 0.0 0.0 -0.12218187749385834 0.9925077557563782
1654618342.7290626 -0.052524566650390625 0.9547042846679688 0.0 0.0 0.0 -0.10668336600065231 0.9942930340766907
1654618342.8291013 -0.005687713623046875 0.9400138854980469 0.0 0.0 0.0 -0.09588783979415894 0.9953921437263489
1654618342.9288788 0.050323486328125 0.91729736328125 0.0 0.0 0.0 -0.08282190561294556 0.9965643882751465
1654618343.0285525 0.11964035034179688 0.9083633422851562 0.0 0.0 0.0 -0.07364742457866669 0.9972843527793884
1654618343.128336 0.19327545166015625 0.8933601379394531 0.0 0.0 0.0 -0.06277570128440857 0.9980276823043823
1654618343.228182 0.2605476379394531 0.8824653625488281 0.0 0.0 0.0 -0.05021001026034355 0.998738706111908
1654618343.3280656 0.3500556945800781 0.869903564453125 0.0 0.0 0.0 -0.03863651677966118 0.9992533326148987
1654618343.4278932 0.44116973876953125 0.8498153686523438 0.0 0.0 0.0 -0.026460571214556694 0.9996498823165894
1654618343.5276291 0.538299560546875 0.8431282043457031 0.0 0.0 0.0 -0.01488693431019783 0.9998891949653625
1654618343.627358 0.62847900390625 0.8270034790039062 0.0 0.0 0.0 -0.002068430883809924 0.9999978542327881
1654618343.7272427 0.7311592102050781 0.8325080871582031 0.0 0.0 0.0 0.008717824704945087 0.9999619722366333
1654618343.8272402 0.8381576538085938 0.8202590942382812 0.0 0.0 0.0 0.021059028804302216 0.9997782111167908
1654618343.927317 0.9308700561523438 0.8201370239257812 0.0 0.0 0.0 0.03228389844298363 0.9994787573814392
1654618344.0275288 1.0293655395507812 0.8321609497070312 0.0 0.0 0.0 0.04180270433425903 0.9991258978843689
1654618344.1277092 1.1215400695800781 0.8262710571289062 0.0 0.0 0.0 0.051362548023462296 0.998680055141449
1654618344.2278335 1.232147216796875 0.8286361694335938 0.0 0.0 0.0 0.05852818861603737 0.9982857704162598
1654618344.3279855 1.3455276489257812 0.8388900756835938 0.0 0.0 0.0 0.06088774651288986 0.9981446266174316
1654618344.4281597 1.4523849487304688 0.8488388061523438 0.0 0.0 0.0 0.06287895888090134 0.9980211853981018
1654618344.528333 1.5565261840820312 0.8611335754394531 0.0 0.0 0.0 0.061139460653066635 0.9981292486190796
1654618344.628404 1.664215087890625 0.8846664428710938 0.0 0.0 0.0 0.05701145529747009 0.9983735084533691
1654618344.7283485 1.767333984375 0.88372802734375 0.0 0.0 0.0 0.0570245198905468 0.9983727931976318
1654618344.8281298 1.8680610656738281 0.9008064270019531 0.0 0.0 0.0 0.05544671043753624 0.9984616637229919
1654618344.927885 1.97674560546875 0.9066162109375 0.0 0.0 0.0 0.054450634866952896 0.9985164403915405
1654618345.0277023 2.07147216796875 0.9215927124023438 0.0 0.0 0.0 0.055735666304826736 0.9984455704689026
1654618345.1275208 2.177875518798828 0.9389152526855469 0.0 0.0 0.0 0.05614449083805084 0.9984226822853088
1654618345.2273908 2.27313232421875 0.9513015747070312 0.0 0.0 0.0 0.06042531132698059 0.9981727004051208
1654618345.3272977 2.356250762939453 0.9482192993164062 0.0 0.0 0.0 0.06605884432792664 0.997815728187561
1654618345.4272733 2.4558639526367188 0.9628791809082031 0.0 0.0 0.0 0.07210623472929001 0.9973969459533691
1654618345.5272512 2.542083740234375 0.9708480834960938 0.0 0.0 0.0 0.07996854186058044 0.9967973828315735
1654618345.6271603 2.620708465576172 0.9894828796386719 0.0 0.0 0.0 0.08826684206724167 0.9960968494415283
1654618345.7270856 2.705738067626953 0.9986801147460938 0.0 0.0 0.0 0.09545208513736725 0.995434045791626
1654618345.8269453 2.7723770141601562 1.0037612915039062 0.0 0.0 0.0 0.10441246628761292 0.9945340752601624
1654618345.926877 2.8441085815429688 1.0242843627929688 0.0 0.0 0.0 0.11657275259494781 0.9931821823120117
1654618346.0268047 2.8954696655273438 1.0293197631835938 0.0 0.0 0.0 0.1296524554491043 0.9915595054626465
1654618346.1267996 2.951984405517578 1.04400634765625 0.0 0.0 0.0 0.1469678431749344 0.9891412854194641
1654618346.2268388 3.003631591796875 1.0404434204101562 0.0 0.0 0.0 0.16738830506801605 0.9858910441398621
1654618346.3268483 3.048553466796875 1.0447463989257812 0.0 0.0 0.0 0.1898391842842102 0.9818152189254761
1654618346.426837 3.090534210205078 1.0558090209960938 0.0 0.0 0.0 0.21662093698978424 0.9762557744979858
1654618346.5269735 3.1342391967773438 1.05926513671875 0.0 0.0 0.0 0.24523431062698364 0.9694638252258301
1654618346.6270902 3.17230224609375 1.0574874877929688 0.0 0.0 0.0 0.2787531316280365 0.9603627920150757
1654618346.72718 3.211009979248047 1.0619583129882812 0.0 0.0 0.0 0.31762877106666565 0.948215126991272
1654618346.827268 3.245555877685547 1.0734138488769531 0.0 0.0 0.0 0.3501157760620117 0.9367064237594604
1654618346.9272974 3.2751388549804688 1.0807418823242188 0.0 0.0 0.0 0.38723817467689514 0.9219797253608704
1654618347.0274553 3.306529998779297 1.0916557312011719 0.0 0.0 0.0 0.419942170381546 0.9075508713722229
1654618347.1275706 3.33074951171875 1.1067733764648438 0.0 0.0 0.0 0.45338383316993713 0.8913154006004333
1654618347.2275727 3.356739044189453 1.1400070190429688 0.0 0.0 0.0 0.4820089340209961 0.8761662840843201
1654618347.3275626 3.381317138671875 1.1514701843261719 0.0 0.0 0.0 0.5150043368339539 0.8571875691413879
1654618347.4275074 3.400005340576172 1.1821365356445312 0.0 0.0 0.0 0.5453694462776184 0.8381957411766052
1654618347.5275722 3.427959442138672 1.20928955078125 0.0 0.0 0.0 0.5733512043952942 0.8193097114562988
1654618347.627669 3.4546890258789062 1.2379074096679688 0.0 0.0 0.0 0.5979997515678406 0.8014962673187256
1654618347.7278378 3.4731521606445312 1.2822456359863281 0.0 0.0 0.0 0.6189138293266296 0.7854588627815247
1654618347.8278956 3.495868682861328 1.3386344909667969 0.0 0.0 0.0 0.6345415115356445 0.7728887796401978
1654618347.9279587 3.517181396484375 1.4047164916992188 0.0 0.0 0.0 0.6447949409484863 0.7643555998802185
1654618348.0280387 3.550891876220703 1.4825325012207031 0.0 0.0 0.0 0.6505670547485352 0.7594488263130188
1654618348.1281092 3.5734176635742188 1.5659713745117188 0.0 0.0 0.0 0.654873788356781 0.7557382583618164
1654618348.228159 3.5880661010742188 1.6485214233398438 0.0 0.0 0.0 0.6557736992835999 0.7549574971199036
1654618348.3281767 3.594280242919922 1.742340087890625 0.0 0.0 0.0 0.6587381958961487 0.7523722648620605
1654618348.4280994 3.5978622436523438 1.8313102722167969 0.0 0.0 0.0 0.660699725151062 0.7506502866744995
1654618348.527937 3.616657257080078 1.924591064453125 0.0 0.0 0.0 0.6654103994369507 0.7464777231216431
1654618348.6277392 3.6282119750976562 2.0091018676757812 0.0 0.0 0.0 0.6710638403892517 0.7413995862007141
1654618348.7273622 3.628498077392578 2.088245391845703 0.0 0.0 0.0 0.6802788376808167 0.7329533696174622
1654618348.8268726 3.641712188720703 2.174236297607422 0.0 0.0 0.0 0.6930180788040161 0.720920205116272
1654618348.9265149 3.6505050659179688 2.236858367919922 0.0 0.0 0.0 0.7045352458953857 0.7096689939498901
1654618349.026262 3.655242919921875 2.314788818359375 0.0 0.0 0.0 0.7183676958084106 0.6956636309623718
1654618349.1261678 3.658721923828125 2.3820114135742188 0.0 0.0 0.0 0.7321688532829285 0.6811231374740601
1654618349.2261243 3.6627883911132812 2.447742462158203 0.0 0.0 0.0 0.7457703351974487 0.6662031412124634
1654618349.3261616 3.6511001586914062 2.4909439086914062 0.0 0.0 0.0 0.7603596448898315 0.6495022773742676
1654618349.426363 3.660614013671875 2.5400924682617188 0.0 0.0 0.0 0.7755816578865051 0.6312472820281982
1654618349.5266542 3.653728485107422 2.566802978515625 0.0 0.0 0.0 0.790400505065918 0.6125904321670532
1654618349.626929 3.6488418579101562 2.5888137817382812 0.0 0.0 0.0 0.8064547181129456 0.5912958383560181
1654618349.7269726 3.640949249267578 2.616596221923828 0.0 0.0 0.0 0.8238095045089722 0.5668666958808899
1654618349.8267891 3.629344940185547 2.634136199951172 0.0 0.0 0.0 0.8440734148025513 0.5362275838851929
1654618349.926499 3.652362823486328 2.6560287475585938 0.0 0.0 0.0 0.8650107979774475 0.5017532706260681
1654618350.0263276 3.665679931640625 2.6589736938476562 0.0 0.0 0.0 0.8868253231048584 0.46210479736328125
1654618350.1262076 3.6651229858398438 2.668231964111328 0.0 0.0 0.0 0.9072712659835815 0.42054590582847595
1654618350.2261643 3.701251983642578 2.664478302001953 0.0 0.0 0.0 0.9256616830825806 0.37835225462913513
1654618350.3261864 3.706390380859375 2.6769638061523438 0.0 0.0 0.0 0.9416736364364624 0.3365274965763092
1654618350.4261813 3.7240219116210938 2.691417694091797 0.0 0.0 0.0 0.9562715291976929 0.2924804091453552
1654618350.5262098 3.7306289672851562 2.700672149658203 0.0 0.0 0.0 0.9672449231147766 0.2538449764251709
1654618350.6264625 3.749114990234375 2.706157684326172 0.0 0.0 0.0 0.9766414761543274 0.21487540006637573
1654618350.726809 3.756725311279297 2.7163162231445312 0.0 0.0 0.0 0.9837490320205688 0.17954902350902557
1654618350.827199 3.748950958251953 2.7256546020507812 0.0 0.0 0.0 0.9883087277412415 0.1524658054113388
1654618350.927599 3.7425918579101562 2.7396774291992188 0.0 0.0 0.0 0.9915983080863953 0.12935549020767212
1654618351.027893 3.736042022705078 2.7539291381835938 0.0 0.0 0.0 0.9943788647651672 0.10588058084249496
1654618351.1278915 3.7024459838867188 2.7656936645507812 0.0 0.0 0.0 0.9965266585350037 0.08327445387840271
1654618351.2276654 3.680553436279297 2.7764663696289062 0.0 0.0 0.0 0.9983077049255371 0.058152828365564346
1654618351.3274574 3.638866424560547 2.789867401123047 0.0 0.0 0.0 0.9992116093635559 0.03970063850283623
1654618351.4271922 3.573749542236328 2.8076858520507812 0.0 0.0 0.0 0.9997276663780212 0.023335440084338188
1654618351.5270598 3.5234375 2.817768096923828 0.0 0.0 0.0 0.9999074339866638 0.013607515022158623
1654618351.6271062 3.434917449951172 2.822967529296875 0.0 0.0 0.0 0.9999814033508301 0.006100573111325502
1654618351.727128 3.359790802001953 2.82415771484375 0.0 0.0 0.0 0.9999997615814209 0.0007092515006661415
1654618351.8270907 3.257305145263672 2.834136962890625 0.0 0.0 0.0 -0.9999983906745911 0.0018010884523391724
1654618351.9269297 3.1622238159179688 2.834156036376953 0.0 0.0 0.0 -0.9999912977218628 0.0041664279997348785
1654618352.0267348 3.074115753173828 2.8291091918945312 0.0 0.0 0.0 -0.9999796748161316 0.006371530704200268
1654618352.1265554 2.9694595336914062 2.8300552368164062 0.0 0.0 0.0 -0.9999603033065796 0.008908587507903576
1654618352.2263675 2.877147674560547 2.8333053588867188 0.0 0.0 0.0 -0.9999058246612549 0.013722422532737255
1654618352.3262024 2.780071258544922 2.829143524169922 0.0 0.0 0.0 -0.9998250603675842 0.01870482973754406
1654618352.4261 2.690410614013672 2.822673797607422 0.0 0.0 0.0 -0.9996131658554077 0.027811473235487938
1654618352.5261223 2.6036758422851562 2.825225830078125 0.0 0.0 0.0 -0.9993260502815247 0.03670697659254074
1654618352.6260984 2.510334014892578 2.823070526123047 0.0 0.0 0.0 -0.9989226460456848 0.04640683904290199
1654618352.72602 2.4244308471679688 2.814403533935547 0.0 0.0 0.0 -0.998435378074646 0.05591772124171257
1654618352.8259523 2.3440170288085938 2.80535888671875 0.0 0.0 0.0 -0.9980170130729675 0.0629451647400856
1654618352.925968 2.256622314453125 2.797515869140625 0.0 0.0 0.0 -0.9972940683364868 0.07351527363061905
1654618353.0260298 2.1605606079101562 2.8003311157226562 0.0 0.0 0.0 -0.996856689453125 0.0792260691523552
1654618353.1261714 2.063068389892578 2.7952041625976562 0.0 0.0 0.0 -0.9966163635253906 0.08219384402036667
1654618353.2263625 1.9716987609863281 2.775890350341797 0.0 0.0 0.0 -0.9965927004814148 0.08248040080070496
1654618353.326502 1.8629951477050781 2.7731857299804688 0.0 0.0 0.0 -0.9964668154716492 0.08398719877004623
1654618353.4266331 1.7824172973632812 2.742023468017578 0.0 0.0 0.0 -0.9964648485183716 0.08401083946228027
1654618353.5268152 1.6878738403320312 2.732452392578125 0.0 0.0 0.0 -0.9963145852088928 0.08577435463666916
1654618353.6269164 1.5868301391601562 2.712604522705078 0.0 0.0 0.0 -0.9962883591651917 0.08607827872037888
1654618353.7269583 1.5047531127929688 2.697185516357422 0.0 0.0 0.0 -0.9960055947303772 0.08929082751274109
1654618353.8268876 1.4123344421386719 2.6901931762695312 0.0 0.0 0.0 -0.9954352974891663 0.09543898701667786
1654618353.926731 1.3285102844238281 2.6758041381835938 0.0 0.0 0.0 -0.994878351688385 0.10107947140932083
1654618354.0265822 1.2547531127929688 2.66534423828125 0.0 0.0 0.0 -0.9938679337501526 0.11057376861572266
1654618354.1265047 1.1766166687011719 2.649089813232422 0.0 0.0 0.0 -0.992794394493103 0.1198301613330841
1654618354.2264047 1.1062812805175781 2.64215087890625 0.0 0.0 0.0 -0.9915005564689636 0.13010239601135254
1654618354.3264725 1.0179634094238281 2.623188018798828 0.0 0.0 0.0 -0.9907379150390625 0.1357879489660263
1654618354.426737 0.9381523132324219 2.6054306030273438 0.0 0.0 0.0 -0.9900670051574707 0.1405961513519287
1654618354.526979 0.8548774719238281 2.581134796142578 0.0 0.0 0.0 -0.9895070791244507 0.14448457956314087
1654618354.6272013 0.7877082824707031 2.5571975708007812 0.0 0.0 0.0 -0.9890482425689697 0.14759278297424316
1654618354.7273188 0.7136039733886719 2.545673370361328 0.0 0.0 0.0 -0.9884718656539917 0.15140479803085327
1654618354.8272617 0.6491622924804688 2.526111602783203 0.0 0.0 0.0 -0.9877569079399109 0.15600106120109558
1654618354.927125 0.6095390319824219 2.506938934326172 0.0 0.0 0.0 -0.9876032471656799 0.15697088837623596
1654618355.0271618 0.5591850280761719 2.4923629760742188 0.0 0.0 0.0 -0.9870479702949524 0.16042546927928925
1654618355.1270862 0.5256881713867188 2.483661651611328 0.0 0.0 0.0 -0.9864696264266968 0.16394415497779846
1654618355.2268355 0.4824943542480469 2.465045928955078 0.0 0.0 0.0 -0.9857571125030518 0.16817516088485718
1654618355.326483 0.442352294921875 2.457202911376953 0.0 0.0 0.0 -0.9843272566795349 0.17635135352611542
1654618355.4261086 0.3969001770019531 2.4571609497070312 0.0 0.0 0.0 -0.9822117686271667 0.18777641654014587
1654618355.5257964 0.35260772705078125 2.4447021484375 0.0 0.0 0.0 -0.9785276651382446 0.2061154842376709
1654618355.6256194 0.3384208679199219 2.428821563720703 0.0 0.0 0.0 -0.9737737774848938 0.22751852869987488
1654618355.72562 0.3047065734863281 2.424835205078125 0.0 0.0 0.0 -0.9665098786354065 0.2566293478012085
1654618355.825865 0.2705078125 2.430126190185547 0.0 0.0 0.0 -0.9574072957038879 0.2887408137321472
1654618355.9260893 0.2633247375488281 2.415210723876953 0.0 0.0 0.0 -0.945753812789917 0.3248841166496277
1654618356.0263333 0.23258209228515625 2.4341812133789062 0.0 0.0 0.0 -0.93088299036026 0.3653174638748169
1654618356.126432 0.23181915283203125 2.435192108154297 0.0 0.0 0.0 -0.9142671227455139 0.4051119089126587
1654618356.2264364 0.22640228271484375 2.4301223754882812 0.0 0.0 0.0 -0.8963219523429871 0.4434038996696472
1654618356.326542 0.20281982421875 2.431316375732422 0.0 0.0 0.0 -0.8765373826026917 0.48133382201194763
1654618356.4266715 0.19732666015625 2.439289093017578 0.0 0.0 0.0 -0.860615074634552 0.5092560052871704
1654618356.5268571 0.18039703369140625 2.435688018798828 0.0 0.0 0.0 -0.8443700075149536 0.5357605218887329
1654618356.6268995 0.16655349731445312 2.4232406616210938 0.0 0.0 0.0 -0.8292921781539917 0.5588152408599854
1654618356.7268 0.155792236328125 2.425670623779297 0.0 0.0 0.0 -0.812989354133606 0.5822784900665283
1654618356.8265758 0.13401031494140625 2.405773162841797 0.0 0.0 0.0 -0.7959308624267578 0.6053875684738159
1654618356.9264116 0.12636184692382812 2.39306640625 0.0 0.0 0.0 -0.7817174792289734 0.6236327290534973
1654618357.0262306 0.11418533325195312 2.3703689575195312 0.0 0.0 0.0 -0.7669156193733215 0.6417480111122131
1654618357.1260731 0.10630416870117188 2.3268051147460938 0.0 0.0 0.0 -0.7531339526176453 0.6578672528266907
1654618357.226078 0.08045196533203125 2.2887344360351562 0.0 0.0 0.0 -0.7413827180862427 0.6710824370384216
1654618357.3261461 0.07603073120117188 2.231914520263672 0.0 0.0 0.0 -0.7325513362884521 0.6807118058204651
1654618357.4261935 0.06409454345703125 2.163127899169922 0.0 0.0 0.0 -0.7251193523406982 0.6886231899261475
1654618357.5262485 0.05883026123046875 2.1044082641601562 0.0 0.0 0.0 -0.7173395752906799 0.6967236995697021
1654618357.6262803 0.055816650390625 2.038898468017578 0.0 0.0 0.0 -0.7117583751678467 0.7024244070053101
1654618357.7263362 0.03937530517578125 1.972503662109375 0.0 0.0 0.0 -0.7069244980812073 0.7072889804840088
1654618357.8263779 0.04900360107421875 1.8823013305664062 0.0 0.0 0.0 -0.7048282027244568 0.7093780040740967
1654618357.9262931 0.04198455810546875 1.8061332702636719 0.0 0.0 0.0 -0.7045300006866455 0.7096742391586304
1654618358.0261972 0.053905487060546875 1.7284660339355469 0.0 0.0 0.0 -0.7063851952552795 0.707827627658844
1654618358.126319 0.039112091064453125 1.6368026733398438 0.0 0.0 0.0 -0.7087470889091492 0.705462634563446
1654618358.226398 0.024261474609375 1.5575447082519531 0.0 0.0 0.0 -0.7102699875831604 0.7039293646812439
1654618358.3263996 0.02564239501953125 1.4801712036132812 0.0 0.0 0.0 -0.7132310271263123 0.7009289860725403
1654618358.4262755 0.024810791015625 1.3996772766113281 0.0 0.0 0.0 -0.7117817997932434 0.7024006247520447
1654618358.5262103 0.018291473388671875 1.3370590209960938 0.0 0.0 0.0 -0.7090104222297668 0.7051979899406433
1654618358.6260786 0.01598358154296875 1.2784347534179688 0.0 0.0 0.0 -0.6999912858009338 0.7141513824462891
1654618358.725801 0.033916473388671875 1.1945724487304688 0.0 0.0 0.0 -0.6882355213165283 0.7254872918128967
1654618358.8253267 0.029468536376953125 1.1342964172363281 0.0 0.0 0.0 -0.6692119836807251 0.7430715560913086
1654618358.9249659 0.03208160400390625 1.0905380249023438 0.0 0.0 0.0 -0.6445542573928833 0.7645586133003235
1654618359.0248382 0.036998748779296875 1.0520553588867188 0.0 0.0 0.0 -0.6122225522994995 0.7906854748725891
1654618359.1250608 0.01218414306640625 1.0293655395507812 0.0 0.0 0.0 -0.5726324319839478 0.8198122382164001
1654618359.225612 -0.006710052490234375 0.9931564331054688 0.0 0.0 0.0 -0.531711220741272 0.8469257354736328
1654618359.3261507 -0.0045013427734375 0.9916496276855469 0.0 0.0 0.0 -0.4907994568347931 0.8712725639343262
1654618359.42679 -0.015529632568359375 0.9887504577636719 0.0 0.0 0.0 -0.44755807518959045 0.8942548632621765
1654618359.527331 -0.023143768310546875 0.9758110046386719 0.0 0.0 0.0 -0.407144695520401 0.9133636951446533
1654618359.6276603 -0.04515838623046875 0.9934883117675781 0.0 0.0 0.0 -0.36607012152671814 0.9305872917175293
1654618359.7278326 -0.03998565673828125 0.9843025207519531 0.0 0.0 0.0 -0.3302275836467743 0.9439013600349426
1654618359.8279781 -0.05590057373046875 0.966400146484375 0.0 0.0 0.0 -0.2870766222476959 0.9579076170921326
1654618359.928019 -0.0614471435546875 0.9622879028320312 0.0 0.0 0.0 -0.24775706231594086 0.968822181224823
1654618360.0279744 -0.06769180297851562 0.9534225463867188 0.0 0.0 0.0 -0.2110518515110016 0.9774748682975769
1654618360.127975 -0.064544677734375 0.9459228515625 0.0 0.0 0.0 -0.17787770926952362 0.9840525984764099
1654618360.2279248 -0.0684967041015625 0.9406852722167969 0.0 0.0 0.0 -0.14831969141960144 0.9889394640922546
1654618360.327833 -0.07300567626953125 0.9410400390625 0.0 0.0 0.0 -0.12100856751203537 0.9926514625549316
1654618360.4276912 -0.08479690551757812 0.9342880249023438 0.0 0.0 0.0 -0.09625402092933655 0.9953567981719971
1654618360.5275888 -0.08832931518554688 0.9242324829101562 0.0 0.0 0.0 -0.07630211859941483 0.9970847368240356
1654618360.6275594 -0.09035491943359375 0.9173355102539062 0.0 0.0 0.0 -0.05879005789756775 0.9982703924179077
1654618360.7274535 -0.10543060302734375 0.9083976745605469 0.0 0.0 0.0 -0.043469469994306564 0.9990547299385071
1654618360.8272765 -0.10834121704101562 0.9075202941894531 0.0 0.0 0.0 -0.03200405091047287 0.9994877576828003
1654618360.9271886 -0.110809326171875 0.907379150390625 0.0 0.0 0.0 -0.023976800963282585 0.9997125267982483
1654618361.027223 -0.1113739013671875 0.8994941711425781 0.0 0.0 0.0 -0.018276063725352287 0.9998329877853394
1654618361.127217 -0.11945724487304688 0.8975906372070312 0.0 0.0 0.0 -0.013399350456893444 0.9999102354049683
1654618361.227116 -0.11972427368164062 0.8938407897949219 0.0 0.0 0.0 -0.0128121767193079 0.9999179244041443
1654618361.3270328 -0.1220855712890625 0.8934326171875 0.0 0.0 0.0 -0.013283966109156609 0.9999117851257324
1654618361.4269757 -0.11757278442382812 0.8938179016113281 0.0 0.0 0.0 -0.01683218404650688 0.9998583197593689
1654618361.5268438 -0.112274169921875 0.9060440063476562 0.0 0.0 0.0 -0.020542996004223824 0.9997889995574951
1654618361.626605 -0.11691665649414062 0.9111328125 0.0 0.0 0.0 -0.02345290407538414 0.9997249245643616
1654618361.726419 -0.11745071411132812 0.9035568237304688 0.0 0.0 0.0 -0.024192269891500473 0.9997073411941528
1654618361.8263311 -0.11664962768554688 0.8988113403320312 0.0 0.0 0.0 -0.02308822236955166 0.9997334480285645
1654618361.9263952 -0.11789321899414062 0.9050064086914062 0.0 0.0 0.0 -0.023648830130696297 0.9997203350067139
1654618362.026501 -0.11949920654296875 0.9040298461914062 0.0 0.0 0.0 -0.02330750972032547 0.9997283220291138
1654618362.1265566 -0.1190185546875 0.8979415893554688 0.0 0.0 0.0 -0.02304365113377571 0.9997344613075256
1654618362.2265637 -0.11675262451171875 0.9027290344238281 0.0 0.0 0.0 -0.023556826636195183 0.9997224807739258
1654618362.3265293 -0.12012481689453125 0.9059371948242188 0.0 0.0 0.0 -0.02389981411397457 0.9997143745422363
1654618362.426542 -0.1165771484375 0.901031494140625 0.0 0.0 0.0 -0.02318880893290043 0.9997311234474182
1654618362.5265288 -0.12175750732421875 0.8984184265136719 0.0 0.0 0.0 -0.02308393269777298 0.9997335076332092
1654618362.6265275 -0.11914825439453125 0.905670166015625 0.0 0.0 0.0 -0.023973941802978516 0.9997125864028931
1654618362.7264874 -0.11634063720703125 0.9070930480957031 0.0 0.0 0.0 -0.02391626127064228 0.9997139573097229
1654618362.82638 -0.1143035888671875 0.9044723510742188 0.0 0.0 0.0 -0.024006357416510582 0.999711811542511
