1654618298.5877512 -0.14209747314453125 0.7486038208007812 0.0 0.0 0.0 0.007062883581966162 0.9999750852584839
1654618298.6880045 -0.1127166748046875 0.7654647827148438 0.0 0.0 0.0 0.005817083641886711 0.9999830722808838
1654618298.7882204 -0.14670562744140625 0.7588005065917969 0.0 0.0 0.0 0.010098600760102272 0.9999489784240723
1654618298.8883514 -0.13713455200195312 0.7500801086425781 0.0 0.0 0.0 0.009935593232512474 0.999950647354126
1654618298.9883835 -0.1252593994140625 0.740386962890625 0.0 0.0 0.0 0.0076263765804469585 0.9999709129333496
1654618299.0883381 -0.13225555419921875 0.7290725708007812 0.0 0.0 0.0 0.010918053798377514 0.9999403953552246
1654618299.1882117 -0.1123809814453125 0.7649002075195312 0.0 0.0 0.0 0.0053015234880149364 0.999985933303833
1654618299.288021 -0.08521652221679688 0.7641067504882812 0.0 0.0 0.0 0.007308058440685272 0.9999732971191406
1654618299.3878155 -0.07460784912109375 0.7419662475585938 0.0 0.0 0.0 0.011133554391562939 0.9999380111694336
1654618299.487634 -0.037799835205078125 0.7521781921386719 0.0 0.0 0.0 0.00963942613452673 0.99995356798172
1654618299.5873795 -0.004886627197265625 0.7765617370605469 0.0 0.0 0.0 0.017488623037934303 0.9998470544815063
1654618299.687088 0.06464385986328125 0.7278938293457031 0.0 0.0 0.0 0.022946827113628387 0.9997366666793823
1654618299.7869911 0.09547805786132812 0.7300491333007812 0.0 0.0 0.0 0.02665780298411846 0.9996446371078491
1654618299.886966 0.11820602416992188 0.7158279418945312 0.0 0.0 0.0 0.036789171397686005 0.9993230700492859
1654618299.9869196 0.18820953369140625 0.7243118286132812 0.0 0.0 0.0 0.042538758367300034 0.9990948438644409
1654618300.0869977 0.23206710815429688 0.7235221862792969 0.0 0.0 0.0 0.053684111684560776 0.998557984828949
1654618300.1871521 0.26544952392578125 0.7224349975585938 0.0 0.0 0.0 0.06312147527933121 0.9980058670043945
1654618300.2875602 0.29920196533203125 0.7319526672363281 0.0 0.0 0.0 0.0625334158539772 0.9980428814888
1654618300.3881207 0.34033203125 0.7314033508300781 0.0 0.0 0.0 0.05730711296200752 0.9983565807342529
1654618300.488729 0.37670135498046875 0.7410163879394531 0.0 0.0 0.0 0.04301781952381134 0.9990742802619934
1654618300.5892174 0.40731048583984375 0.74102783203125 0.0 0.0 0.0 0.03292090818285942 0.9994579553604126
1654618300.689238 0.4835395812988281 0.7499198913574219 0.0 0.0 0.0 0.021766118705272675 0.9997630715370178
1654618300.7890131 0.5249404907226562 0.7447280883789062 0.0 0.0 0.0 0.017167899757623672 0.9998525977134705
1654618300.8887875 0.5766220092773438 0.746826171875 0.0 0.0 0.0 0.007338396739214659 0.9999730587005615
1654618300.9883966 0.6267204284667969 0.7457084655761719 0.0 0.0 0.0 0.002653139876201749 0.9999964833259583
1654618301.0879273 0.700469970703125 0.7516555786132812 0.0 0.0 0.0 -0.0028747599571943283 0.9999958872795105
1654618301.1875014 0.7415695190429688 0.7443428039550781 0.0 0.0 0.0 -0.005205520428717136 0.999986469745636
1654618301.2871754 0.8044853210449219 0.7384109497070312 0.0 0.0 0.0 -0.00928379874676466 0.9999569058418274
1654618301.3868794 0.8689994812011719 0.73095703125 0.0 0.0 0.0 -0.009404432959854603 0.9999557733535767
1654618301.4866648 0.9230537414550781 0.7260322570800781 0.0 0.0 0.0 -0.007011984009295702 0.9999754428863525
1654618301.5865421 0.9917182922363281 0.7153091430664062 0.0 0.0 0.0 -0.0011393147287890315 0.9999993443489075
1654618301.6864822 1.0698661804199219 0.7200927734375 0.0 0.0 0.0 0.0013810008531436324 0.9999990463256836
1654618301.7865553 1.1362075805664062 0.71630859375 0.0 0.0 0.0 0.00905828457325697 0.9999589920043945
1654618301.8867095 1.2082595825195312 0.710174560546875 0.0 0.0 0.0 0.01475581806153059 0.9998911023139954
1654618301.9869094 1.2759895324707031 0.7112922668457031 0.0 0.0 0.0 0.022588584572076797 0.9997448325157166
1654618302.087156 1.3572311401367188 0.7100753784179688 0.0 0.0 0.0 0.028952820226550102 0.9995808005332947
1654618302.1874325 1.421112060546875 0.7056503295898438 0.0 0.0 0.0 0.03367464616894722 0.9994328618049622
1654618302.287714 1.5023307800292969 0.7056198120117188 0.0 0.0 0.0 0.03808538615703583 0.999274492263794
1654618302.38794 1.5755691528320312 0.7183761596679688 0.0 0.0 0.0 0.03903776779770851 0.9992377161979675
1654618302.488136 1.6491584777832031 0.7137260437011719 0.0 0.0 0.0 0.041779208928346634 0.9991268515586853
1654618302.588307 1.7435226440429688 0.7237358093261719 0.0 0.0 0.0 0.040302716195583344 0.9991875290870667
1654618302.6884198 1.8162651062011719 0.7271804809570312 0.0 0.0 0.0 0.038041770458221436 0.9992761611938477
1654618302.7884648 1.8993606567382812 0.7302665710449219 0.0 0.0 0.0 0.037558604031801224 0.9992944002151489
1654618302.888421 1.9806594848632812 0.7354965209960938 0.0 0.0 0.0 0.035590048879384995 0.9993664622306824
1654618302.9883301 2.0640945434570312 0.739349365234375 0.0 0.0 0.0 0.0350622683763504 0.9993851184844971
1654618303.0881839 2.1414718627929688 0.7361831665039062 0.0 0.0 0.0 0.03606805577874184 0.9993493556976318
1654618303.1879973 2.228557586669922 0.7410469055175781 0.0 0.0 0.0 0.036612652242183685 0.9993295073509216
1654618303.2877996 2.30609130859375 0.7515640258789062 0.0 0.0 0.0 0.038069725036621094 0.9992750883102417
1654618303.3876128 2.378734588623047 0.7451858520507812 0.0 0.0 0.0 0.04288773983716965 0.9990798830986023
1654618303.4874246 2.4596023559570312 0.7521171569824219 0.0 0.0 0.0 0.047110460698604584 0.998889684677124
1654618303.587269 2.528400421142578 0.7426834106445312 0.0 0.0 0.0 0.05448117479681969 0.9985147714614868
1654618303.6871605 2.6055908203125 0.744903564453125 0.0 0.0 0.0 0.059734176844358444 0.9982143044471741
1654618303.7871344 2.6796875 0.7537651062011719 0.0 0.0 0.0 0.06632766872644424 0.9977979063987732
1654618303.887179 2.754810333251953 0.76251220703125 0.0 0.0 0.0 0.07154705375432968 0.9974372386932373
1654618303.9873033 2.833740234375 0.7641410827636719 0.0 0.0 0.0 0.07744967937469482 0.996996283531189
1654618304.0873926 2.89959716796875 0.7613525390625 0.0 0.0 0.0 0.08348290622234344 0.9965091943740845
1654618304.1875226 2.975910186767578 0.77020263671875 0.0 0.0 0.0 0.08787678182125092 0.9961313605308533
1654618304.287652 3.0410995483398438 0.78387451171875 0.0 0.0 0.0 0.09109418839216232 0.9958422780036926
1654618304.3876925 3.1020889282226562 0.786285400390625 0.0 0.0 0.0 0.10026173293590546 0.9949610829353333
1654618304.4876106 3.168060302734375 0.788238525390625 0.0 0.0 0.0 0.10658322274684906 0.9943037629127502
1654618304.5875103 3.234344482421875 0.7938346862792969 0.0 0.0 0.0 0.11896345019340515 0.9928986430168152
1654618304.6873047 3.2908096313476562 0.7981071472167969 0.0 0.0 0.0 0.13370381295681 0.9910213351249695
1654618304.7870293 3.3335342407226562 0.7944717407226562 0.0 0.0 0.0 0.15273049473762512 0.9882678985595703
1654618304.8867934 3.3873977661132812 0.8039321899414062 0.0 0.0 0.0 0.1727897971868515 0.9849587082862854
1654618304.986594 3.424701690673828 0.8112068176269531 0.0 0.0 0.0 0.19558991491794586 0.9806857705116272
1654618305.0864706 3.4639053344726562 0.8220596313476562 0.0 0.0 0.0 0.21880458295345306 0.9757686853408813
1654618305.1864243 3.505107879638672 0.8295097351074219 0.0 0.0 0.0 0.2448040097951889 0.9695726037025452
1654618305.286427 3.529460906982422 0.83343505859375 0.0 0.0 0.0 0.2702110707759857 0.9628010988235474
1654618305.386498 3.561717987060547 0.8346023559570312 0.0 0.0 0.0 0.29759445786476135 0.9546923637390137
1654618305.486667 3.585948944091797 0.8506050109863281 0.0 0.0 0.0 0.32583537697792053 0.9454265236854553
1654618305.5867937 3.608051300048828 0.8543472290039062 0.0 0.0 0.0 0.35681241750717163 0.9341760277748108
1654618305.6868818 3.627521514892578 0.8635787963867188 0.0 0.0 0.0 0.3887074291706085 0.9213612675666809
1654618305.7869983 3.656890869140625 0.8657760620117188 0.0 0.0 0.0 0.42049556970596313 0.9072945713996887
1654618305.8870525 3.675811767578125 0.8720016479492188 0.0 0.0 0.0 0.4520561099052429 0.8919894695281982
1654618305.9871542 3.696990966796875 0.8871231079101562 0.0 0.0 0.0 0.48260924220085144 0.8758357763290405
1654618306.0873203 3.7165603637695312 0.8978996276855469 0.0 0.0 0.0 0.5122697949409485 0.8588245511054993
1654618306.187526 3.7250747680664062 0.9109916687011719 0.0 0.0 0.0 0.5378479361534119 0.8430418372154236
1654618306.2877338 3.7486953735351562 0.9213752746582031 0.0 0.0 0.0 0.5627481341362 0.8266284465789795
1654618306.387938 3.776988983154297 0.9376754760742188 0.0 0.0 0.0 0.5863162875175476 0.810082197189331
1654618306.4880402 3.794788360595703 0.9479255676269531 0.0 0.0 0.0 0.6081087589263916 0.793853759765625
1654618306.5881574 3.8162307739257812 0.9654312133789062 0.0 0.0 0.0 0.6289376020431519 0.7774558067321777
1654618306.6882277 3.8185043334960938 0.9858169555664062 0.0 0.0 0.0 0.6455722451210022 0.7636992335319519
1654618306.788371 3.824298858642578 1.0167922973632812 0.0 0.0 0.0 0.658100426197052 0.7529301643371582
1654618306.8885424 3.8338241577148438 1.05633544921875 0.0 0.0 0.0 0.6679093837738037 0.7442426085472107
1654618306.9885967 3.8479080200195312 1.0959281921386719 0.0 0.0 0.0 0.6772605776786804 0.7357432246208191
1654618307.088601 3.85968017578125 1.1442489624023438 0.0 0.0 0.0 0.6850313544273376 0.7285135984420776
1654618307.1885712 3.870532989501953 1.1989555358886719 0.0 0.0 0.0 0.6897214651107788 0.7240747809410095
1654618307.2885008 3.8721237182617188 1.2585639953613281 0.0 0.0 0.0 0.695173442363739 0.7188420295715332
1654618307.388427 3.8690567016601562 1.3205070495605469 0.0 0.0 0.0 0.6970627903938293 0.7170100808143616
1654618307.4883766 3.879840850830078 1.3804130554199219 0.0 0.0 0.0 0.6973276734352112 0.7167524695396423
1654618307.5883083 3.884357452392578 1.4486312866210938 0.0 0.0 0.0 0.6976242661476135 0.7164638042449951
1654618307.6882246 3.89154052734375 1.5234260559082031 0.0 0.0 0.0 0.6955210566520691 0.7185057401657104
1654618307.7880852 3.886730194091797 1.5931892395019531 0.0 0.0 0.0 0.6940967440605164 0.7198817133903503
1654618307.8879328 3.9017562866210938 1.6668701171875 0.0 0.0 0.0 0.6948986649513245 0.7191076874732971
1654618307.9877615 3.909648895263672 1.7313461303710938 0.0 0.0 0.0 0.6948931813240051 0.7191129922866821
1654618308.0875506 3.9127120971679688 1.788818359375 0.0 0.0 0.0 0.6965208649635315 0.7175365090370178
1654618308.1873853 3.921131134033203 1.851837158203125 0.0 0.0 0.0 0.6987012624740601 0.715413510799408
1654618308.2871957 3.918567657470703 1.9107170104980469 0.0 0.0 0.0 0.7039555907249451 0.7102439403533936
1654618308.3870516 3.9337158203125 1.9720268249511719 0.0 0.0 0.0 0.7096730470657349 0.7045311331748962
1654618308.4869258 3.940418243408203 2.029621124267578 0.0 0.0 0.0 0.7175015807151794 0.6965568661689758
1654618308.5868309 3.9543228149414062 2.0809097290039062 0.0 0.0 0.0 0.7260603308677673 0.6876310110092163
1654618308.6867151 3.961566925048828 2.13580322265625 0.0 0.0 0.0 0.7379353642463684 0.6748714447021484
1654618308.7866287 3.9625778198242188 2.1881103515625 0.0 0.0 0.0 0.7521482706069946 0.6589938998222351
1654618308.8866262 3.9670791625976562 2.2381515502929688 0.0 0.0 0.0 0.7657544612884521 0.6431330442428589
1654618308.9867241 3.9733657836914062 2.282073974609375 0.0 0.0 0.0 0.7794029712677002 0.626522958278656
1654618309.0868459 3.9684219360351562 2.338245391845703 0.0 0.0 0.0 0.7949156761169434 0.6067199110984802
1654618309.186937 3.972057342529297 2.3805923461914062 0.0 0.0 0.0 0.8095324039459229 0.5870751738548279
1654618309.2869937 3.968341827392578 2.4229660034179688 0.0 0.0 0.0 0.8244474530220032 0.5659385323524475
1654618309.387078 3.962493896484375 2.451374053955078 0.0 0.0 0.0 0.8392025232315063 0.543819010257721
1654618309.4871964 3.9703750610351562 2.48553466796875 0.0 0.0 0.0 0.8539997339248657 0.5202733874320984
1654618309.587292 3.957794189453125 2.512409210205078 0.0 0.0 0.0 0.8673297166824341 0.49773404002189636
1654618309.6873379 3.950458526611328 2.5467529296875 0.0 0.0 0.0 0.881570041179657 0.472053200006485
1654618309.7873614 3.951000213623047 2.5796432495117188 0.0 0.0 0.0 0.8948438167572021 0.44637933373451233
1654618309.8872957 3.9413070678710938 2.606109619140625 0.0 0.0 0.0 0.9089166522026062 0.4169778823852539
1654618309.98724 3.9301223754882812 2.6281661987304688 0.0 0.0 0.0 0.9211409687995911 0.38922908902168274
1654618310.0872223 3.9093246459960938 2.6677017211914062 0.0 0.0 0.0 0.9341834783554077 0.35679301619529724
1654618310.1872075 3.8949966430664062 2.679645538330078 0.0 0.0 0.0 0.944170355796814 0.3294576406478882
1654618310.2872317 3.878570556640625 2.7122116088867188 0.0 0.0 0.0 0.9547430872917175 0.2974316477775574
1654618310.387289 3.846538543701172 2.726634979248047 0.0 0.0 0.0 0.9626975059509277 0.27057990431785583
1654618310.4874349 3.8282241821289062 2.7653121948242188 0.0 0.0 0.0 0.969957709312439 0.24327348172664642
1654618310.5876307 3.8096237182617188 2.7896499633789062 0.0 0.0 0.0 0.9759854078292847 0.21783579885959625
1654618310.6878235 3.776782989501953 2.809326171875 0.0 0.0 0.0 0.9806492328643799 0.19577300548553467
1654618310.7880182 3.748943328857422 2.834888458251953 0.0 0.0 0.0 0.9845114946365356 0.17532019317150116
1654618310.8882914 3.7105789184570312 2.848785400390625 0.0 0.0 0.0 0.9868197441101074 0.16182316839694977
1654618310.988525 3.6590347290039062 2.860076904296875 0.0 0.0 0.0 0.9889267683029175 0.14840413630008698
1654618311.088723 3.6144332885742188 2.883434295654297 0.0 0.0 0.0 0.9907646179199219 0.13559307157993317
1654618311.1888244 3.55291748046875 2.8996047973632812 0.0 0.0 0.0 0.9927908182144165 0.11985987424850464
1654618311.2889109 3.5173263549804688 2.9249038696289062 0.0 0.0 0.0 0.9946280121803284 0.10351364314556122
1654618311.3889756 3.4646377563476562 2.9378662109375 0.0 0.0 0.0 0.9957874417304993 0.09169158339500427
1654618311.4889975 3.402721405029297 2.954059600830078 0.0 0.0 0.0 0.9969317317008972 0.07827571034431458
1654618311.5889878 3.3391036987304688 2.9738540649414062 0.0 0.0 0.0 0.9979409575462341 0.06413913518190384
1654618311.6889205 3.293498992919922 2.9824142456054688 0.0 0.0 0.0 0.9985790848731995 0.0532895065844059
1654618311.7888606 3.2315902709960938 3.002582550048828 0.0 0.0 0.0 0.9991136789321899 0.04209378734230995
1654618311.888827 3.1617507934570312 3.0100631713867188 0.0 0.0 0.0 0.9993776082992554 0.03527667745947838
1654618311.9887493 3.0812911987304688 3.021198272705078 0.0 0.0 0.0 0.9997220635414124 0.023574866354465485
1654618312.0886722 3.0174484252929688 3.020343780517578 0.0 0.0 0.0 0.9998722076416016 0.015985360369086266
1654618312.1885424 2.946868896484375 3.023731231689453 0.0 0.0 0.0 0.9999485611915588 0.010143538936972618
1654618312.288435 2.883769989013672 3.0382614135742188 0.0 0.0 0.0 0.9999943971633911 0.0033429362811148167
1654618312.3883107 2.80645751953125 3.039012908935547 0.0 0.0 0.0 -0.9999955892562866 0.0029654023237526417
1654618312.4881227 2.7503662109375 3.042186737060547 0.0 0.0 0.0 -0.9999595880508423 0.008987977169454098
1654618312.5879736 2.664081573486328 3.047809600830078 0.0 0.0 0.0 -0.9998891949653625 0.014886858873069286
1654618312.687854 2.5688552856445312 3.063282012939453 0.0 0.0 0.0 -0.9997124671936035 0.023979704827070236
1654618312.7877421 2.5054931640625 3.061908721923828 0.0 0.0 0.0 -0.9995705485343933 0.02930312603712082
1654618312.8876398 2.4270706176757812 3.059429168701172 0.0 0.0 0.0 -0.9993137717247009 0.03704053536057472
1654618312.9875512 2.3619384765625 3.053558349609375 0.0 0.0 0.0 -0.9990601539611816 0.04334589093923569
1654618313.0875392 2.2778549194335938 3.049793243408203 0.0 0.0 0.0 -0.9988365173339844 0.04822452738881111
1654618313.1876218 2.206310272216797 3.0593795776367188 0.0 0.0 0.0 -0.9986861944198608 0.05124298110604286
1654618313.2878444 2.120697021484375 3.0596542358398438 0.0 0.0 0.0 -0.9987082481384277 0.05081164836883545
1654618313.3881266 2.04852294921875 3.047016143798828 0.0 0.0 0.0 -0.9988859295845032 0.04719025641679764
1654618313.4884455 1.9541397094726562 3.0453872680664062 0.0 0.0 0.0 -0.9990711212158203 0.04309232905507088
1654618313.588765 1.8617324829101562 3.0371627807617188 0.0 0.0 0.0 -0.9993286728858948 0.036635857075452805
1654618313.6889703 1.780548095703125 3.0329360961914062 0.0 0.0 0.0 -0.9995065331459045 0.03141072764992714
1654618313.7890213 1.7025260925292969 3.029644012451172 0.0 0.0 0.0 -0.9996627569198608 0.02596856839954853
1654618313.8889363 1.5966415405273438 3.028045654296875 0.0 0.0 0.0 -0.999759316444397 0.021938547492027283
1654618313.988699 1.5273666381835938 3.029308319091797 0.0 0.0 0.0 -0.9998500347137451 0.01731841266155243
1654618314.0884116 1.435821533203125 3.03125 0.0 0.0 0.0 -0.9999171495437622 0.012871700339019299
1654618314.188072 1.3383064270019531 3.030364990234375 0.0 0.0 0.0 -0.999937117099762 0.011215408332645893
1654618314.287704 1.253814697265625 3.0299758911132812 0.0 0.0 0.0 -0.9999361038208008 0.01130671612918377
1654618314.3873706 1.1816024780273438 3.032917022705078 0.0 0.0 0.0 -0.9999115467071533 0.013299267739057541
1654618314.4870903 1.0941696166992188 3.040203094482422 0.0 0.0 0.0 -0.9998757243156433 0.01576485112309456
1654618314.5869048 1.0067977905273438 3.037181854248047 0.0 0.0 0.0 -0.9998210668563843 0.018916746601462364
1654618314.6868103 0.9180831909179688 3.039409637451172 0.0 0.0 0.0 -0.9997426867485046 0.022684134542942047
1654618314.786858 0.8533096313476562 3.041675567626953 0.0 0.0 0.0 -0.9996726512908936 0.025584008544683456
1654618314.8868845 0.7774162292480469 3.0288009643554688 0.0 0.0 0.0 -0.9996799826622009 0.025296449661254883
1654618314.9869413 0.6919441223144531 3.036792755126953 0.0 0.0 0.0 -0.9993959665298462 0.03475235775113106
1654618315.0870414 0.6323318481445312 3.040882110595703 0.0 0.0 0.0 -0.9991405606269836 0.04145002365112305
1654618315.1870906 0.5863418579101562 3.03692626953125 0.0 0.0 0.0 -0.998779296875 0.04939531534910202
1654618315.2871268 0.518951416015625 3.041362762451172 0.0 0.0 0.0 -0.9980946183204651 0.061701852828264236
1654618315.3871396 0.46035003662109375 3.037883758544922 0.0 0.0 0.0 -0.997259795665741 0.07397916167974472
1654618315.4871185 0.41048431396484375 3.0433883666992188 0.0 0.0 0.0 -0.9956479668617249 0.09319419413805008
1654618315.5870383 0.34735870361328125 3.046051025390625 0.0 0.0 0.0 -0.9936466813087463 0.11254443973302841
1654618315.687062 0.2955436706542969 3.0401611328125 0.0 0.0 0.0 -0.990916907787323 0.134475439786911
1654618315.7870018 0.24944305419921875 3.03375244140625 0.0 0.0 0.0 -0.9872118830680847 0.15941357612609863
1654618315.8870003 0.21004486083984375 3.043781280517578 0.0 0.0 0.0 -0.9826326370239258 0.18556144833564758
1654618315.987064 0.17966842651367188 3.044921875 0.0 0.0 0.0 -0.9768966436386108 0.2137121707201004
1654618316.0871062 0.14588165283203125 3.039459228515625 0.0 0.0 0.0 -0.9702189564704895 0.24222956597805023
1654618316.187202 0.11207199096679688 3.039794921875 0.0 0.0 0.0 -0.9612228870391846 0.2757726013660431
1654618316.2872617 0.08492279052734375 3.038318634033203 0.0 0.0 0.0 -0.9513422250747681 0.30813637375831604
1654618316.3874116 0.061126708984375 3.0355453491210938 0.0 0.0 0.0 -0.9401322603225708 0.34080982208251953
1654618316.4875162 0.039783477783203125 3.022998809814453 0.0 0.0 0.0 -0.9293396472930908 0.3692259192466736
1654618316.587662 0.018421173095703125 3.01715087890625 0.0 0.0 0.0 -0.9151999354362488 0.40300002694129944
1654618316.687739 0.00927734375 3.005840301513672 0.0 0.0 0.0 -0.9006220698356628 0.43460312485694885
1654618316.7877872 -0.00046539306640625 2.9962387084960938 0.0 0.0 0.0 -0.8850257992744446 0.4655419886112213
1654618316.8879457 -0.019664764404296875 2.993427276611328 0.0 0.0 0.0 -0.8699674606323242 0.4931091368198395
1654618316.988136 -0.030963897705078125 2.995025634765625 0.0 0.0 0.0 -0.8547563552856445 0.519029438495636
1654618317.088226 -0.03000640869140625 2.989917755126953 0.0 0.0 0.0 -0.8384454846382141 0.5449854731559753
1654618317.1882863 -0.04740142822265625 2.979694366455078 0.0 0.0 0.0 -0.8222001791000366 0.5691984295845032
1654618317.2883441 -0.06134033203125 2.979412078857422 0.0 0.0 0.0 -0.8068179488182068 0.5908001065254211
1654618317.388324 -0.07876968383789062 2.983165740966797 0.0 0.0 0.0 -0.7924866080284119 0.6098892688751221
1654618317.4883351 -0.09259033203125 2.956378936767578 0.0 0.0 0.0 -0.7789360284805298 0.6271033883094788
1654618317.5883453 -0.09318923950195312 2.940929412841797 0.0 0.0 0.0 -0.7675192952156067 0.6410258412361145
1654618317.6883543 -0.10343170166015625 2.9313735961914062 0.0 0.0 0.0 -0.7553277611732483 0.6553471684455872
1654618317.788344 -0.10518646240234375 2.891284942626953 0.0 0.0 0.0 -0.7458178997039795 0.666149914264679
1654618317.8883767 -0.13380813598632812 2.8649673461914062 0.0 0.0 0.0 -0.7371600866317749 0.6757181286811829
1654618317.9884286 -0.13470458984375 2.826343536376953 0.0 0.0 0.0 -0.7311573028564453 0.6822088956832886
1654618318.0884118 -0.14830398559570312 2.7760238647460938 0.0 0.0 0.0 -0.7246695160865784 0.6890965700149536
1654618318.1883428 -0.14341354370117188 2.717815399169922 0.0 0.0 0.0 -0.7181833982467651 0.6958538889884949
1654618318.288261 -0.16768646240234375 2.666229248046875 0.0 0.0 0.0 -0.7116630673408508 0.7025209665298462
1654618318.3881981 -0.17032623291015625 2.610820770263672 0.0 0.0 0.0 -0.7048124670982361 0.7093936204910278
1654618318.4881444 -0.17635726928710938 2.540447235107422 0.0 0.0 0.0 -0.6990828514099121 0.7150406241416931
1654618318.5881188 -0.17766952514648438 2.48956298828125 0.0 0.0 0.0 -0.6928644180297852 0.7210678458213806
1654618318.688211 -0.17908096313476562 2.4197921752929688 0.0 0.0 0.0 -0.6902709007263184 0.7235510349273682
1654618318.7883763 -0.17612075805664062 2.338897705078125 0.0 0.0 0.0 -0.6915357112884521 0.7223422527313232
1654618318.8885431 -0.18268585205078125 2.26165771484375 0.0 0.0 0.0 -0.6912463307380676 0.7226191759109497
1654618318.9886465 -0.18306732177734375 2.1754531860351562 0.0 0.0 0.0 -0.6932566165924072 0.7206907868385315
1654618319.088656 -0.18188095092773438 2.0990066528320312 0.0 0.0 0.0 -0.6946437358856201 0.719353973865509
1654618319.1885653 -0.18654251098632812 2.029449462890625 0.0 0.0 0.0 -0.6951829195022583 0.7188329100608826
1654618319.2884047 -0.18570327758789062 1.95379638671875 0.0 0.0 0.0 -0.6958734393119812 0.7181644439697266
1654618319.388202 -0.18547439575195312 1.8882980346679688 0.0 0.0 0.0 -0.6954111456871033 0.7186120748519897
1654618319.4879808 -0.18837738037109375 1.8180351257324219 0.0 0.0 0.0 -0.6938960552215576 0.7200751304626465
1654618319.5878055 -0.18375396728515625 1.7434501647949219 0.0 0.0 0.0 -0.6929808259010315 0.720956027507782
1654618319.6876552 -0.19654083251953125 1.6682319641113281 0.0 0.0 0.0 -0.689315676689148 0.7244611382484436
1654618319.7875578 -0.20037460327148438 1.5966110229492188 0.0 0.0 0.0 -0.6869087219238281 0.7267436981201172
1654618319.8875117 -0.19640350341796875 1.5292282104492188 0.0 0.0 0.0 -0.6839853525161743 0.7294957041740417
1654618319.987546 -0.19202423095703125 1.4644546508789062 0.0 0.0 0.0 -0.6813604235649109 0.7319480776786804
1654618320.087624 -0.19156646728515625 1.3941764831542969 0.0 0.0 0.0 -0.6773071885108948 0.7357003688812256
1654618320.1877255 -0.196990966796875 1.3380661010742188 0.0 0.0 0.0 -0.6722177267074585 0.740353524684906
1654618320.287767 -0.19797515869140625 1.2767868041992188 0.0 0.0 0.0 -0.667259693145752 0.7448251843452454
1654618320.3877451 -0.19676971435546875 1.2284736633300781 0.0 0.0 0.0 -0.6593848466873169 0.7518056035041809
1654618320.4876733 -0.189178466796875 1.173431396484375 0.0 0.0 0.0 -0.6493642926216125 0.7604774832725525
1654618320.5875847 -0.19287109375 1.143707275390625 0.0 0.0 0.0 -0.6382299065589905 0.7698458433151245
1654618320.6874995 -0.18959808349609375 1.1055488586425781 0.0 0.0 0.0 -0.6259464621543884 0.7798660397529602
1654618320.7874024 -0.19432449340820312 1.072357177734375 0.0 0.0 0.0 -0.6121703386306763 0.7907258868217468
1654618320.8873513 -0.19152069091796875 1.0446395874023438 0.0 0.0 0.0 -0.5970608592033386 0.8021959662437439
1654618320.9873345 -0.19122695922851562 1.0148200988769531 0.0 0.0 0.0 -0.5792122483253479 0.815176784992218
1654618321.0873628 -0.18262481689453125 0.9771003723144531 0.0 0.0 0.0 -0.5632535219192505 0.8262841701507568
1654618321.1874726 -0.16481781005859375 0.9495773315429688 0.0 0.0 0.0 -0.5465496182441711 0.8374267220497131
1654618321.2875807 -0.16770172119140625 0.9257583618164062 0.0 0.0 0.0 -0.5289970636367798 0.8486236333847046
1654618321.387714 -0.14794158935546875 0.9003067016601562 0.0 0.0 0.0 -0.5123937726020813 0.858750581741333
1654618321.4878206 -0.13774871826171875 0.870086669921875 0.0 0.0 0.0 -0.4955492913722992 0.8685798048973083
1654618321.5879 -0.130706787109375 0.8397941589355469 0.0 0.0 0.0 -0.4775090217590332 0.878626823425293
1654618321.6878846 -0.12887191772460938 0.8190498352050781 0.0 0.0 0.0 -0.45622628927230835 0.8898637890815735
1654618321.7878695 -0.1217803955078125 0.8011970520019531 0.0 0.0 0.0 -0.43509408831596375 0.9003850221633911
1654618321.8878393 -0.1245880126953125 0.7816085815429688 0.0 0.0 0.0 -0.4117879867553711 0.9112796783447266
1654618321.987832 -0.11353302001953125 0.7632827758789062 0.0 0.0 0.0 -0.38823965191841125 0.9215584397315979
1654618322.0878313 -0.10675811767578125 0.7473030090332031 0.0 0.0 0.0 -0.36149632930755615 0.9323735237121582
1654618322.1877635 -0.10755157470703125 0.7251052856445312 0.0 0.0 0.0 -0.3329469859600067 0.9429455399513245
1654618322.2876287 -0.10848617553710938 0.7060432434082031 0.0 0.0 0.0 -0.3007427155971527 0.9537053108215332
1654618322.387508 -0.09996795654296875 0.7018928527832031 0.0 0.0 0.0 -0.26607203483581543 0.9639531373977661
1654618322.487521 -0.10782241821289062 0.6823959350585938 0.0 0.0 0.0 -0.23362179100513458 0.9723275303840637
1654618322.587643 -0.11226654052734375 0.679168701171875 0.0 0.0 0.0 -0.20433583855628967 0.9789008498191833
1654618322.6879208 -0.10337066650390625 0.6680107116699219 0.0 0.0 0.0 -0.17875275015830994 0.9838940501213074
1654618322.7882378 -0.109466552734375 0.6528816223144531 0.0 0.0 0.0 -0.1578177511692047 0.9874682426452637
1654618322.8884912 -0.11061859130859375 0.641143798828125 0.0 0.0 0.0 -0.13520514965057373 0.9908176064491272
1654618322.988551 -0.08814620971679688 0.6259994506835938 0.0 0.0 0.0 -0.11227644979953766 0.993677020072937
1654618323.0884726 -0.08673095703125 0.6191215515136719 0.0 0.0 0.0 -0.08688059449195862 0.996218740940094
1654618323.1883833 -0.07790374755859375 0.605926513671875 0.0 0.0 0.0 -0.061828404664993286 0.9980868101119995
1654618323.2883081 -0.042266845703125 0.6018753051757812 0.0 0.0 0.0 -0.0402822308242321 0.9991883635520935
1654618323.3882225 -0.03733062744140625 0.5875053405761719 0.0 0.0 0.0 -0.019486775621771812 0.9998100996017456
1654618323.4882007 -0.004795074462890625 0.5929794311523438 0.0 0.0 0.0 -0.002643018029630184 0.9999964833259583
1654618323.5882149 0.03145599365234375 0.5954360961914062 0.0 0.0 0.0 0.012982196174561977 0.9999157190322876
1654618323.688323 0.06813812255859375 0.5936813354492188 0.0 0.0 0.0 0.025166131556034088 0.9996832609176636
1654618323.7884266 0.10306549072265625 0.5971183776855469 0.0 0.0 0.0 0.03235749155282974 0.9994763731956482
1654618323.88864 0.16847610473632812 0.5911865234375 0.0 0.0 0.0 0.03550471365451813 0.9993695020675659
1654618323.9887488 0.23424148559570312 0.59515380859375 0.0 0.0 0.0 0.038101926445961 0.9992738366127014
1654618324.0888095 0.3032035827636719 0.5973091125488281 0.0 0.0 0.0 0.0367351695895195 0.9993250370025635
1654618324.1888216 0.36042022705078125 0.5929450988769531 0.0 0.0 0.0 0.033977579325437546 0.9994226098060608
1654618324.2886784 0.4600334167480469 0.5967597961425781 0.0 0.0 0.0 0.033588286489248276 0.9994357824325562
1654618324.388507 0.5226249694824219 0.5969772338867188 0.0 0.0 0.0 0.03339458629488945 0.9994422197341919
1654618324.4883027 0.5990219116210938 0.5969352722167969 0.0 0.0 0.0 0.032029081135988235 0.9994869232177734
1654618324.5880814 0.6898994445800781 0.5875320434570312 0.0 0.0 0.0 0.0342755988240242 0.9994124174118042
1654618324.6878545 0.7707748413085938 0.5948715209960938 0.0 0.0 0.0 0.03365909308195114 0.9994333982467651
1654618324.7876742 0.8481559753417969 0.5993576049804688 0.0 0.0 0.0 0.035440802574157715 0.9993717670440674
1654618324.8875265 0.9320259094238281 0.5963630676269531 0.0 0.0 0.0 0.0381259061396122 0.9992729425430298
1654618324.9874704 1.0060844421386719 0.5973014831542969 0.0 0.0 0.0 0.040196917951107025 0.9991917610168457
1654618325.0873992 1.075592041015625 0.6035575866699219 0.0 0.0 0.0 0.04530829191207886 0.9989730715751648
1654618325.187394 1.1498184204101562 0.613189697265625 0.0 0.0 0.0 0.047510288655757904 0.9988707304000854
1654618325.287459 1.2416610717773438 0.6243820190429688 0.0 0.0 0.0 0.050641342997550964 0.9987168908119202
1654618325.3875592 1.3127632141113281 0.6226081848144531 0.0 0.0 0.0 0.05465230345726013 0.9985054731369019
1654618325.4876688 1.3993148803710938 0.62548828125 0.0 0.0 0.0 0.058364953845739365 0.9982953071594238
1654618325.587824 1.4768142700195312 0.64849853515625 0.0 0.0 0.0 0.05670003592967987 0.9983912706375122
1654618325.6879869 1.5729789733886719 0.6489791870117188 0.0 0.0 0.0 0.05726016312837601 0.9983592629432678
1654618325.7881103 1.656524658203125 0.6551628112792969 0.0 0.0 0.0 0.05663315951824188 0.9983950257301331
1654618325.8882003 1.7484321594238281 0.6629753112792969 0.0 0.0 0.0 0.05591131001710892 0.9984357357025146
1654618325.9882185 1.8272209167480469 0.6760368347167969 0.0 0.0 0.0 0.051725972443819046 0.9986613392829895
1654618326.088222 1.9166679382324219 0.6829147338867188 0.0 0.0 0.0 0.05238637328147888 0.9986268877983093
1654618326.188158 2.0026626586914062 0.6880989074707031 0.0 0.0 0.0 0.050861191004514694 0.9987057447433472
1654618326.28806 2.0891342163085938 0.6925277709960938 0.0 0.0 0.0 0.05034799873828888 0.9987317323684692
1654618326.3879383 2.1812210083007812 0.6992874145507812 0.0 0.0 0.0 0.049035217612981796 0.9987970590591431
1654618326.4878135 2.2757568359375 0.6971359252929688 0.0 0.0 0.0 0.04820436239242554 0.9988374710083008
1654618326.587678 2.3512496948242188 0.6971359252929688 0.0 0.0 0.0 0.049420371651649475 0.9987780451774597
1654618326.6875374 2.4476242065429688 0.7043266296386719 0.0 0.0 0.0 0.05043911561369896 0.9987271428108215
1654618326.7873776 2.5255050659179688 0.7106437683105469 0.0 0.0 0.0 0.053974997252225876 0.998542308807373
1654618326.8873127 2.61773681640625 0.7181892395019531 0.0 0.0 0.0 0.05584080144762993 0.9984396696090698
1654618326.987281 2.693866729736328 0.7165107727050781 0.0 0.0 0.0 0.061815157532691956 0.9980875849723816
1654618327.0873387 2.785938262939453 0.7289047241210938 0.0 0.0 0.0 0.06431956589221954 0.9979293346405029
1654618327.1873662 2.8653640747070312 0.7343864440917969 0.0 0.0 0.0 0.06921207159757614 0.9976019859313965
1654618327.2873836 2.948272705078125 0.7356796264648438 0.0 0.0 0.0 0.07402577996253967 0.997256338596344
1654618327.387378 3.030487060546875 0.7384452819824219 0.0 0.0 0.0 0.08114790916442871 0.9967020750045776
1654618327.4873414 3.1091384887695312 0.7457695007324219 0.0 0.0 0.0 0.08972307294607162 0.9959667325019836
1654618327.587325 3.187347412109375 0.7580451965332031 0.0 0.0 0.0 0.10040873289108276 0.994946300983429
1654618327.6873293 3.260822296142578 0.7585029602050781 0.0 0.0 0.0 0.11410782486200333 0.9934683442115784
1654618327.7872646 3.3240127563476562 0.7618484497070312 0.0 0.0 0.0 0.13182008266448975 0.9912736415863037
1654618327.887156 3.3839492797851562 0.760223388671875 0.0 0.0 0.0 0.15381397306919098 0.9880998134613037
1654618327.9870546 3.4345626831054688 0.7725753784179688 0.0 0.0 0.0 0.177007794380188 0.9842094779014587
1654618328.086936 3.4769210815429688 0.7786865234375 0.0 0.0 0.0 0.20310962200164795 0.9791560173034668
1654618328.1868885 3.530139923095703 0.7822189331054688 0.0 0.0 0.0 0.23206277191638947 0.972700834274292
1654618328.2869852 3.5491867065429688 0.7852897644042969 0.0 0.0 0.0 0.25892698764801025 0.9658969044685364
1654618328.3870864 3.587879180908203 0.790069580078125 0.0 0.0 0.0 0.2898339629173279 0.9570769667625427
1654618328.4872487 3.6138534545898438 0.8093643188476562 0.0 0.0 0.0 0.31876885890960693 0.947832465171814
1654618328.5873876 3.637439727783203 0.8177566528320312 0.0 0.0 0.0 0.35065215826034546 0.9365057945251465
1654618328.6876156 3.665851593017578 0.8249435424804688 0.0 0.0 0.0 0.3801575303077698 0.9249217510223389
1654618328.7879033 3.6921768188476562 0.8418655395507812 0.0 0.0 0.0 0.4048027992248535 0.914404034614563
1654618328.8881748 3.713367462158203 0.8622856140136719 0.0 0.0 0.0 0.42853426933288574 0.9035255312919617
1654618328.9884262 3.7475509643554688 0.8714408874511719 0.0 0.0 0.0 0.45236441493034363 0.8918331861495972
1654618329.0886407 3.7654190063476562 0.89581298828125 0.0 0.0 0.0 0.4711948037147522 0.8820291757583618
1654618329.1887677 3.795185089111328 0.9248886108398438 0.0 0.0 0.0 0.4879775643348694 0.8728561401367188
1654618329.2887352 3.8302078247070312 0.9594612121582031 0.0 0.0 0.0 0.504862368106842 0.8631998300552368
1654618329.3885558 3.8624496459960938 1.0028266906738281 0.0 0.0 0.0 0.5218726396560669 0.8530234098434448
1654618329.488288 3.891204833984375 1.0426521301269531 0.0 0.0 0.0 0.5377280712127686 0.8431183099746704
1654618329.5880485 3.926227569580078 1.09271240234375 0.0 0.0 0.0 0.5526527762413025 0.8334116339683533
1654618329.6877677 3.9516983032226562 1.1420173645019531 0.0 0.0 0.0 0.5670372843742371 0.8236921429634094
1654618329.7874706 3.98687744140625 1.1951675415039062 0.0 0.0 0.0 0.5842896699905396 0.811545193195343
1654618329.887247 4.003334045410156 1.2503471374511719 0.0 0.0 0.0 0.5990894436836243 0.8006821274757385
1654618329.9870872 4.041069030761719 1.3109664916992188 0.0 0.0 0.0 0.6149153113365173 0.7885931134223938
1654618330.086905 4.073596954345703 1.371551513671875 0.0 0.0 0.0 0.6331077218055725 0.7740637063980103
1654618330.1867993 4.094032287597656 1.4432907104492188 0.0 0.0 0.0 0.6513546705245972 0.7587734460830688
1654618330.2867596 4.109901428222656 1.5042915344238281 0.0 0.0 0.0 0.6693342924118042 0.7429613471031189
1654618330.3868868 4.118793487548828 1.5703620910644531 0.0 0.0 0.0 0.6861647367477417 0.7274461984634399
1654618330.4870906 4.127952575683594 1.6351432800292969 0.0 0.0 0.0 0.7012791037559509 0.7128868103027344
1654618330.5873566 4.138774871826172 1.7102241516113281 0.0 0.0 0.0 0.7145972847938538 0.6995360255241394
1654618330.6876397 4.144062042236328 1.7873420715332031 0.0 0.0 0.0 0.7260335683822632 0.6876592636108398
1654618330.7879596 4.149921417236328 1.8695602416992188 0.0 0.0 0.0 0.7345641255378723 0.6785392761230469
1654618330.888237 4.147804260253906 1.9557304382324219 0.0 0.0 0.0 0.7423840761184692 0.6699745655059814
1654618330.988434 4.143257141113281 2.0246658325195312 0.0 0.0 0.0 0.7481694221496582 0.6635077595710754
1654618331.0885413 4.135978698730469 2.11029052734375 0.0 0.0 0.0 0.7534469962120056 0.6575086712837219
1654618331.1885107 4.134796142578125 2.197246551513672 0.0 0.0 0.0 0.7597087621688843 0.6502634882926941
1654618331.288337 4.136219024658203 2.271808624267578 0.0 0.0 0.0 0.7673830389976501 0.64118891954422
1654618331.3880029 4.130870819091797 2.3539810180664062 0.0 0.0 0.0 0.7770599126815796 0.6294266581535339
1654618331.4875581 4.121906280517578 2.4239501953125 0.0 0.0 0.0 0.7874833941459656 0.6163358688354492
1654618331.5870392 4.115100860595703 2.489856719970703 0.0 0.0 0.0 0.8012147545814514 0.5983769297599792
1654618331.6865683 4.102622985839844 2.550708770751953 0.0 0.0 0.0 0.815750777721405 0.5784035325050354
1654618331.7862356 4.104877471923828 2.595916748046875 0.0 0.0 0.0 0.8297877311706543 0.5580791234970093
1654618331.8860278 4.106529235839844 2.6314163208007812 0.0 0.0 0.0 0.843454897403717 0.5372000336647034
1654618331.9859219 4.111682891845703 2.665325164794922 0.0 0.0 0.0 0.8599646687507629 0.5103535652160645
1654618332.0860121 4.104351043701172 2.692699432373047 0.0 0.0 0.0 0.8738015294075012 0.48628273606300354
1654618332.186216 4.09722900390625 2.707958221435547 0.0 0.0 0.0 0.887542188167572 0.46072641015052795
1654618332.2864082 4.110130310058594 2.721385955810547 0.0 0.0 0.0 0.9032081365585327 0.4292028546333313
1654618332.386571 4.094757080078125 2.735309600830078 0.0 0.0 0.0 0.9201518893241882 0.3915615975856781
1654618332.4867496 4.096416473388672 2.737895965576172 0.0 0.0 0.0 0.9347656965255737 0.3552648723125458
1654618332.586919 4.106231689453125 2.7455368041992188 0.0 0.0 0.0 0.9483627676963806 0.3171877861022949
1654618332.687093 4.11761474609375 2.7530288696289062 0.0 0.0 0.0 0.961036741733551 0.2764206528663635
1654618332.787348 4.129783630371094 2.760272979736328 0.0 0.0 0.0 0.9707107543945312 0.24025128781795502
1654618332.8876643 4.127490997314453 2.7705612182617188 0.0 0.0 0.0 0.9784156084060669 0.2066469043493271
1654618332.9879673 4.12261962890625 2.780628204345703 0.0 0.0 0.0 0.9843818545341492 0.17604638636112213
1654618333.0882812 4.132984161376953 2.7857437133789062 0.0 0.0 0.0 0.9890279769897461 0.14772848784923553
1654618333.1884978 4.145011901855469 2.791217803955078 0.0 0.0 0.0 0.9924973845481873 0.12226568907499313
1654618333.2886426 4.143768310546875 2.801513671875 0.0 0.0 0.0 0.9949589371681213 0.10028340667486191
1654618333.3887284 4.143970489501953 2.808490753173828 0.0 0.0 0.0 0.9965116381645203 0.0834537148475647
1654618333.4887848 4.088592529296875 2.836772918701172 0.0 0.0 0.0 0.9977365732192993 0.06724365800619125
1654618333.588728 4.113780975341797 2.818286895751953 0.0 0.0 0.0 0.9983214735984802 0.057915881276130676
1654618333.6884487 4.088787078857422 2.8299789428710938 0.0 0.0 0.0 0.9990577101707458 0.04340174421668053
1654618333.7881238 4.061943054199219 2.841144561767578 0.0 0.0 0.0 0.9995500445365906 0.029995547607541084
1654618333.8878312 4.007549285888672 2.858062744140625 0.0 0.0 0.0 0.9998258352279663 0.01866275630891323
1654618333.9876297 3.9448165893554688 2.859912872314453 0.0 0.0 0.0 0.9999555349349976 0.009429032914340496
1654618334.0874898 3.887073516845703 2.8715438842773438 0.0 0.0 0.0 0.9999884366989136 0.00480323750525713
1654618334.187555 3.8120040893554688 2.8841629028320312 0.0 0.0 0.0 0.9999788999557495 0.006495028734207153
1654618334.2877126 3.6995010375976562 2.8919754028320312 0.0 0.0 0.0 0.9999394416809082 0.011006923392415047
1654618334.3878493 3.626720428466797 2.883525848388672 0.0 0.0 0.0 0.9998177886009216 0.019087541848421097
1654618334.487861 3.536590576171875 2.8851394653320312 0.0 0.0 0.0 0.9997234344482422 0.023516232147812843
1654618334.5878453 3.436534881591797 2.8953323364257812 0.0 0.0 0.0 0.9996033906936646 0.028160501271486282
1654618334.6876626 3.346637725830078 2.902263641357422 0.0 0.0 0.0 0.9995351433753967 0.030486702919006348
1654618334.7874541 3.252887725830078 2.907451629638672 0.0 0.0 0.0 0.9994969367980957 0.031715989112854004
1654618334.8871636 3.1716995239257812 2.916015625 0.0 0.0 0.0 0.9995319247245789 0.03059239313006401
1654618334.9868662 3.062541961669922 2.940074920654297 0.0 0.0 0.0 0.9996901750564575 0.024890907108783722
1654618335.0865753 2.991901397705078 2.9401626586914062 0.0 0.0 0.0 0.9998088479042053 0.019551537930965424
1654618335.1863687 2.895721435546875 2.9538040161132812 0.0 0.0 0.0 0.9999306201934814 0.011780302971601486
1654618335.286287 2.8240280151367188 2.954120635986328 0.0 0.0 0.0 0.9999933242797852 0.003651805454865098
1654618335.3863652 2.718597412109375 2.96624755859375 0.0 0.0 0.0 -0.9999921321868896 0.003960197791457176
1654618335.486557 2.6328353881835938 2.974212646484375 0.0 0.0 0.0 -0.9999305605888367 0.011783402413129807
1654618335.5868237 2.541767120361328 2.9731826782226562 0.0 0.0 0.0 -0.9998411536216736 0.01782449707388878
1654618335.687155 2.465167999267578 2.980205535888672 0.0 0.0 0.0 -0.9997587203979492 0.02196524292230606
1654618335.7874794 2.385986328125 2.973369598388672 0.0 0.0 0.0 -0.9997122287750244 0.023988643661141396
1654618335.8877676 2.273784637451172 2.975738525390625 0.0 0.0 0.0 -0.9996541142463684 0.0263000950217247
1654618335.9879367 2.1728134155273438 2.9789352416992188 0.0 0.0 0.0 -0.9995792508125305 0.029004991054534912
1654618336.088011 2.084606170654297 2.9742813110351562 0.0 0.0 0.0 -0.999567985534668 0.029392138123512268
1654618336.1879911 1.9931869506835938 2.9725875854492188 0.0 0.0 0.0 -0.9995707273483276 0.029297763481736183
1654618336.287889 1.8788223266601562 2.9846572875976562 0.0 0.0 0.0 -0.9995007514953613 0.03159541264176369
1654618336.3877466 1.797821044921875 2.9706497192382812 0.0 0.0 0.0 -0.9995262026786804 0.03077898547053337
1654618336.487568 1.710418701171875 2.9774169921875 0.0 0.0 0.0 -0.9994121789932251 0.03428259864449501
1654618336.587393 1.6050186157226562 2.9792251586914062 0.0 0.0 0.0 -0.9992298483848572 0.039239417761564255
1654618336.6872058 1.5248908996582031 2.9664688110351562 0.0 0.0 0.0 -0.9990764856338501 0.04296763241291046
1654618336.7870579 1.4230880737304688 2.9655380249023438 0.0 0.0 0.0 -0.9987031817436218 0.05091153457760811
1654618336.8869615 1.33441162109375 2.950031280517578 0.0 0.0 0.0 -0.9985480308532715 0.05386862903833389
1654618336.9869611 1.2344589233398438 2.964069366455078 0.0 0.0 0.0 -0.9980966448783875 0.061669014394283295
1654618337.0869863 1.1560173034667969 2.9544906616210938 0.0 0.0 0.0 -0.9978833198547363 0.06503026932477951
1654618337.1870122 1.0683517456054688 2.943492889404297 0.0 0.0 0.0 -0.9974390268325806 0.07152163237333298
1654618337.2870488 0.9790534973144531 2.941417694091797 0.0 0.0 0.0 -0.9966183304786682 0.08216984570026398
1654618337.3870842 0.8823623657226562 2.935718536376953 0.0 0.0 0.0 -0.9957125186920166 0.09250149130821228
1654618337.4871264 0.8082656860351562 2.915130615234375 0.0 0.0 0.0 -0.9947881698608398 0.101963110268116
1654618337.5871072 0.7262992858886719 2.914409637451172 0.0 0.0 0.0 -0.9935670495033264 0.1132454052567482
1654618337.6870322 0.6578903198242188 2.9095382690429688 0.0 0.0 0.0 -0.9915466904640198 0.12975040078163147
1654618337.7869432 0.5910148620605469 2.9060745239257812 0.0 0.0 0.0 -0.9892179369926453 0.14645078778266907
1654618337.8868117 0.5307693481445312 2.9020309448242188 0.0 0.0 0.0 -0.9849748611450195 0.17269791662693024
1654618337.9867218 0.4912910461425781 2.886302947998047 0.0 0.0 0.0 -0.9800376296043396 0.1988120973110199
1654618338.0866997 0.42224884033203125 2.8871994018554688 0.0 0.0 0.0 -0.9730657339096069 0.2305278182029724
1654618338.1867597 0.39090728759765625 2.875141143798828 0.0 0.0 0.0 -0.9651093482971191 0.2618470788002014
1654618338.28679 0.3490486145019531 2.8617019653320312 0.0 0.0 0.0 -0.9552394151687622 0.2958337366580963
1654618338.3868637 0.305267333984375 2.852924346923828 0.0 0.0 0.0 -0.9432582259178162 0.33206018805503845
1654618338.4869678 0.27072906494140625 2.840972900390625 0.0 0.0 0.0 -0.9303127527236938 0.36676716804504395
1654618338.5870016 0.23002243041992188 2.819019317626953 0.0 0.0 0.0 -0.9139435887336731 0.40584123134613037
1654618338.6870756 0.21061325073242188 2.797046661376953 0.0 0.0 0.0 -0.8940598964691162 0.4479474127292633
1654618338.7871203 0.18586349487304688 2.763355255126953 0.0 0.0 0.0 -0.8734980225563049 0.48682764172554016
1654618338.887389 0.15720748901367188 2.747303009033203 0.0 0.0 0.0 -0.8523921966552734 0.5229029655456543
1654618338.9878078 0.13963699340820312 2.7323379516601562 0.0 0.0 0.0 -0.8304528594017029 0.5570889115333557
1654618339.0882947 0.1116943359375 2.700103759765625 0.0 0.0 0.0 -0.8101239800453186 0.586258590221405
1654618339.1888387 0.08444976806640625 2.6740493774414062 0.0 0.0 0.0 -0.7929906249046326 0.6092337965965271
1654618339.289309 0.061901092529296875 2.6409683227539062 0.0 0.0 0.0 -0.776941180229187 0.6295731663703918
1654618339.3896043 0.053264617919921875 2.5931015014648438 0.0 0.0 0.0 -0.7635032534599304 0.6458039879798889
1654618339.4897525 0.02544403076171875 2.5427169799804688 0.0 0.0 0.0 -0.7503869533538818 0.6609988212585449
1654618339.589726 0.001972198486328125 2.4776382446289062 0.0 0.0 0.0 -0.7386393547058105 0.6741008162498474
1654618339.689575 -0.009296417236328125 2.4039535522460938 0.0 0.0 0.0 -0.7305128574371338 0.6828989386558533
1654618339.7892675 -0.020717620849609375 2.335479736328125 0.0 0.0 0.0 -0.7194977402687073 0.6944947838783264
1654618339.8889284 -0.02524566650390625 2.258502960205078 0.0 0.0 0.0 -0.7119742035865784 0.7022055983543396
1654618339.9885545 -0.03797149658203125 2.1857528686523438 0.0 0.0 0.0 -0.706688404083252 0.7075248956680298
1654618340.0881581 -0.04738616943359375 2.0960464477539062 0.0 0.0 0.0 -0.7003782391548157 0.7137719392776489
1654618340.1877005 -0.0558624267578125 2.0164566040039062 0.0 0.0 0.0 -0.6911917328834534 0.7226714491844177
1654618340.2872088 -0.06294631958007812 1.9460372924804688 0.0 0.0 0.0 -0.6803189516067505 0.7329161763191223
1654618340.3868082 -0.0702056884765625 1.8713264465332031 0.0 0.0 0.0 -0.6686659455299377 0.7435629367828369
1654618340.486561 -0.06949615478515625 1.7874336242675781 0.0 0.0 0.0 -0.6562545299530029 0.7545395493507385
1654618340.5864666 -0.06525421142578125 1.7241897583007812 0.0 0.0 0.0 -0.6444907784461975 0.764612078666687
1654618340.6865282 -0.059299468994140625 1.6607437133789062 0.0 0.0 0.0 -0.6347975134849548 0.7726784944534302
1654618340.7867398 -0.05658721923828125 1.5819816589355469 0.0 0.0 0.0 -0.6241186857223511 0.7813295722007751
1654618340.886996 -0.04821014404296875 1.5152397155761719 0.0 0.0 0.0 -0.6147624850273132 0.7887123227119446
1654618340.9872742 -0.052730560302734375 1.4429702758789062 0.0 0.0 0.0 -0.6033062934875488 0.7975095510482788
1654618341.0875294 -0.0275726318359375 1.3797607421875 0.0 0.0 0.0 -0.5951264500617981 0.8036320805549622
1654618341.18769 -0.02294921875 1.3255844116210938 0.0 0.0 0.0 -0.5822560787200928 0.8130054473876953
1654618341.2876825 -0.00589752197265625 1.2663383483886719 0.0 0.0 0.0 -0.5684717893600464 0.8227027654647827
1654618341.3875065 0.00119781494140625 1.2183837890625 0.0 0.0 0.0 -0.5457495450973511 0.8379483819007874
1654618341.4872308 0.016193389892578125 1.1681938171386719 0.0 0.0 0.0 -0.5246433019638062 0.8513221144676208
1654618341.5869262 0.035480499267578125 1.1324996948242188 0.0 0.0 0.0 -0.4987230896949768 0.8667613863945007
1654618341.6866 0.052459716796875 1.0945510864257812 0.0 0.0 0.0 -0.4677063226699829 0.8838838934898376
1654618341.7862957 0.06856536865234375 1.0653190612792969 0.0 0.0 0.0 -0.4330235421657562 0.9013826251029968
1654618341.8860667 0.068878173828125 1.050689697265625 0.0 0.0 0.0 -0.3935549259185791 0.9193010926246643
1654618341.9859867 0.06900787353515625 1.0283393859863281 0.0 0.0 0.0 -0.3526189923286438 0.9357669949531555
1654618342.0860848 0.0687255859375 0.9952812194824219 0.0 0.0 0.0 -0.3107808232307434 0.9504815936088562
1654618342.1862957 0.06944656372070312 0.98260498046875 0.0 0.0 0.0 -0.26712700724601746 0.9636613130569458
1654618342.2865937 0.054210662841796875 0.9618721008300781 0.0 0.0 0.0 -0.2233390510082245 0.9747408032417297
1654618342.3869977 0.04793548583984375 0.9531784057617188 0.0 0.0 0.0 -0.18312165141105652 0.9830902814865112
1654618342.4875143 0.046039581298828125 0.9557914733886719 0.0 0.0 0.0 -0.14857715368270874 0.9889008402824402
1654618342.5881686 0.041717529296875 0.9511642456054688 0.0 0.0 0.0 -0.12171735614538193 0.9925647974014282
1654618342.688833 0.08243942260742188 0.9430427551269531 0.0 0.0 0.0 -0.10454130172729492 0.9945205450057983
1654618342.7893555 0.122161865234375 0.9206962585449219 0.0 0.0 0.0 -0.0899379774928093 0.9959473609924316
1654618342.8895862 0.171844482421875 0.9041938781738281 0.0 0.0 0.0 -0.08039339631795883 0.9967632293701172
1654618342.9894774 0.23931121826171875 0.8922843933105469 0.0 0.0 0.0 -0.06986658275127411 0.9975563287734985
1654618343.0892506 0.3034248352050781 0.8661727905273438 0.0 0.0 0.0 -0.05874650180339813 0.9982729554176331
1654618343.1887991 0.3872184753417969 0.862579345703125 0.0 0.0 0.0 -0.04824615642428398 0.9988355040550232
1654618343.288301 0.45929718017578125 0.8449325561523438 0.0 0.0 0.0 -0.03582584485411644 0.999358057975769
1654618343.387801 0.5553054809570312 0.8291397094726562 0.0 0.0 0.0 -0.02454645372927189 0.9996986985206604
1654618343.4873855 0.6620712280273438 0.815948486328125 0.0 0.0 0.0 -0.013620106503367424 0.9999072551727295
1654618343.587058 0.7569046020507812 0.8106155395507812 0.0 0.0 0.0 -0.0028406663332134485 0.9999959468841553
1654618343.6868672 0.8556938171386719 0.8017692565917969 0.0 0.0 0.0 0.008578605018556118 0.9999632239341736
1654618343.786856 0.9348373413085938 0.7905960083007812 0.0 0.0 0.0 0.02100616693496704 0.9997793436050415
1654618343.8869205 1.0268135070800781 0.7904434204101562 0.0 0.0 0.0 0.03329155594110489 0.9994456768035889
1654618343.9870958 1.1349716186523438 0.7888870239257812 0.0 0.0 0.0 0.04343026131391525 0.9990564584732056
1654618344.0872931 1.2291145324707031 0.7917671203613281 0.0 0.0 0.0 0.05234970524907112 0.9986287951469421
1654618344.1875792 1.3287849426269531 0.8022651672363281 0.0 0.0 0.0 0.058795806020498276 0.9982700347900391
1654618344.2878776 1.437225341796875 0.8074874877929688 0.0 0.0 0.0 0.0640973374247551 0.997943639755249
1654618344.388202 1.5462760925292969 0.8191757202148438 0.0 0.0 0.0 0.0637541115283966 0.9979656338691711
1654618344.488474 1.6544876098632812 0.8372306823730469 0.0 0.0 0.0 0.062318768352270126 0.9980562925338745
1654618344.5886462 1.7668876647949219 0.8573074340820312 0.0 0.0 0.0 0.059462208300828934 0.9982305765151978
1654618344.68868 1.8647880554199219 0.8662490844726562 0.0 0.0 0.0 0.05841309577226639 0.9982925057411194
1654618344.7885911 1.9686355590820312 0.87774658203125 0.0 0.0 0.0 0.05688229948282242 0.9983808994293213
1654618344.888386 2.069324493408203 0.8797836303710938 0.0 0.0 0.0 0.05544304847717285 0.9984618425369263
1654618344.9881287 2.1770401000976562 0.888824462890625 0.0 0.0 0.0 0.05398432910442352 0.9985417723655701
1654618345.0878685 2.2734375 0.89813232421875 0.0 0.0 0.0 0.05624230578541756 0.9984171390533447
1654618345.1875825 2.371776580810547 0.89892578125 0.0 0.0 0.0 0.06073761358857155 0.9981537461280823
1654618345.287274 2.4692916870117188 0.9012985229492188 0.0 0.0 0.0 0.06486538797616959 0.9978940486907959
1654618345.3869894 2.5683059692382812 0.903472900390625 0.0 0.0 0.0 0.07254279404878616 0.9973652958869934
1654618345.4867861 2.6563034057617188 0.9144363403320312 0.0 0.0 0.0 0.07852715998888016 0.9969120025634766
1654618345.5866518 2.741352081298828 0.9228286743164062 0.0 0.0 0.0 0.08935417234897614 0.9959999322891235
1654618345.6866095 2.8278427124023438 0.9267768859863281 0.0 0.0 0.0 0.09718041121959686 0.9952667951583862
1654618345.7866616 2.907360076904297 0.9408683776855469 0.0 0.0 0.0 0.10580907016992569 0.9943864941596985
1654618345.8867655 2.9754714965820312 0.9370040893554688 0.0 0.0 0.0 0.11723402887582779 0.9931043386459351
1654618345.9868498 3.0388107299804688 0.9479598999023438 0.0 0.0 0.0 0.13121463358402252 0.9913539886474609
1654618346.0869079 3.101757049560547 0.9489631652832031 0.0 0.0 0.0 0.1464906483888626 0.9892120361328125
1654618346.18692 3.158905029296875 0.94659423828125 0.0 0.0 0.0 0.1644192487001419 0.9863905310630798
1654618346.2868676 3.2150650024414062 0.9681396484375 0.0 0.0 0.0 0.18490613996982574 0.9827561974525452
1654618346.3867362 3.256793975830078 0.9768791198730469 0.0 0.0 0.0 0.21100416779518127 0.977485179901123
1654618346.4866147 3.2954788208007812 0.9767570495605469 0.0 0.0 0.0 0.23731908202171326 0.9714317321777344
1654618346.586458 3.350475311279297 0.9909858703613281 0.0 0.0 0.0 0.2669362425804138 0.9637141823768616
1654618346.6862962 3.3762435913085938 0.9924507141113281 0.0 0.0 0.0 0.30062562227249146 0.9537422060966492
1654618346.7861454 3.4190750122070312 1.004364013671875 0.0 0.0 0.0 0.3357508182525635 0.9419508576393127
1654618346.8861558 3.44683837890625 1.0246696472167969 0.0 0.0 0.0 0.3711215853691101 0.9285842776298523
1654618346.9862185 3.464527130126953 1.0376815795898438 0.0 0.0 0.0 0.40332287549972534 0.9150577187538147
1654618347.0864003 3.4899673461914062 1.0562324523925781 0.0 0.0 0.0 0.4367055892944336 0.8996044993400574
1654618347.1866865 3.514678955078125 1.0660171508789062 0.0 0.0 0.0 0.4690941572189331 0.8831481337547302
1654618347.286958 3.5369338989257812 1.0886344909667969 0.0 0.0 0.0 0.5014775395393372 0.8651706576347351
1654618347.3871944 3.5633316040039062 1.1150321960449219 0.0 0.0 0.0 0.5331037044525146 0.8460499048233032
1654618347.4873655 3.5906600952148438 1.1389236450195312 0.0 0.0 0.0 0.5621407628059387 0.8270415663719177
1654618347.5875995 3.637683868408203 1.1744880676269531 0.0 0.0 0.0 0.5902450084686279 0.8072241544723511
1654618347.687831 3.635417938232422 1.2200088500976562 0.0 0.0 0.0 0.6128081679344177 0.7902317047119141
1654618347.7880597 3.6704177856445312 1.2709846496582031 0.0 0.0 0.0 0.6329018473625183 0.774232029914856
1654618347.8883114 3.683330535888672 1.3255424499511719 0.0 0.0 0.0 0.6463000178337097 0.7630833983421326
1654618347.9886022 3.7062606811523438 1.4065666198730469 0.0 0.0 0.0 0.6528804302215576 0.7574610114097595
1654618348.0888517 3.7313613891601562 1.47528076171875 0.0 0.0 0.0 0.6570514440536499 0.753845751285553
1654618348.1889372 3.745372772216797 1.5591850280761719 0.0 0.0 0.0 0.659422755241394 0.7517722845077515
1654618348.2888348 3.752246856689453 1.6621818542480469 0.0 0.0 0.0 0.6625427603721619 0.7490240931510925
1654618348.388578 3.773426055908203 1.7520561218261719 0.0 0.0 0.0 0.6641901731491089 0.7475636601448059
1654618348.4881873 3.789630889892578 1.8325080871582031 0.0 0.0 0.0 0.6672953963279724 0.744793176651001
1654618348.587715 3.8077011108398438 1.923431396484375 0.0 0.0 0.0 0.6727592349052429 0.7398614883422852
1654618348.6871748 3.813983917236328 2.0020980834960938 0.0 0.0 0.0 0.6802509427070618 0.7329792976379395
1654618348.7866518 3.8304443359375 2.087268829345703 0.0 0.0 0.0 0.6904267072677612 0.7234023213386536
1654618348.886198 3.8508834838867188 2.161731719970703 0.0 0.0 0.0 0.7026425004005432 0.711543083190918
1654618348.9859073 3.862781524658203 2.2442092895507812 0.0 0.0 0.0 0.7162754535675049 0.6978176236152649
1654618349.0857747 3.8772506713867188 2.310039520263672 0.0 0.0 0.0 0.7285543084144592 0.6849880218505859
1654618349.1857948 3.8770828247070312 2.3776321411132812 0.0 0.0 0.0 0.7426750063896179 0.6696520447731018
1654618349.2859604 3.877685546875 2.435596466064453 0.0 0.0 0.0 0.7573680281639099 0.6529882550239563
1654618349.386181 3.886035919189453 2.479248046875 0.0 0.0 0.0 0.7713802456855774 0.6363745331764221
1654618349.4864852 3.883647918701172 2.5119552612304688 0.0 0.0 0.0 0.7872223854064941 0.616669237613678
1654618349.5868137 3.8772964477539062 2.5550613403320312 0.0 0.0 0.0 0.8015488982200623 0.5979291796684265
1654618349.6870646 3.883983612060547 2.5775985717773438 0.0 0.0 0.0 0.8191202282905579 0.5736218690872192
1654618349.7871969 3.88824462890625 2.59381103515625 0.0 0.0 0.0 0.8362933993339539 0.5482822060585022
1654618349.8872437 3.9015579223632812 2.610198974609375 0.0 0.0 0.0 0.8558224439620972 0.5172697305679321
1654618349.987214 3.90179443359375 2.6356887817382812 0.0 0.0 0.0 0.8772299289703369 0.48007044196128845
1654618350.0871747 3.9146499633789062 2.6329574584960938 0.0 0.0 0.0 0.8964114785194397 0.4432227611541748
1654618350.1871116 3.9111862182617188 2.6478500366210938 0.0 0.0 0.0 0.9169602990150452 0.39897844195365906
1654618350.2871726 3.9158554077148438 2.65234375 0.0 0.0 0.0 0.9344394207000732 0.3561221957206726
1654618350.3873045 3.9231796264648438 2.6625900268554688 0.0 0.0 0.0 0.9490832090377808 0.3150255084037781
1654618350.4874806 3.9457778930664062 2.675617218017578 0.0 0.0 0.0 0.9621818661689758 0.27240779995918274
1654618350.587702 3.944244384765625 2.6911544799804688 0.0 0.0 0.0 0.9728211164474487 0.23155799508094788
1654618350.687943 3.927520751953125 2.6797714233398438 0.0 0.0 0.0 0.9805033206939697 0.1965024173259735
1654618350.7882454 3.917308807373047 2.700061798095703 0.0 0.0 0.0 0.9865073561668396 0.16371695697307587
1654618350.8885963 3.921985626220703 2.720684051513672 0.0 0.0 0.0 0.9906540513038635 0.13639864325523376
1654618350.988883 3.9170913696289062 2.7289199829101562 0.0 0.0 0.0 0.9934883117675781 0.11393412202596664
1654618351.0889423 3.8868408203125 2.750720977783203 0.0 0.0 0.0 0.9959407448768616 0.09001103788614273
1654618351.1887689 3.865436553955078 2.762908935546875 0.0 0.0 0.0 0.9978160858154297 0.06605338305234909
1654618351.2885146 3.818653106689453 2.780681610107422 0.0 0.0 0.0 0.9990515112876892 0.04354454204440117
1654618351.3882744 3.775745391845703 2.786937713623047 0.0 0.0 0.0 0.9996879696846008 0.024979334324598312
1654618351.4881237 3.729949951171875 2.794788360595703 0.0 0.0 0.0 0.9999181628227234 0.01279374398291111
1654618351.588082 3.6532516479492188 2.808208465576172 0.0 0.0 0.0 0.9999926090240479 0.003840274177491665
1654618351.68806 3.551189422607422 2.820831298828125 0.0 0.0 0.0 -0.9999937415122986 0.0035414183512330055
1654618351.7880352 3.4698867797851562 2.820159912109375 0.0 0.0 0.0 -0.9999706745147705 0.007659435737878084
1654618351.8880174 3.373607635498047 2.8180770874023438 0.0 0.0 0.0 -0.9999649524688721 0.008375264704227448
1654618351.9879963 3.291393280029297 2.8171463012695312 0.0 0.0 0.0 -0.9999454617500305 0.010443215258419514
1654618352.0878975 3.178302764892578 2.828125 0.0 0.0 0.0 -0.9998865723609924 0.015061242505908012
1654618352.1877642 3.097148895263672 2.8257980346679688 0.0 0.0 0.0 -0.9998522996902466 0.01718825474381447
1654618352.2876065 3.0036392211914062 2.814777374267578 0.0 0.0 0.0 -0.9997951984405518 0.020238643512129784
1654618352.387402 2.8969345092773438 2.830963134765625 0.0 0.0 0.0 -0.9995876550674438 0.02871471829712391
1654618352.487163 2.814617156982422 2.829242706298828 0.0 0.0 0.0 -0.9992921352386475 0.03761996701359749
1654618352.5870245 2.707080841064453 2.841716766357422 0.0 0.0 0.0 -0.9988609552383423 0.047716330736875534
1654618352.6869624 2.6343307495117188 2.834880828857422 0.0 0.0 0.0 -0.9984247088432312 0.05610756203532219
1654618352.787015 2.544696807861328 2.822906494140625 0.0 0.0 0.0 -0.9978413581848145 0.06567083299160004
1654618352.887118 2.463428497314453 2.820709228515625 0.0 0.0 0.0 -0.9972163438796997 0.07456226646900177
1654618352.9873104 2.3759231567382812 2.812213897705078 0.0 0.0 0.0 -0.9967146515846252 0.08099325001239777
1654618353.0875633 2.2787246704101562 2.7989578247070312 0.0 0.0 0.0 -0.9962472915649414 0.08655250817537308
1654618353.18782 2.1759262084960938 2.799945831298828 0.0 0.0 0.0 -0.9959700703620911 0.08968620002269745
1654618353.2880082 2.0855484008789062 2.7900009155273438 0.0 0.0 0.0 -0.9957960844039917 0.09159780293703079
1654618353.3881261 1.99273681640625 2.7678146362304688 0.0 0.0 0.0 -0.9958661198616028 0.09083317965269089
1654618353.4881587 1.9002494812011719 2.759868621826172 0.0 0.0 0.0 -0.9957281947135925 0.09233282506465912
1654618353.588119 1.8095016479492188 2.7506637573242188 0.0 0.0 0.0 -0.9955434203147888 0.09430424869060516
1654618353.6880336 1.7061996459960938 2.7489013671875 0.0 0.0 0.0 -0.9951595664024353 0.09827207773923874
1654618353.7878492 1.624237060546875 2.729583740234375 0.0 0.0 0.0 -0.9947901368141174 0.10194390267133713
1654618353.8876138 1.5486831665039062 2.71417236328125 0.0 0.0 0.0 -0.9941599369049072 0.10791650414466858
1654618353.987436 1.4607429504394531 2.7040939331054688 0.0 0.0 0.0 -0.9934121370315552 0.11459649354219437
1654618354.0872753 1.3882980346679688 2.689594268798828 0.0 0.0 0.0 -0.9922996759414673 0.12386029958724976
1654618354.1871643 1.3122673034667969 2.677936553955078 0.0 0.0 0.0 -0.9908928275108337 0.1346529871225357
1654618354.2871537 1.2316818237304688 2.6711044311523438 0.0 0.0 0.0 -0.9897788166999817 0.14261090755462646
1654618354.387294 1.1546134948730469 2.6504898071289062 0.0 0.0 0.0 -0.9888917207717896 0.1486375629901886
1654618354.4874678 1.06463623046875 2.6237869262695312 0.0 0.0 0.0 -0.9880421161651611 0.15418416261672974
1654618354.587682 0.9770584106445312 2.613292694091797 0.0 0.0 0.0 -0.9875775575637817 0.15713229775428772
1654618354.6878014 0.91217041015625 2.588909149169922 0.0 0.0 0.0 -0.9872395396232605 0.15924210846424103
1654618354.7878914 0.8440170288085938 2.5764846801757812 0.0 0.0 0.0 -0.9863807559013367 0.1644778996706009
1654618354.887926 0.8020439147949219 2.5615463256835938 0.0 0.0 0.0 -0.985703706741333 0.16848784685134888
1654618354.9879587 0.7338752746582031 2.5491714477539062 0.0 0.0 0.0 -0.9849832653999329 0.17264977097511292
1654618355.0879526 0.7113265991210938 2.5248031616210938 0.0 0.0 0.0 -0.9849389791488647 0.17290222644805908
1654618355.1878886 0.6720657348632812 2.5133132934570312 0.0 0.0 0.0 -0.9844943881034851 0.17541594803333282
1654618355.2877312 0.6264114379882812 2.5119247436523438 0.0 0.0 0.0 -0.9831531047821045 0.18278393149375916
1654618355.3875005 0.58770751953125 2.5064315795898438 0.0 0.0 0.0 -0.9813487529754639 0.1922357827425003
1654618355.4872205 0.5559616088867188 2.494548797607422 0.0 0.0 0.0 -0.9790229201316833 0.20375016331672668
1654618355.5868638 0.5165214538574219 2.492572784423828 0.0 0.0 0.0 -0.9750128984451294 0.2221483588218689
1654618355.6864913 0.4801139831542969 2.482715606689453 0.0 0.0 0.0 -0.9686920642852783 0.24826523661613464
1654618355.786153 0.4553642272949219 2.4752731323242188 0.0 0.0 0.0 -0.9606935381889343 0.27761110663414
1654618355.8859715 0.43621063232421875 2.4705886840820312 0.0 0.0 0.0 -0.9505733251571655 0.3105000853538513
1654618355.9858015 0.40602874755859375 2.4805068969726562 0.0 0.0 0.0 -0.9368578791618347 0.3497104048728943
1654618356.0858035 0.39728546142578125 2.476848602294922 0.0 0.0 0.0 -0.9221774935722351 0.3867669999599457
1654618356.1858735 0.3846435546875 2.466411590576172 0.0 0.0 0.0 -0.9050472378730774 0.42531099915504456
1654618356.2861779 0.37761688232421875 2.462188720703125 0.0 0.0 0.0 -0.8860873579978943 0.46351829171180725
1654618356.3866649 0.3484916687011719 2.472309112548828 0.0 0.0 0.0 -0.8659185171127319 0.5001850724220276
1654618356.4873934 0.347442626953125 2.4584121704101562 0.0 0.0 0.0 -0.851399302482605 0.5245181322097778
1654618356.5880404 0.3335380554199219 2.459339141845703 0.0 0.0 0.0 -0.8350210785865784 0.5502179861068726
1654618356.6885052 0.309539794921875 2.450145721435547 0.0 0.0 0.0 -0.8187695145606995 0.5741223692893982
1654618356.7887695 0.2964973449707031 2.440319061279297 0.0 0.0 0.0 -0.8026551008224487 0.5964434146881104
1654618356.8888052 0.2837028503417969 2.4200668334960938 0.0 0.0 0.0 -0.786893904209137 0.6170883178710938
1654618356.9886944 0.265869140625 2.3946609497070312 0.0 0.0 0.0 -0.7710990905761719 0.6367151141166687
1654618357.0884848 0.25560760498046875 2.362293243408203 0.0 0.0 0.0 -0.757672905921936 0.6526345014572144
1654618357.1882327 0.24409866333007812 2.3310470581054688 0.0 0.0 0.0 -0.74540114402771 0.6666162014007568
1654618357.287985 0.22136688232421875 2.281444549560547 0.0 0.0 0.0 -0.7339973449707031 0.6791523694992065
1654618357.3877487 0.21605300903320312 2.2258834838867188 0.0 0.0 0.0 -0.7262720465660095 0.687407374382019
1654618357.487499 0.21052169799804688 2.1541366577148438 0.0 0.0 0.0 -0.7187464237213135 0.6952723264694214
1654618357.5872643 0.19654464721679688 2.0824661254882812 0.0 0.0 0.0 -0.7117481231689453 0.7024347186088562
1654618357.6870959 0.18809127807617188 2.0171127319335938 0.0 0.0 0.0 -0.7071201205253601 0.7070934176445007
1654618357.787019 0.18183135986328125 1.942047119140625 0.0 0.0 0.0 -0.7039321064949036 0.7102672457695007
1654618357.8870134 0.18061447143554688 1.8675765991210938 0.0 0.0 0.0 -0.702286958694458 0.7118939757347107
1654618357.9870825 0.177581787109375 1.7945976257324219 0.0 0.0 0.0 -0.7028378248214722 0.7113500833511353
1654618358.087215 0.18892288208007812 1.7132453918457031 0.0 0.0 0.0 -0.7051193714141846 0.7090885639190674
1654618358.1873446 0.16986846923828125 1.6248550415039062 0.0 0.0 0.0 -0.7067265510559082 0.7074868083000183
1654618358.2873936 0.1761474609375 1.5444564819335938 0.0 0.0 0.0 -0.7095627188682556 0.7046422958374023
1654618358.3873293 0.16309356689453125 1.4651565551757812 0.0 0.0 0.0 -0.7101239562034607 0.7040767073631287
1654618358.487132 0.15209197998046875 1.3919601440429688 0.0 0.0 0.0 -0.7074143886566162 0.7067990303039551
1654618358.5868077 0.143218994140625 1.3258247375488281 0.0 0.0 0.0 -0.7017021775245667 0.7124704122543335
1654618358.6863945 0.13088226318359375 1.2602348327636719 0.0 0.0 0.0 -0.6917523145675659 0.7221348285675049
1654618358.7858744 0.12306976318359375 1.1902389526367188 0.0 0.0 0.0 -0.674902617931366 0.737906813621521
1654618358.8853376 0.11333465576171875 1.1438407897949219 0.0 0.0 0.0 -0.6515129208564758 0.758637547492981
1654618358.9848835 0.100494384765625 1.1115608215332031 0.0 0.0 0.0 -0.6208148002624512 0.7839572429656982
1654618359.0845594 0.09259796142578125 1.05126953125 0.0 0.0 0.0 -0.5885187387466431 0.8084836006164551
1654618359.184444 0.08780670166015625 1.0121383666992188 0.0 0.0 0.0 -0.5507552623748779 0.8346667885780334
1654618359.284569 0.109893798828125 1.0080337524414062 0.0 0.0 0.0 -0.5104900598526001 0.8598836660385132
1654618359.3848712 0.13258743286132812 1.0046195983886719 0.0 0.0 0.0 -0.4698498249053955 0.8827463984489441
1654618359.4854584 0.12781906127929688 0.9939765930175781 0.0 0.0 0.0 -0.4278671145439148 0.9038416743278503
1654618359.586213 0.11168289184570312 0.9760856628417969 0.0 0.0 0.0 -0.38635697960853577 0.9223493337631226
1654618359.6870296 0.10890579223632812 0.96435546875 0.0 0.0 0.0 -0.34494295716285706 0.9386236667633057
1654618359.787805 0.09940338134765625 0.9497756958007812 0.0 0.0 0.0 -0.30549532175064087 0.952193558216095
1654618359.8883784 0.10205078125 0.930511474609375 0.0 0.0 0.0 -0.26345565915107727 0.9646714925765991
1654618359.9887521 0.0972900390625 0.9169425964355469 0.0 0.0 0.0 -0.22351567447185516 0.9747003316879272
1654618360.0889552 0.0789794921875 0.9183235168457031 0.0 0.0 0.0 -0.18751338124275208 0.9822620749473572
1654618360.1890488 0.07161331176757812 0.9076614379882812 0.0 0.0 0.0 -0.15465699136257172 0.9879682064056396
1654618360.2890604 0.07230377197265625 0.9061050415039062 0.0 0.0 0.0 -0.1253402978181839 0.9921138286590576
1654618360.388985 0.07155227661132812 0.9015579223632812 0.0 0.0 0.0 -0.09908997267484665 0.9950785040855408
1654618360.4888468 0.05960845947265625 0.8959884643554688 0.0 0.0 0.0 -0.07569852471351624 0.9971307516098022
1654618360.5887096 0.060138702392578125 0.89739990234375 0.0 0.0 0.0 -0.05877054110169411 0.9982715249061584
1654618360.688538 0.05580902099609375 0.886932373046875 0.0 0.0 0.0 -0.04142211005091667 0.9991417527198792
1654618360.7883344 0.07440185546875 0.8853759765625 0.0 0.0 0.0 -0.030573999509215355 0.9995325207710266
1654618360.888137 0.049571990966796875 0.8803024291992188 0.0 0.0 0.0 -0.018432440236210823 0.9998301267623901
1654618360.9880068 0.061248779296875 0.8874130249023438 0.0 0.0 0.0 -0.013041754253208637 0.9999149441719055
1654618361.0879252 0.04952239990234375 0.8821220397949219 0.0 0.0 0.0 -0.007581312209367752 0.9999712705612183
1654618361.1878865 0.044780731201171875 0.8817825317382812 0.0 0.0 0.0 -0.0056418199092149734 0.999984085559845
1654618361.2878892 0.047199249267578125 0.88323974609375 0.0 0.0 0.0 -0.004808081313967705 0.9999884366989136
1654618361.387944 0.04962921142578125 0.8851242065429688 0.0 0.0 0.0 -0.006031388882547617 0.9999818205833435
1654618361.487986 0.05165863037109375 0.8866767883300781 0.0 0.0 0.0 -0.008354002609848976 0.9999651312828064
1654618361.5879612 0.06260299682617188 0.8943252563476562 0.0 0.0 0.0 -0.012714670971035957 0.9999191761016846
1654618361.6878507 0.06990432739257812 0.8925361633300781 0.0 0.0 0.0 -0.015326527878642082 0.9998825192451477
1654618361.7876878 0.056934356689453125 0.8875732421875 0.0 0.0 0.0 -0.015568255446851254 0.9998788237571716
1654618361.887518 0.06302642822265625 0.8887939453125 0.0 0.0 0.0 -0.014585128985345364 0.9998936057090759
1654618361.9873552 0.05400848388671875 0.8917350769042969 0.0 0.0 0.0 -0.014674525707960129 0.9998922944068909
1654618362.0872462 0.06104278564453125 0.8909988403320312 0.0 0.0 0.0 -0.01564096473157406 0.9998776912689209
1654618362.187212 0.05562591552734375 0.8878059387207031 0.0 0.0 0.0 -0.01473245583474636 0.999891459941864
1654618362.2872186 0.06172943115234375 0.8872261047363281 0.0 0.0 0.0 -0.015075740404427052 0.9998863339424133
1654618362.3872585 0.05370330810546875 0.8889389038085938 0.0 0.0 0.0 -0.015242137014865875 0.9998838305473328
1654618362.487332 0.050273895263671875 0.8888931274414062 0.0 0.0 0.0 -0.014325279742479324 0.9998973608016968
1654618362.5874226 0.06659698486328125 0.8881111145019531 0.0 0.0 0.0 -0.013782215304672718 0.9999050498008728
1654618362.687502 0.054901123046875 0.8856086730957031 0.0 0.0 0.0 -0.014215618371963501 0.9998989701271057
1654618362.7875676 0.06288528442382812 0.8896675109863281 0.0 0.0 0.0 -0.015379450283944607 0.9998817443847656
